5.991064554671592646e+01
5.717720045033044585e+01
5.452175194082141729e+01
5.194305013970934937e+01
4.943988550757399025e+01
4.701108747231181439e+01
4.465552301649042022e+01
4.237209522101888126e+01
4.015974176259130957e+01
3.801743336265180062e+01
3.594417218597071439e+01
3.393899018731895723e+01
3.200094740517882741e+01
3.012913020193556335e+01
2.832264945055397476e+01
2.658063866834918088e+01
2.490225209910723692e+01
2.328666274548298531e+01
2.173306035428539928e+01
2.024064935793395037e+01
1.880864677600568058e+01
1.743628008137262952e+01
1.612278503593497447e+01
1.486740350139445255e+01
1.366938123093685853e+01
1.252796564821603553e+01
1.144240362087020735e+01
1.041193923727578863e+01
9.435811597787060023e+00
8.513252635812339264e+00
7.643484990197577211e+00
6.825719958794575604e+00
6.059155573673478123e+00
5.342974850515361140e+00
4.676344276892081986e+00
4.058412614274467423e+00
3.488310093985514726e+00
2.965148084970095077e+00
2.488019298501690013e+00
2.055998569997898873e+00
1.668144220671094802e+00
1.323499953431505727e+00
1.021097182012419058e+00
7.599576353126885619e-01
5.390960273712323003e-01
3.575225445453594775e-01
2.142448820696368494e-01
1.082695672466018194e-01
3.860233853312841634e-02
4.247408124466538031e-03
4.205516514358312308e-03
3.747078431723951247e-02
1.030264706975375227e-01
1.998398493295308054e-01
3.268565022627936134e-01
4.829944009257039483e-01
6.671381853785314231e-01
8.781340641372408218e-01
1.114785736695159679e+00
1.375851691407320665e+00
1.660044157287550615e+00
1.966029895978138375e+00
2.292432917277001270e+00
2.637839096069267697e+00
3.000802567834885970e+00
3.379853690618185968e+00
3.773508288540719846e+00
4.180277839022523700e+00
4.598680234503756736e+00
5.027250739623179143e+00
5.464552775064651868e+00
5.909188187038552975e+00
6.359806703239675230e+00
6.815114328289578083e+00
7.273880490188919801e+00
7.734943810396682551e+00
8.197216430426003342e+00
8.659686884447109989e+00
9.121421558087568826e+00
9.581564816847082611e+00
1.003933792236184352e+01
1.049403688080343855e+01
1.094502938511731394e+01
1.139175102213007662e+01
1.183370091761343268e+01
1.227043698820978079e+01
1.270157095983091722e+01
1.312676329889346505e+01
1.354571818667294458e+01
1.395817864918144657e+01
1.436392193622039848e+01
1.476275522441680188e+01
1.515451170075755094e+01
1.553904706589101181e+01
1.591623648063046303e+01
1.628597196491117316e+01
1.664816024605784861e+01
1.700272104265715001e+01
1.734958576157674415e+01
1.768869657864665257e+01
