1.380937173071338127e-02
1.377806895520417886e-02
1.374607205338495772e-02
1.371338685254206748e-02
1.368002070262871496e-02
1.364598255923496137e-02
1.361128307058025178e-02
1.357593466894471169e-02
1.353995166690540215e-02
1.350335035888850822e-02
1.346614912844022738e-02
1.342836856177917829e-02
1.339003156813889373e-02
1.335116350750766012e-02
1.331179232641032870e-02
1.327194870239140935e-02
1.323166619798089687e-02
1.319098142495559248e-02
1.314993421983081355e-02
1.310856783160339184e-02
1.306692912291267973e-02
1.302506878590441522e-02
1.298304157433311304e-02
1.294090655356513325e-02
1.289872737038878607e-02
1.285657254481000628e-02
1.281451578621467177e-02
1.277263633654297618e-02
1.273101934332422289e-02
1.268975626548660314e-02
1.264894531502608506e-02
1.260869193738642716e-02
1.256910933320823029e-02
1.253031902351510116e-02
1.249245145972802465e-02
1.245564667879616241e-02
1.242005500246354081e-02
1.238583777818844621e-02
1.235316815746017455e-02
1.232223190571719168e-02
1.229322823629980591e-02
1.226637065969440540e-02
1.224188783852087938e-02
1.222002443862392485e-02
1.220104196766076156e-02
1.218521959447330279e-02
1.217285494604980998e-02
1.216426488361381855e-02
1.215978626559673266e-02
1.215977671315056005e-02
1.216461540294354153e-02
1.217470392266640708e-02
1.219046723637362203e-02
1.221235481967296657e-02
1.224084203832971271e-02
1.227643185794235342e-02
1.231965698665593752e-02
1.237108256666433204e-02
1.243130954373934151e-02
1.250097885586429029e-02
1.258077659274373789e-02
1.267144028656340404e-02
1.277376650106175869e-02
1.288861989085788619e-02
1.301694390645919200e-02
1.315977332289551029e-02
1.331824877280188973e-02
1.349363346850492376e-02
1.368733230379134622e-02
1.390091353500893558e-02
1.413613325404537366e-02
1.439496288245038606e-02
1.467961993657687821e-02
1.499260233715104737e-02
1.533672656183476465e-02
1.571516996399043714e-02
1.613151760249381672e-02
1.658981394247365307e-02
1.709461979166539136e-02
1.765107482701013669e-02
1.826496603633210453e-02
1.894280234518277289e-02
1.969189561390768950e-02
2.052044806939004595e-02
2.143764607535608019e-02
2.245375994065906475e-02
2.358024921487197195e-02
2.482987262454697600e-02
2.621680146466314962e-02
2.775673488388665650e-02
2.946701509884328690e-02
3.136674015532681103e-02
3.347687143950769939e-02
3.582033275085337587e-02
3.842209740186112998e-02
4.130925953188456512e-02
4.451108563449469868e-02
4.805904221850845759e-02
5.198679556379056516e-02
5.633017969656967106e-02
