8.528144590288649213e-03
8.410931203696025288e-03
8.291537830198501824e-03
8.169939135607227898e-03
8.046110486403315609e-03
7.920028074284671260e-03
7.791669057445231930e-03
7.661011721244736367e-03
7.528035661210180987e-03
7.392721991910071976e-03
7.255053585839799438e-03
7.115015347119293954e-03
6.972594525755050968e-03
6.827781079149873936e-03
6.680568088806864216e-03
6.530952241570133279e-03
6.378934386500444663e-03
6.224520180488512036e-03
6.067720838194181135e-03
5.908554004710666642e-03
5.747044772946243232e-03
5.583226871731025200e-03
5.417144055579772161e-03
5.248851732956428748e-03
5.078418876624107847e-03
4.905930267931040388e-03
4.731489136291962272e-03
4.555220266208469780e-03
4.377273656919074794e-03
4.197828834297248277e-03
4.017099930851793753e-03
3.835341667777077915e-03
3.652856392238023643e-03
3.470002343406825788e-03
3.287203340952129203e-03
3.104960108534574482e-03
2.923863460959013217e-03
2.744609594304162591e-03
2.568017721304087769e-03
2.395050286595413330e-03
2.226835974570052189e-03
2.064695684369534205e-03
1.910171588985812166e-03
1.765059317752262682e-03
1.631443203924952011e-03
1.511734424077474130e-03
1.408711728824363916e-03
1.325564332601846234e-03
1.265936404543217559e-03
1.233972495444026580e-03
1.234363161695266591e-03
1.272390019909630781e-03
1.353969498715849873e-03
1.485694656072702102e-03
1.674874606267472013e-03
1.929571348787732137e-03
2.258634102902914737e-03
2.671731611333880325e-03
3.179383261914520923e-03
3.792990261066455770e-03
4.524868447204204690e-03
5.388284626533939442e-03
6.397498519546047403e-03
7.567812500402150422e-03
8.915631275659488542e-03
1.045853347255462813e-02
1.221535678813973069e-02
1.420629789357693608e-02
1.645302770578642090e-02
1.897882194908549758e-02
2.180870615677662008e-02
2.496961343273757655e-02
2.849055243551487301e-02
3.240278219170373425e-02
3.673998952151227154e-02
4.153846409658182998e-02
4.683726547685769515e-02
5.267837591617809123e-02
5.910683231141366373e-02
6.617083042047294805e-02
7.392179441215471214e-02
8.241440495288353263e-02
9.170657939604087705e-02
1.018593982263163306e-01
1.129369727251838679e-01
1.250062498573207281e-01
1.381367516146800589e-01
1.524002474695747011e-01
1.678703601450282634e-01
1.846221065660717253e-01
2.027313775587298306e-01
2.222743615580999865e-01
2.433269192147871629e-01
2.659639172917069860e-01
2.902585315657457143e-01
3.162815295414376227e-01
3.441005446049227867e-01
3.737793537634242491e-01
4.053771713050706715e-01
4.389479705627234440e-01
