4.123151408835876719e-01
4.040702421365173214e-01
3.957280821910230117e-01
3.872890448084997939e-01
3.787547910922839378e-01
3.701265579771849668e-01
3.614038722647162638e-01
3.525851711231705599e-01
3.436698670395162969e-01
3.346603078879055726e-01
3.255614740949223096e-01
3.163783564084532429e-01
3.071136057310937528e-01
2.977671093553260206e-01
2.883374879848596417e-01
2.788249091964750681e-01
2.692332625228174292e-01
2.595700013429044217e-01
2.498438133270206862e-01
2.400612537769897525e-01
2.302246944554621200e-01
2.203338324394145398e-01
2.103900265136887660e-01
2.004005391234943978e-01
1.903796996094451188e-01
1.803454281828450467e-01
1.703130954174450762e-01
1.602918230293062518e-01
1.502870567068439744e-01
1.403081685916302557e-01
1.303753481815667636e-01
1.205198702125879762e-01
1.107767478890150092e-01
1.011756229468751961e-01
9.173829863540947094e-02
8.248594694748753731e-02
7.345020012078631866e-02
6.467835737296946663e-02
5.622762829946386515e-02
4.815325226913919066e-02
4.050158044754404579e-02
3.331479535321216906e-02
2.664271340599412563e-02
2.055033173305379629e-02
1.511386116795177502e-02
1.040921553525953405e-02
6.504537625899430714e-03
3.463867635067584272e-03
1.356905391905401190e-03
2.633969420610778522e-04
2.669165956674589518e-04
1.445275726272169346e-03
3.869320192457921873e-03
7.611514095678654883e-03
1.275266512162242724e-02
1.937659927310198676e-02
2.755736402299521770e-02
3.735357911409813852e-02
4.881651970941710411e-02
6.200224395055938670e-02
7.697428036562543874e-02
9.379507813298647301e-02
1.125159741348944892e-01
1.331743681311501892e-01
1.557980041241422142e-01
1.804113766275252384e-01
2.070401954561200963e-01
2.357122863505953514e-01
2.664551056011671415e-01
2.992914503057566566e-01
3.342365161294241771e-01
3.712994596320335905e-01
4.104891943937122867e-01
4.518200495391499483e-01
4.953128308755329057e-01
5.409909502735503750e-01
5.888754487418638162e-01
6.389835037062177037e-01
6.913317093132247404e-01
7.459412907270782656e-01
8.028415402976913917e-01
8.620692560040796870e-01
9.236646465802555994e-01
9.876666847326195375e-01
1.054109900494537344e+00
1.123023279142156383e+00
1.194431523330300671e+00
1.268356996587492347e+00
1.344821000993353000e+00
1.423844343231158049e+00
1.505446330603448235e+00
1.589642436893487165e+00
1.676441888654585544e+00
1.765845253591869390e+00
1.857842530172525208e+00
1.952412558242124785e+00
2.049523262624710185e+00
2.149132337509394031e+00
2.251188428810837028e+00
2.355632185088714969e+00
