7.873559834092290488e-04
7.788200126171489169e-04
7.700686677204432277e-04
7.611135710559274823e-04
7.519548400637177978e-04
7.425729415659991506e-04
7.329598798269655558e-04
7.231170462114102498e-04
7.130369617740584063e-04
7.027276125699576451e-04
6.921736438540429179e-04
6.813652050338316751e-04
6.702867338749141524e-04
6.589497007404779413e-04
6.473548208607011849e-04
6.354835375180295986e-04
6.233166248588002884e-04
6.108595246132817987e-04
5.981086736390831817e-04
5.850551252000615963e-04
5.716960276720721087e-04
5.580154901283332402e-04
5.440174366609855199e-04
5.296835936217328010e-04
5.150112517142348568e-04
4.999908162735551120e-04
4.846157187964978351e-04
4.688783552556400561e-04
4.527663664817695817e-04
4.362781085662759367e-04
4.194034903724491313e-04
4.021265141762438372e-04
3.844442819557916213e-04
3.663480374577465499e-04
3.478262201349369446e-04
3.288719660350898698e-04
3.094780588770663834e-04
2.896304350682435066e-04
2.693189664951141371e-04
2.485392635816144205e-04
2.272813486051662398e-04
2.055385893418312598e-04
1.832982044406331838e-04
1.605522922148586509e-04
1.372962497617763054e-04
1.135241722556767831e-04
8.922873994917087195e-05
6.440593994827479012e-05
3.905114862143236335e-05
1.315443915860819227e-05
1.328915538475040820e-05
4.026360236404822571e-05
6.777285482236281152e-05
9.582351166722668893e-05
1.244128273620272109e-04
1.535391255641170008e-04
1.832020309430203750e-04
2.133944497841410272e-04
2.441139290794212379e-04
2.753611237334150155e-04
3.071325863981602265e-04
3.394290694992595702e-04
3.722519282524623468e-04
4.056016138362415562e-04
4.394882918282074641e-04
4.739186698315913282e-04
5.089013384653391691e-04
5.444575385811641858e-04
5.806055066914503956e-04
6.173689291526168006e-04
6.547794128634017510e-04
6.928787510725389768e-04
7.316954538775481557e-04
7.712768394865718302e-04
8.116862846763456957e-04
8.529681645163646794e-04
8.951960537677092645e-04
9.384385113933908394e-04
9.827663568605145977e-04
1.028267701331880401e-03
1.075019256547105582e-03
1.123112215456939077e-03
1.172650771751716043e-03
1.223726282990693229e-03
1.276443152579306330e-03
1.330906738632919991e-03
1.387226832865588429e-03
1.445518898709933966e-03
1.505894185496788745e-03
1.568477078449026767e-03
1.633379566606908435e-03
1.700711842910694735e-03
1.770617352737262297e-03
1.843211269100570801e-03
1.918609540377827494e-03
1.996969021903838900e-03
2.078389370466561439e-03
2.163031687710185828e-03
2.251017663113395479e-03
2.342514898216995108e-03
