1.092606632592714959e+02
1.059369893046856106e+02
1.029474227307859024e+02
1.003012892177043938e+02
9.800366781119859638e+01
9.605503351000005807e+01
9.445101883711951984e+01
9.318231060881355177e+01
9.223469318223911273e+01
9.158924351475677383e+01
9.122267663637840940e+01
9.110783290084758335e+01
9.121429093595007487e+01
9.150908283471574123e+01
9.195748102994799922e+01
9.252381959332061001e+01
9.317230640525242791e+01
9.386777667447292117e+01
9.457633256666676402e+01
9.526580831720744413e+01
9.590599567389956803e+01
9.646856214436597554e+01
9.692659677072755642e+01
9.725372892347685649e+01
9.742279022949179534e+01
9.740403443301889297e+01
9.716300045651425421e+01
9.665820311287093602e+01
9.583896082316769593e+01
9.464380795229679677e+01
9.300006659568551015e+01
9.082523201564532656e+01
8.803081170161657099e+01
8.452910413459729000e+01
8.024307688006193473e+01
7.511900135834369507e+01
6.914086502699639425e+01
6.234490483682711215e+01
5.483203002828237516e+01
4.677559395448179203e+01
3.842208680877556048e+01
3.008294689054405424e+01
2.211681710995786432e+01
1.490306841326116505e+01
8.809016272323145103e+00
4.154639899449536600e+00
1.179447304298347321e+00
1.617222608132819900e-02
6.751635666234003796e-01
3.041755478363649345e+00
6.886890764648119223e+00
1.188923029581709834e+01
1.766534661065609058e+01
2.380370220981906826e+01
2.989810000609593033e+01
3.557709214444209067e+01
4.052717217646195991e+01
4.450905818984569606e+01
4.736758887813282826e+01
4.903638835727486622e+01
4.953838976222706947e+01
4.898266162905851928e+01
4.755709046577185006e+01
4.551579579517853347e+01
4.316012021046443436e+01
4.081288028416105362e+01
3.878719429026298116e+01
3.735317816101085242e+01
3.670743734863830099e+01
3.695088053087542335e+01
3.807950465690588260e+01
3.999048717409618803e+01
4.250272739598347016e+01
4.538781854311780961e+01
4.840525523826868692e+01
5.133512580089092125e+01
5.400270011364860068e+01
5.629174272943377844e+01
5.814624430103449271e+01
5.956272351182253288e+01
6.057671443818504997e+01
6.124733905293965108e+01
6.164317698468200035e+01
6.183142140637292528e+01
6.187101983597112564e+01
6.180948665165891498e+01
6.168249421754860151e+01
6.151518314535493914e+01
6.132425695060264559e+01
6.112019219520883695e+01
6.090917913745910539e+01
6.069463704822273087e+01
6.047829743535741898e+01
6.026092413180300156e+01
6.004276263432708305e+01
5.982380479768455217e+01
5.960393641341466520e+01
5.938301497456112799e+01
5.916090804244601742e+01
5.893751045284380297e+01
