2.444608912639307241e-01
2.386607561716190540e-01
2.328262993663505198e-01
2.269592989244390568e-01
2.210616591671905884e-01
2.151354188359372310e-01
2.091827602601753766e-01
2.032060196852698841e-01
1.972076988982187917e-01
1.911904782363657018e-01
1.851572309897940027e-01
1.791110391252845602e-01
1.730552101867353643e-01
1.669932951806221422e-01
1.609291072476719542e-01
1.548667409561326203e-01
1.488105921204417037e-01
1.427653781376531650e-01
1.367361589254801613e-01
1.307283586237579232e-01
1.247477882733099980e-01
1.188006697070219109e-01
1.128936608804957664e-01
1.070338828477348792e-01
1.012289485745459100e-01
9.548699380928629687e-02
8.981671032912739994e-02
8.422738207694781265e-02
7.872892501376491103e-02
7.333193193458062420e-02
6.804772401417369387e-02
6.288841143041212778e-02
5.786696600474622310e-02
5.299730932999489191e-02
4.829442022124778161e-02
4.377446537781924663e-02
3.945495667557633729e-02
3.535493724987537334e-02
3.149519618395113518e-02
2.789850795697525199e-02
2.458988781940594712e-02
2.159684827146945291e-02
1.894963535420220863e-02
1.668141681332597354e-02
1.482838736028693066e-02
1.342975141939309683e-02
1.252755201179901919e-02
1.216636033884635482e-02
1.239294452598565209e-02
1.325616456069639119e-02
1.480738093058213758e-02
1.710151488951845017e-02
2.019862125251142143e-02
2.416564471356026644e-02
2.907806949556455967e-02
3.502136675202076332e-02
4.209232527233484900e-02
5.040042874850669818e-02
6.006943528420082001e-02
7.123927626635309651e-02
8.406835796347569834e-02
9.873632973496151988e-02
1.154473727670604494e-01
1.344340540732044675e-01
1.559617734307295334e-01
1.803337975566599860e-01
2.078968170425310735e-01
2.390468667484758336e-01
2.742353072382991419e-01
3.139743604715890535e-01
3.588414161542756164e-01
4.094809709046202673e-01
4.666026392433647585e-01
5.309732167638153699e-01
6.034003570644426162e-01
6.847051862265536304e-01
7.756813569266217678e-01
8.770390016544588052e-01
9.893343440994332161e-01
1.112890316217317821e+00
1.247721896267666608e+00
1.393493234969770400e+00
1.549549246151404658e+00
1.715069227024719201e+00
1.889360149159881708e+00
2.072227798126911047e+00
2.264269901300422827e+00
2.466919643512754057e+00
2.682196185668867194e+00
2.912308167297907424e+00
3.159319831143772017e+00
3.424976314598370930e+00
3.710643901759067109e+00
4.017273464502884472e+00
4.345320217001312990e+00
4.694590640959287242e+00
5.064016161047486975e+00
5.451380521139687296e+00
5.853068961165427631e+00
6.263969730099343991e+00
