8.357015753821986692e+00
8.138601469273970324e+00
7.909330442100653613e+00
7.669521609246843674e+00
7.419763994513622229e+00
7.160911148073571653e+00
6.894044353201369546e+00
6.620425244523540087e+00
6.341435377231446680e+00
6.058516183920477971e+00
5.773122222070781184e+00
5.486673876704108999e+00
5.200532920566415918e+00
4.915975411469081457e+00
4.634184056903923654e+00
4.356237189340883553e+00
4.083110617271642262e+00
3.815675734482891102e+00
3.554706773051301116e+00
3.300882964317676471e+00
3.054798041471805448e+00
2.816964496681938268e+00
2.587822744051710533e+00
2.367747530689388924e+00
2.157055146866820650e+00
1.956010671468017437e+00
1.764833719547826085e+00
1.583703963079111876e+00
1.412765429957961283e+00
1.252129380612307719e+00
1.101875739847587576e+00
9.620528207207172944e-01
8.326752226251511457e-01
7.137199014218972293e-01
6.051205226713100016e-01
5.067604017680545914e-01
4.184646100904705346e-01
3.399921862115079518e-01
2.710298362180223464e-01
2.111890151229363077e-01
1.600087747372998526e-01
1.169670839106133342e-01
8.150326412633779327e-02
5.305362655428225160e-02
3.110164187859049134e-02
1.524388678115004558e-02
5.274097965040294364e-03
1.287398999389964376e-03
3.798660758719065150e-03
1.385116641923453233e-02
3.307828637636636010e-02
6.368949590541431172e-02
1.083805290413979161e-01
1.701964619264110246e-01
2.523874637482431127e-01
3.582855349376479204e-01
4.912093236804144225e-01
6.543878160839552427e-01
8.508871420015954312e-01
1.083525282504691711e+00
1.354763462532901697e+00
1.666568446545185989e+00
2.020246207317736520e+00
2.416254503014223953e+00
2.854009867961926794e+00
3.331713330873594003e+00
3.846228437645243137e+00
4.393053933799571986e+00
4.966439824377081536e+00
5.559695836159465721e+00
6.165729551131466479e+00
6.777819659751846970e+00
7.390571169862060863e+00
8.000916142902749328e+00
8.608936833690981061e+00
9.218241587884833166e+00
9.835665811724826568e+00
1.047022956673601080e+01
1.113156221539486346e+01
1.182828471216027744e+01
1.256681285420063965e+01
1.335064615174153779e+01
1.417988002643243739e+01
1.505072115808797051e+01
1.595502515423514822e+01
1.688007430494901939e+01
1.780888799666623257e+01
1.872131093703146476e+01
1.959596877756194644e+01
2.041292283445110556e+01
2.115651702101284926e+01
2.181760205336495773e+01
2.239429636186295980e+01
2.289093749827254243e+01
2.331573549081855745e+01
2.367822522098748550e+01
2.398745078065918435e+01
2.425115463308526031e+01
2.447569657295555245e+01
2.466628088559260590e+01
