7.522448038016945650e-03
7.435996998885373993e-03
7.347421698983317220e-03
7.256664779310455053e-03
7.163677369705257099e-03
7.068397169776679395e-03
6.970771203536729743e-03
6.870737851197654920e-03
6.768238070859206729e-03
6.663204763527548306e-03
6.555581777601656238e-03
6.445299187534529392e-03
6.332291266890117953e-03
6.216490637760391236e-03
6.097823969588429989e-03
5.976222650858309740e-03
5.851610695103657070e-03
5.723914204628257132e-03
5.593058014486736174e-03
5.458959484782802650e-03
5.321540465065830068e-03
5.180721385786615438e-03
5.036412270800223051e-03
4.888533948884071605e-03
4.736995892574902799e-03
4.581712032878824600e-03
4.422590352451920628e-03
4.259541865134321321e-03
4.092471242996960530e-03
3.921288065657611496e-03
3.745898184394086915e-03
3.566205476858950573e-03
3.382115253253499543e-03
3.193534994901820259e-03
3.000370133109002153e-03
2.802526624717043349e-03
2.599915569162371265e-03
2.392451569309679126e-03
2.180042415223953835e-03
1.962618072896724856e-03
1.740096314971049463e-03
1.512413578764208646e-03
1.279505124966846992e-03
1.041317386101832084e-03
7.978045263899015502e-04
5.489281660803602527e-04
2.946557870524651426e-04
3.496766677578380287e-05
2.301856520335639070e-04
5.008007447003181515e-04
7.769161667188921637e-04
1.058563813017655147e-03
1.345783427356124148e-03
1.638623986591932575e-03
1.937144152534135732e-03
2.241404147544565333e-03
2.551478045885283239e-03
2.867445521399810196e-03
3.189391237726347476e-03
3.517398384094545805e-03
3.851562228000737428e-03
4.191975164583597313e-03
4.538734958800037626e-03
4.891938451245915823e-03
5.251685238591846661e-03
5.618074551120278565e-03
5.991204258863836590e-03
6.371174084121741105e-03
6.758083652161053258e-03
7.152033936176242779e-03
7.553118818593151755e-03
7.961437733113712126e-03
8.377084656870894402e-03
8.800153883741588384e-03
9.230736473488394128e-03
9.668919721463159825e-03
1.011479101315375558e-02
1.056843445410397646e-02
1.102992747028990264e-02
1.149934575904639975e-02
1.197676122690446987e-02
1.246223948185789729e-02
1.295584132303718473e-02
1.345762463090746826e-02
1.396763909426833490e-02
1.448592896890838616e-02
1.501253333564132181e-02
1.554748436472846475e-02
1.609081090542048564e-02
1.664253259179903494e-02
1.720266430505148700e-02
1.777121825748052483e-02
1.834819803833056748e-02
1.893360334717649959e-02
1.952742759297038458e-02
2.012965792070819937e-02
2.074027007863681743e-02
2.135923304778058335e-02
2.198649695101812310e-02
2.262199288548893267e-02
