0.000000000000000000e+00
0.000000000000000000e+00
0.000000000000000000e+00
0.000000000000000000e+00
0.000000000000000000e+00
0.000000000000000000e+00
0.000000000000000000e+00
0.000000000000000000e+00
0.000000000000000000e+00
0.000000000000000000e+00
0.000000000000000000e+00
4.300603103128552139e-288
9.668756978213294698e-262
1.883061317276669383e-239
2.356980904968697752e-220
8.244129866308051365e-204
2.426518567716064079e-189
1.396353556516190793e-176
3.026591733124028611e-165
4.146557378168780297e-155
5.433312982508263647e-146
9.521281968086351995e-138
2.935740727022566403e-130
1.997796078696481662e-123
3.624207110415842309e-117
2.053989528475448140e-111
4.159133337039599267e-106
3.373545584298294277e-101
1.208968382799152281e-96
2.082966452291235036e-92
1.856479914935822485e-88
9.122985601880280136e-85
2.613714674972895986e-81
4.585130434218351271e-78
5.142918322076040437e-75
3.832447582779073938e-72
1.963117110643252838e-69
7.125489652260024103e-67
1.883162305281745047e-64
3.713302336385370568e-62
5.584286973633825686e-60
6.533034092133643570e-58
6.053229854020744343e-56
4.514871288632944242e-54
2.751113095973904320e-52
1.388112229951678363e-50
5.871287275076499258e-49
2.105327674486616466e-47
6.466384145063969180e-46
1.717397827883226507e-44
3.978606832800828306e-43
8.104535616031025500e-42
1.462447426411408964e-40
2.353761566903003570e-39
3.400394837058527424e-38
4.435423419422228060e-37
5.252321909504738888e-36
5.675227101022058146e-35
5.621908886114735630e-34
5.128221057791432147e-33
4.325318807589225974e-32
3.386155076893972910e-31
2.469414771426870692e-30
1.683223062174519633e-29
1.075772044315359226e-28
6.465705181220553005e-28
3.664685473100471819e-27
1.963896490849972496e-26
9.975406327051969080e-26
4.813707634315472581e-25
2.211644584955382493e-24
9.694676646377508394e-24
4.062372190054699447e-23
1.630249567230885154e-22
6.276431739823980763e-22
2.322051237882189372e-21
8.268167428335276783e-21
2.837710706650348441e-20
9.400658169837711691e-20
3.009945612565195598e-19
9.326511691931433068e-19
2.800030619137154554e-18
8.154295922436641478e-18
2.306022201037596918e-17
6.339345571911914217e-17
1.695737555193495862e-16
4.417895523972382531e-16
1.122032113400912114e-15
2.780358700086903598e-15
6.727565292893224521e-15
1.590803556250329749e-14
3.678762220992993416e-14
8.325766541304696488e-14
1.845361609516682392e-13
4.008281049620666968e-13
8.537425642827306495e-13
1.784222576084711984e-12
3.660790481056793419e-12
7.378101279398258019e-12
1.461465753013783006e-11
2.846610809703223942e-11
5.454755494366163867e-11
1.028807616181003771e-10
1.910736128692586797e-10
3.495934678706378347e-10
6.303809948409768386e-10
1.120712958039906102e-09
1.965191430868382349e-09
3.400133425543667538e-09
5.806616641072107838e-09
9.791206456593074762e-09
1.630720137124622555e-08
2.683440309464227678e-08
4.364232243046036837e-08
7.017081938788777179e-08
1.115739580454686594e-07
1.754879050330881929e-07
2.731026312404706869e-07
4.206406270813561229e-07
6.413744376172472355e-07
9.683491327047903208e-07
1.448016301504507111e-06
2.145033067795295744e-06
3.148532964911855263e-06
4.580234934801727362e-06
6.604821424578533306e-06
9.443085204118428297e-06
1.338841514894759937e-05
1.882726115142406825e-05
2.626428411566673809e-05
3.635295446303875641e-05
4.993240678206400869e-05
6.807138357858173174e-05
9.212010134636262285e-05
1.237708408476212018e-04
1.651279939114589333e-04
2.187881847604514381e-04
2.879309189456694400e-04
3.764199924467468155e-04
4.889156137999962123e-04
6.309968515046107326e-04
8.092936179287856056e-04
1.031626942641138004e-03
1.307155778639097158e-03
1.646528033642246725e-03
2.062032938077806941e-03
2.567751267499051183e-03
3.179699348927918483e-03
3.915962219717589003e-03
4.796810797912720581e-03
5.844797490177354102e-03
7.084824333255598447e-03
8.544177563401639600e-03
1.025252245964025644e-02
1.224185243294551896e-02
1.454638665263036958e-02
1.720241102682310355e-02
2.024805809349056879e-02
2.372302233302259547e-02
2.766820857658860641e-02
3.212531254224199745e-02
3.713633406113273777e-02
4.274302522950550187e-02
4.898627750146065940e-02
5.590545357929270487e-02
6.353767181373766448e-02
7.191705264274750320e-02
8.107393831902939829e-02
9.103409874742095231e-02
1.018179376182070522e-01
1.134397141297388417e-01
1.259067963962203496e-01
1.392189630939976719e-01
1.533677699801860028e-01
1.683359975988684420e-01
1.840971957610507692e-01
2.006153392452645623e-01
2.178446076284241417e-01
2.357293002453589026e-01
2.542038950259561947e-01
2.731932574174508188e-01
2.926130028219161017e-01
3.123700130293247668e-01
3.323631040749906451e-01
3.524838398712588083e-01
3.726174829341266093e-01
3.926440706232722233e-01
4.124396026146116556e-01
4.318773229007019654e-01
4.508290775344732659e-01
4.691667276600686720e-01
4.867635961722310278e-01
5.034959256751403434e-01
5.192443253465659492e-01
5.338951849596299537e-01
5.473420358568971134e-01
5.594868414794572642e-01
5.702412049424968599e-01
5.795274900799592954e-01
5.872798705675432718e-01
5.934453649872067915e-01
5.979850419607750656e-01
6.008760756415801874e-01
6.021188784006840100e-01
6.016938103071216570e-01
5.994571026087408550e-01
5.954631815273284667e-01
5.897660831897204581e-01
5.824289598490176578e-01
5.735265664994999568e-01
5.631451157549853814e-01
5.513813516139738358e-01
5.383412707849816181e-01
5.241386513801536973e-01
5.088934723880416122e-01
4.927302796518196470e-01
4.757765416816084336e-01
4.581610316129527960e-01
4.400122665698639746e-01
4.214570313144313518e-01
4.026190088767987452e-01
3.836175366974806100e-01
3.645665026600539704e-01
3.455733912910705086e-01
3.267384864259140209e-01
3.081542328611751591e-01
2.899047560087722464e-01
2.720655353971674351e-01
2.547032250803535902e-01
2.378756116509322949e-01
2.216316986294935565e-01
2.060119045244150349e-01
1.910483608165301495e-01
1.767652955024130168e-01
1.631794875992423066e-01
1.503007781362490358e-01
1.381326235898908128e-01
1.266726784156124164e-01
1.159133942400479983e-01
1.058426243553623747e-01
9.644422335513298805e-02
8.769863302440657205e-02
7.958344690468112381e-02
7.207394726131528817e-02
6.514360945491877442e-02
5.876456993342914908e-02
5.290805519684892849e-02
4.754477012607896680e-02
4.264524499982585287e-02
3.818014134246939389e-02
3.412051744829415478e-02
3.043805501426924062e-02
2.710524878813954514e-02
2.409556150683133877e-02
2.138354666972451523e-02
1.894494187115526584e-02
1.675673551635815939e-02
1.479720977514973994e-02
1.304596259827652677e-02
1.148391154256603840e-02
1.009328203244587788e-02
8.857582536012065591e-03
7.761568961848768107e-03
6.791200395593214277e-03
5.933588099271898918e-03
5.176939497271803789e-03
4.510498675129598865e-03
3.924484724952075586e-03
3.410029087258857443e-03
2.959112865682048902e-03
2.564504929939081038e-03
2.219701474929643495e-03
1.918867570328205768e-03
1.656781115897180273e-03
1.428779512856128255e-03
1.230709270702710651e-03
1.058878691414242993e-03
9.100137083804641942e-04
7.812169051003217809e-04
6.699296979881014420e-04
5.738976379854501386e-04
4.911387665449595732e-04
4.199149525048382595e-04
3.587061370732473695e-04
3.061874243369078707e-04
2.612089742230293667e-04
2.227786835328959478e-04
1.900476783753327601e-04
1.622986878268911572e-04
1.389374235492794993e-04
1.194871527785103319e-04
1.035867216029330269e-04
9.099236037155562068e-05
8.158368149027508151e-05
7.537435922405729316e-05
7.252805819347275329e-05
7.338024807311556267e-05
7.846660187471744114e-05
8.855871874606522970e-05
1.047079334576835307e-04
1.282979672569026469e-04
1.611071318854283470e-04
2.053807136666056452e-04
2.639140314319203475e-04
3.401464751885502845e-04
4.382665875206564554e-04
5.633279440674930942e-04
7.213752223786180267e-04
9.195794218147707337e-04
1.166380715561411621e-03
1.471636886962922721e-03
1.846774737248209775e-03
2.304941264594098389e-03
2.861150822854627556e-03
3.532423892600685452e-03
4.337912560284759751e-03
5.299007328164973170e-03
6.439419493987778680e-03
7.785233071423173709e-03
9.364920095099257130e-03
1.120931319106798808e-02
1.335152951482493008e-02
1.582684058053481987e-02
1.867248313752756933e-02
2.192740709783653000e-02
2.563195757895083207e-02
2.982748938889338147e-02
3.455591372823055285e-02
3.985917848979651790e-02
4.577868526842660685e-02
5.235464800949489461e-02
5.962540008026973037e-02
6.762665839098119802e-02
7.639075496862854364e-02
8.594584803996747902e-02
9.631512615500646690e-02
1.075160201249400066e-01
1.195594385090781447e-01
1.324490430201484825e-01
1.461805804900166150e-01
1.607412879212249956e-01
1.761093866269459740e-01
1.922536805272704041e-01
2.091332723294695439e-01
2.266974095921606425e-01
2.448854705880392502e-01
2.636270974781805831e-01
2.828424816441353351e-01
3.024428031521295135e-01
3.223308233140264600e-01
3.424016262349885431e-01
3.625435021739709662e-01
3.826389625677721895e-01
4.025658737592023861e-01
4.221986938992925986e-01
4.414097952331471619e-01
4.600708520952853098e-01
4.780542734953721618e-01
4.952346582302624145e-01
5.114902500796310036e-01
5.267043709160275089e-01
5.407668106230514304e-01
5.535751548247297427e-01
5.650360351279488658e-01
5.750662931176389048e-01
5.835940618726770390e-01
5.905597961880835189e-01
5.959173543841175258e-01
5.996354732218855954e-01
6.017011547203829913e-01
6.021350679425477859e-01
6.007997974407900399e-01
5.976791290666906287e-01
5.928275079995209973e-01
5.863028430653330902e-01
5.781740142050376674e-01
5.685215808326554709e-01
5.574371575722880667e-01
5.450222831708303461e-01
5.313870322921531164e-01
5.166484815321126245e-01
5.009290961792212116e-01
4.843550862089957554e-01
4.670547709545309067e-01
4.491569861043442358e-01
4.307895620574935247e-01
4.120778984179074289e-01
3.931436552434298126e-01
3.741035775044199707e-01
3.550684650713134549e-01
3.361422965012573760e-01
3.174215110062028056e-01
2.989944493343162923e-01
2.809409509516173631e-01
2.633321019279929454e-01
2.462301253534676104e-01
2.296884039644780939e-01
2.137516229587307637e-01
1.984560197197467180e-01
1.838297263448035734e-01
1.698931904482212651e-01
1.566596596623497650e-01
1.441357155411169544e-01
1.323218431407567619e-01
1.212130233616232344e-01
1.107993361352860168e-01
1.010665636845671927e-01
9.199678432491167901e-02
8.356894857094396278e-02
7.575943062376047643e-02
6.854254960850987566e-02
6.189105617939631709e-02
5.577658128682230071e-02
5.017004499048616228e-02
4.504202418941609387e-02
4.036307901631834560e-02
3.610403840451447549e-02
3.223624598018450665e-02
2.873176796280062575e-02
2.556356517724505881e-02
2.270563159901548694e-02
2.013310207748613898e-02
1.782233202080858378e-02
1.575095188976054564e-02
1.389789934697416816e-02
1.224343185268443601e-02
1.076912239831878844e-02
9.457840934213725820e-03
8.293723886097241829e-03
7.262133974518939113e-03
6.349612359068870261e-03
5.543824931004366630e-03
4.833504378921518914e-03
4.208389456606774839e-03
3.659162693590760872e-03
3.177387609860741601e-03
2.755446328630039351e-03
2.386478326360104776e-03
2.064320918201449900e-03
1.783451950028116855e-03
1.538935055269221664e-03
1.326367735472567351e-03
1.141832437410689660e-03
9.818507258168844998e-04
8.433405886524133121e-04
7.235768602061925982e-04
6.201547053204501964e-04
5.309560746150721131e-04
4.541190147586628861e-04
3.880096986468979073e-04
3.311970268910406439e-04
2.824296434435089802e-04
2.406152037114663825e-04
2.048017324245884061e-04
1.741609101922638435e-04
1.479731315432900420e-04
1.256141827924742388e-04
1.065433948943955846e-04
9.029313415741266140e-05
7.645950199071868138e-05
6.469412348530692819e-05
5.469691337398683559e-05
4.620971660528833754e-05
3.901072926654976415e-05
3.290961379919656813e-05
2.774323028776024770e-05
2.337191301957484453e-05
1.967622846954678137e-05
1.655415734460245652e-05
1.391864931878616727e-05
1.169550460602294534e-05
9.821541564568119723e-06
8.243014122373211911e-06
6.914246977568920118e-06
5.796460287464600901e-06
4.856758939216049356e-06
4.067264522871235065e-06
3.404370830320194366e-06
2.848106108836705096e-06
2.381587431726471391e-06
1.990554436276186890e-06
1.662971344603819956e-06
1.388687648536177594e-06
1.159149126117631442e-06
9.671519840239135651e-07
8.066339046760573263e-07
6.724966353243895737e-07
5.604555034166399655e-07
4.669118913747111439e-07
3.888452663461560257e-07
3.237218471913678967e-07
2.694174113925821075e-07
2.241521071479208828e-07
1.864354481042033419e-07
1.550199365768309464e-07
1.288619915066555895e-07
1.070890549092349417e-07
8.897191964610032905e-08
7.390146589183164679e-08
6.136911708603291085e-08
5.095043140469027769e-08
4.229133442910485811e-08
3.509657495777190039e-08
2.912005072138075931e-08
2.415670578414543387e-08
2.003574807685377484e-08
1.661497503923857184e-08
1.377602880854431051e-08
1.142043068394482864e-08
9.466268498904205474e-09
7.845430709292887886e-09
6.501298020705590177e-09
5.386817717238461653e-09
4.462897927517117351e-09
3.697069222127299851e-09
3.062369477286825881e-09
2.536415115082266905e-09
2.100627854940172169e-09
1.739591165518044716e-09
1.440514844274689571e-09
1.192789703278050470e-09
9.876173138365432540e-10
8.177022516830854573e-10
6.769963665875771216e-10
5.604863410287166824e-10
4.640172571326657378e-10
3.841461059195267265e-10
3.180201870096478620e-10
2.632761930981130433e-10
2.179564792040637568e-10
1.804396050013579437e-10
1.493827287625849961e-10
1.236738397844524145e-10
1.023921561561895215e-10
8.477529771647460724e-11
7.019207949299969371e-11
5.811996674975234718e-11
4.812639559253972881e-11
3.985329842302103837e-11
3.300428599103722809e-11
2.733403121514320344e-11
2.263947752361556478e-11
1.875255888071594200e-11
1.553417212758892734e-11
1.286918663381692591e-11
1.066231306402492097e-11
8.834683594878971006e-12
7.321021236600147600e-12
6.067296905373944482e-12
5.028790294785119591e-12
4.168485017194531180e-12
3.455740437749131034e-12
2.865192526241737924e-12
2.375844255452870051e-12
1.970312869499772736e-12
1.634206973186040002e-12
1.355611053393156585e-12
1.124658902054345609e-12
9.331806047315090618e-13
7.744104032940797355e-13
6.427449301749857613e-13
5.335431234641037745e-13
4.429606315784500999e-13
3.678127571732461505e-13
3.054610168507867254e-13
2.537192429564713818e-13
2.107758568565886659e-13
1.751295248501122481e-13
1.455358892049231982e-13
1.209634650521792715e-13
1.005571233599320475e-13
8.360785280600136804e-14
6.952771890169222523e-14
5.782912530917531798e-14
4.810763667057161561e-14
4.002774999001013890e-14
3.331110728443394885e-14
2.772672965293467544e-14
2.308292525863495019e-14
1.922058357789235118e-14
1.600761780494276496e-14
1.333435828962812733e-14
1.110973380692854175e-14
9.258105530092527165e-15
7.716641813833582737e-15
6.433141125438895427e-15
5.364226380594433374e-15
4.473847118751507355e-15
3.732036862731004474e-15
3.113882040102300323e-15
2.598666323268825763e-15
2.169160438855654556e-15
1.811032626427946792e-15
1.512359175052357227e-15
1.263217985398072044e-15
1.055351020463452917e-15
8.818839234619582162e-16
7.370930828670665930e-16
6.162120832419971718e-16
5.152708551588914099e-16
4.309619769918370495e-16
3.605295260101205624e-16
3.016766594169708152e-16
2.524887554465822581e-16
2.113694832608467442e-16
1.769876171549582330e-16
1.482327812071384130e-16
1.241786180120982328e-16
1.040521303089312383e-16
8.720815608981166398e-17
7.310811356268194653e-17
6.130229827755735248e-17
5.141513590029632100e-17
4.313289474689980297e-17
3.619344577289579486e-17
3.037772714546218425e-17
2.550262821517674825e-17
2.141505564419729496e-17
1.798698429263731435e-17
1.511132858749065229e-17
1.269849763769798784e-17
1.067352026001742955e-17
8.973645127853952656e-18
7.546337100403562948e-18
6.347603973195351155e-18
5.340598862393199510e-18
4.494452567064249814e-18
3.783297855852604601e-18
3.185453954524049907e-18
2.682744782584101621e-18
2.259928878399186397e-18
1.904222610737624189e-18
1.604901323267399445e-18
1.352965599467150038e-18
1.140861953591706699e-18
9.622490194719827090e-19
8.118017818307151918e-19
6.850476233915228897e-19
5.782289860846829807e-19
4.881883000151562038e-19
4.122715477841838730e-19
3.482474277589681206e-19
2.942395775468218702e-19
2.486697345633810265e-19
2.102100577842350522e-19
1.777431248647976602e-19
1.503283612468916283e-19
1.271738605179410431e-19
1.076127247149131495e-19
9.108319494712308894e-20
7.711196121890750100e-20
6.530013947718608200e-20
5.531148687195364103e-20
4.686249565602544755e-20
3.971406428133747557e-20
3.366449292494866327e-20
2.854359144556000869e-20
2.420772192320584311e-20
2.053562655083497904e-20
1.742491562950058627e-20
1.478911052339277311e-20
1.255515328802395476e-20
1.066130882227803627e-20
9.055397254180338686e-21
7.693304220599054869e-21
6.537725051726515762e-21
5.557105880935943112e-21
4.724750586091610469e-21
4.018067411083586237e-21
3.417933268215434272e-21
2.908157210442309218e-21
2.475027494048143813e-21
2.106929116582839420e-21
1.794020786752783602e-21
1.527962025343011304e-21
1.301682561880704631e-21
1.109187424875417015e-21
9.453921612170919832e-22
8.059834938369317428e-22
6.873014621966101631e-22
5.862397095380184546e-22
5.001611025411990075e-22
4.268263086041268303e-22
3.643333263959222918e-22
3.110662775879783447e-22
2.656520309377955448e-22
2.269234519230617812e-22
1.938882584051768737e-22
1.657026208147372850e-22
1.416487787028799470e-22
1.211160580661994680e-22
1.035847688925557726e-22
8.861254263774129612e-23
7.582273714162189927e-23
6.489459377641634395e-23
5.555488003114000373e-23
4.757079165879701278e-23
4.074392311322970539e-23
3.490514426436707001e-23
2.991024613327557469e-23
2.563623933178640865e-23
2.197820661596969491e-23
1.884662596648598958e-23
1.616509331259351477e-23
1.386838477538834038e-23
1.190080741962545659e-23
1.021479522552750553e-23
8.769713536452442824e-24
7.530840785957965444e-24
6.468501011662777781e-24
5.557324652617677736e-24
4.775618510986023961e-24
4.104828630208380908e-24
3.529082278729327069e-24
3.034797297015862527e-24
2.610348822058931249e-24
2.245784895290364706e-24
1.932583727044466321e-24
1.663446467412948946e-24
1.432120248417845773e-24
1.233247040310336499e-24
1.062234526218845205e-24
9.151457618818379887e-25
7.886048657125512873e-25
6.797163915921241111e-25
5.859963832961988469e-25
5.053134044289804780e-25
4.358380888918170244e-25
3.759999708081655126e-25
3.244505350327868618e-25
2.800315846212201832e-25
2.417481539435694570e-25
2.087453089116083166e-25
1.802882719520346557e-25
1.557453913697114904e-25
1.345735447022639206e-25
1.163056253564499867e-25
1.005398127558923551e-25
8.693036971200794786e-26
7.517974785523822037e-26
6.503181366831419078e-26
5.626603474525737200e-26
4.869248903817099280e-26
4.214757962729202099e-26
3.649035445163550509e-26
3.159934488797243251e-26
2.736984942322073575e-26
2.371159923521770435e-26
2.054675153978541566e-26
1.780816430033312970e-26
1.543791251970232239e-26
1.338601200439138582e-26
1.160932134693160532e-26
1.007059703103394259e-26
8.737680126968096518e-27
7.582796097546048332e-27
6.581951851657783334e-27
5.714416425379879739e-27
4.962273593994477726e-27
4.310036367778293422e-27
3.744314739416259571e-27
3.253529264982064035e-27
2.827664102369998299e-27
2.458054025452022280e-27
2.137200700138033470e-27
1.858614167973099870e-27
1.616676049343999248e-27
1.406521465020088840e-27
1.223937092945745546e-27
1.065273136649173127e-27
9.273672906407608314e-28
8.074790538957222396e-28
7.032329710474506589e-28
6.125695775189349978e-28
5.337029939798208550e-28
4.650842611026014526e-28
4.053696309114971079e-28
3.533931389177570936e-28
3.081428741570923831e-28
2.687404442824110196e-28
2.344232018224173526e-28
2.045288571378685126e-28
1.784821548230066791e-28
1.557833344526000605e-28
1.359981346461800753e-28
1.187491322559022703e-28
1.037082368087743760e-28
9.059018477250240593e-29
7.914689930441012223e-29
6.916259934747815840e-29
6.044955765441979182e-29
5.284442089265162176e-29
4.620501670535430503e-29
4.040758273047652313e-29
3.534436132971362260e-29
3.092151134166189111e-29
2.705729471039638118e-29
2.368050149246617803e-29
2.072908163289991573e-29
1.814895612828675087e-29
1.589298385231708121e-29
1.392006348381479228e-29
1.219435271628350421e-29
1.068458929892241620e-29
9.363500511953768353e-30
8.207289456852349151e-30
7.195188081936139419e-30
6.309068197818482067e-30
5.533102893215689530e-30
4.853471763475418289e-30
4.258104232690717318e-30
3.736456003285274161e-30
3.279314319976391073e-30
2.878628301443366711e-30
2.527361084428388390e-30
2.219360951393413223e-30
1.949248982921654232e-30
1.712321097296393457e-30
1.504462618596331210e-30
1.322073756856918580e-30
1.162004594217813158e-30
1.021498353736510294e-30
8.981418863475631816e-31
7.898224494570176103e-31
6.946899706231218771e-31
6.111240940722448947e-31
5.377053984921017906e-31
4.731902534244283192e-31
4.164888501972917927e-31
3.666460030402037734e-31
3.228243679803722605e-31
2.842897723407179548e-31
2.503983870291085463e-31
2.205855080879310022e-31
1.943557438269256138e-31
1.712744298668300755e-31
1.509601170769109886e-31
1.330779971311229605e-31
1.173341476135446820e-31
1.034704936021006508e-31
9.126039573605826945e-32
8.050478617630005386e-32
7.102878381283563637e-32
6.267872875040564717e-32
5.531958367306262574e-32
4.883265629474596307e-32
4.311360286902032050e-32
3.807067776482935655e-32
3.362319851029756287e-32
2.970019954495580582e-32
2.623925127342673458e-32
2.318542394255110065e-32
2.049037842316098479e-32
1.811156821437035806e-32
1.601153894324150869e-32
1.415731334183666583e-32
1.251985117821192335e-32
1.107357492489852048e-32
9.795953091708802879e-33
8.667134149939281948e-33
7.669624850236037577e-33
6.788007502367532763e-33
6.008691455631913509e-33
5.319694605608100685e-33
4.710451266953180929e-33
4.171643202109752471e-33
3.695050990077231672e-33
3.273423264855097586e-33
2.900361655868595763e-33
2.570219527963855341e-33
2.278012851094030899e-33
2.019341733684378643e-33
1.790321332414726503e-33
1.587521007928705567e-33
1.407910733489140272e-33
1.248813884233653849e-33
1.107865640536771275e-33
9.829763318812206457e-34
8.722991291767741774e-34
7.742015650474395896e-34
6.872404244589200642e-34
6.101396032520289950e-34
5.417705806274655639e-34
4.811351942154572559e-34
4.273504437818860897e-34
3.796350825051085922e-34
3.372977836586989513e-34
2.997266959403091823e-34
2.663802230238355144e-34
2.367788825534220830e-34
2.104981170728130589e-34
1.871619445783934384e-34
1.664373497534825556e-34
1.480293287042592238e-34
1.316765103703437229e-34
1.171472868953245198e-34
1.042363932645576500e-34
9.276188358072122632e-35
8.256245756789732729e-35
7.349509637340582954e-35
6.543297156267846393e-35
5.826359545465020320e-35
5.188718469185585732e-35
4.621521224178470795e-35
4.116912593683686366e-35
3.667921422642963509e-35
3.268360207757622392e-35
2.912736195578538269e-35
2.596172657816823414e-35
2.314339168334419962e-35
2.063389843266132511e-35
1.839908626611555600e-35
1.640860810328230288e-35
1.463550072134281360e-35
1.305580397375602436e-35
1.164822324725157553e-35
1.039383020319201112e-35
9.275797421978690924e-36
8.279163075061283642e-36
7.390622196049482214e-36
6.598341517380468616e-36
5.891795188039253548e-36
5.261618996365720617e-36
4.699480994741274472e-36
4.197966664119213626e-36
3.750476969633785188e-36
3.351137847156682682e-36
2.994719827522385536e-36
2.676566652771609416e-36
2.392531869381312919e-36
2.138922499050466931e-36
1.912448989928631476e-36
1.710180741746601101e-36
1.529506578504844060e-36
1.368099613382862368e-36
1.223886013422213560e-36
1.095017227240326433e-36
9.798452883792931064e-37
8.769008506159355189e-37
7.848736503047934345e-37
7.025951251623934574e-37
6.290229493389663480e-37
5.632272716068722502e-37
5.043784674191282754e-37
4.517362368079716262e-37
4.046398989092237697e-37
3.624997505894361564e-37
3.247893714596525912e-37
2.910387706981936894e-37
2.608282827635298280e-37
2.337831294261498111e-37
2.095685747335330830e-37
1.878856076764518569e-37
1.684670945655420542e-37
1.510743495564025015e-37
1.354940774719968007e-37
1.215356481437130475e-37
1.090286659986203137e-37
9.782080262447287050e-38
8.777586360216764982e-38
7.877206405760141226e-38
7.070049019581902683e-38
6.346372657920963231e-38
5.697463113348695403e-38
5.115524184083355573e-38
4.593580083687900968e-38
4.125388319115762920e-38
3.705361904114042649e-38
3.328499898707231097e-38
2.990325375574407854e-38
2.686830012096951765e-38
2.414424594066344261e-38
2.169894794665310852e-38
1.950361661450968769e-38
1.753246305613854614e-38
1.576238342590212289e-38
1.417267681922438551e-38
1.274479307745697301e-38
1.146210730019771738e-38
1.030971821142434116e-38
9.274267833432568955e-39
8.343780196713843416e-39
7.507517058287033335e-39
6.755848818859898136e-39
6.080139023437855723e-39
5.472641003210900783e-39
4.926405371017760011e-39
4.435197220475174852e-39
3.993422001769662169e-39
3.596059156764042812e-39
3.238602693919964694e-39
2.917007970855958444e-39
2.627644030290315436e-39
2.367250904684907479e-39
2.132901367010144428e-39
1.921966660496367567e-39
1.732085789754258086e-39
1.561137999865133049e-39
1.407218109537297588e-39
1.268614399707468594e-39
