1.966379682657151334e-284
1.146479988920166595e-19
1.370667924388806884e-14
2.464016256621499309e-12
5.484144700023305473e-11
4.586334422636727191e-10
2.211777544365892969e-09
7.549453508350940117e-09
2.039858433662780673e-08
4.665434389907183471e-08
9.427847339400984347e-08
1.732623691182381183e-07
2.955055385350753095e-07
4.746517682037227393e-07
7.259131417827919885e-07
1.065901043159664553e-06
1.512474966657464173e-06
2.084614270127915324e-06
2.802314396108911036e-06
3.686506955998790877e-06
4.759001932040481721e-06
6.042449741361557568e-06
7.560320776909117326e-06
9.336900127898001097e-06
1.139729538294996492e-05
1.376745566820993841e-05
1.647420033246845380e-05
1.954525594054404389e-05
2.300930046418774323e-05
2.689601376215794223e-05
3.123613361715190615e-05
3.606151674824976673e-05
4.140520434570576944e-05
4.730149178297608374e-05
5.378600225149827340e-05
6.089576413949542559e-05
6.866929203926294657e-05
7.714667132004880907e-05
8.636964624750193594e-05
9.638171166723513640e-05
1.072282083005953569e-04
1.189564217262833887e-04
1.316156851429299589e-04
1.452574860257905588e-04
1.599355768060162187e-04
1.757060897139271522e-04
1.926276559387900299e-04
2.107615292670935955e-04
2.301717143694781116e-04
2.509250999135024260e-04
2.730915966855480218e-04
2.967442809103648920e-04
3.219595429613184554e-04
3.488172416582100083e-04
3.774008643527855924e-04
4.077976930046452045e-04
4.400989764523645896e-04
4.744001090860420502e-04
5.108008161284254217e-04
5.494053457319601937e-04
5.903226680987703210e-04
6.336666818294228514e-04
6.795564277045637114e-04
7.281163101008152581e-04
7.794763262388359430e-04
8.337723034570437668e-04
8.911461446989521430e-04
9.517460823955949632e-04
1.015726940916680940e-03
1.083250407755120045e-03
1.154485313599054727e-03
1.229607921433645713e-03
1.308802224801195423e-03
1.392260255332929044e-03
1.480182399648533693e-03
1.572777725700329069e-03
1.670264318617574028e-03
1.772869626082880685e-03
1.880830813246315127e-03
1.994395127154526860e-03
2.113820270640210958e-03
2.239374785583366292e-03
2.371338445417876372e-03
2.510002656716425924e-03
2.655670869642438956e-03
2.808658997009819656e-03
2.969295841639725195e-03
3.137923531647732276e-03
3.314897963235122983e-03
3.500589250493502808e-03
3.695382181663552784e-03
3.899676681214751198e-03
4.113888277035056794e-03
4.338448571935674125e-03
4.573805718587573357e-03
4.820424896912368397e-03
5.078788792850856028e-03
5.349398077327146422e-03
5.632771884115800494e-03
5.929448285202761071e-03
6.239984762108625842e-03
6.564958671514217574e-03
6.904967703395164733e-03
7.260630329731520421e-03
7.632586241713463712e-03
8.021496773213027814e-03
8.428045308134703845e-03
8.852937669096946210e-03
9.296902484728948937e-03
9.760691532696697675e-03
1.024508005539616871e-02
1.075086704507289236e-02
1.127887549494449061e-02
1.182995261271813786e-02
1.240496999270804257e-02
1.300482374257043092e-02
1.363043456048584380e-02
1.428274775843120688e-02
1.496273322699960724e-02
1.567138533704365289e-02
1.640972277324109080e-02
1.717878829450994460e-02
1.797964841603677533e-02
1.881339300752715368e-02
1.968113480214275443e-02
2.058400881046090758e-02
2.152317163367358649e-02
2.249980067014721585e-02
2.351509320938275846e-02
2.457026540735945605e-02
2.566655113721200490e-02
2.680520070918354994e-02
2.798747945382155239e-02
2.921466616243646383e-02
3.048805137893674869e-02
3.180893553727826006e-02
3.317862693893897791e-02
3.459843956503980827e-02
3.606969071799475540e-02
3.759369848787954410e-02
3.917177903907342884e-02
4.080524371314075971e-02
4.249539594439798867e-02
4.424352798514150087e-02
4.605091743811170341e-02
4.791882359442706241e-02
4.984848357595072360e-02
5.184110828184536335e-02
5.389787813993371368e-02
5.601993866441704051e-02
5.820839582250100092e-02
6.046431121355148181e-02
6.278869706553864838e-02
6.518251105473348017e-02
6.764665095588963395e-02
7.018194913147320080e-02
7.278916686989390927e-02
7.546898858413063349e-02
7.822201588363909830e-02
8.104876153396095573e-02
8.394964332002469165e-02
8.692497783072761219e-02
8.997497418400594860e-02
9.309972771322951035e-02
9.629921363738516704e-02
9.957328073913243593e-02
1.029216450764089269e-01
1.063438837548218441e-01
1.098394287895692739e-01
1.134075610870867029e-01
1.170474045779720945e-01
1.207579205340235523e-01
1.245379021033832800e-01
1.283859690988167768e-01
1.323005630750540840e-01
1.362799427318542866e-01
1.403221796800125931e-01
1.444251546079001469e-01
1.485865538862924384e-01
1.528038666491741138e-01
1.570743823879202916e-01
1.613951890957071311e-01
1.657631719981945695e-01
1.701750129054540317e-01
1.746271902187456482e-01
1.791159796241116875e-01
1.836374555028091327e-01
1.881874930863687845e-01
1.927617713815357736e-01
1.973557768875256746e-01
2.019648081249039995e-01
2.065839809920054504e-01
2.112082349611368037e-01
2.158323401228715299e-01
2.204509050825777250e-01
2.250583857089196171e-01
2.296490947294756724e-01
2.342172121638399496e-01
2.387567965796544844e-01
2.432617971519739908e-01
2.477260665012429308e-01
2.521433742799912836e-01
2.565074214732154245e-01
2.608118553769757098e-01
2.650502852639340379e-01
2.692162988195073159e-01
2.733034793217534730e-01
2.773054233427582616e-01
2.812157587352603350e-01
2.850281627658996508e-01
2.887363803352833158e-01
2.923342422560240017e-01
2.958156835599903278e-01
2.991747617936970638e-01
3.024056752464239217e-01
3.055027810435302915e-01
3.084606130285796888e-01
3.112738993521197983e-01
3.139375796817192588e-01
3.164468219465557119e-01
3.187970385300451515e-01
3.209839018253489162e-01
3.230033590708785707e-01
3.248516463859603132e-01
3.265253019305286442e-01
3.280211781170114804e-01
3.293364528073819963e-01
3.304686394336478483e-01
3.314155959857801870e-01
3.321755328171989707e-01
3.327470192244121883e-01
3.331289887641762371e-01
3.333207432785830759e-01
3.333185556416585205e-01
3.331040443316362065e-01
3.326751229762642259e-01
3.320331248077272868e-01
3.311800133766245047e-01
3.301183703496622379e-01
3.288513794574705607e-01
3.273828067665616737e-01
3.257169774873035495e-01
3.238587495642684111e-01
3.218134843258985134e-01
3.195870144967176141e-01
3.171856098969670357e-01
3.146159411713475573e-01
3.118850419003543761e-01
3.090002694544995987e-01
3.059692649535639686e-01
3.027999126900892679e-01
2.995002993688324899e-01
2.960786735021907479e-01
2.925434052860202416e-01
2.889029472612779093e-01
2.851657960449491824e-01
2.813404553893035787e-01
2.774354008021494011e-01
2.734590459329547252e-01
2.694197109009766056e-01
2.653255927123644997e-01
2.611847378840774780e-01
2.570050173637596358e-01
2.527941038068864943e-01
2.485594512458409733e-01
2.443082771604104531e-01
2.400475469357470637e-01
2.357839606723362014e-01
2.315239422930539248e-01
2.272736308751260592e-01
2.230388741197426028e-01
2.188252238592615362e-01
2.146379334913128267e-01
2.104819572206539646e-01
2.063619509832115007e-01
2.022822749222892846e-01
1.982469972842784700e-01
1.942598996002350420e-01
1.903244830202315829e-01
1.864439756692929939e-01
1.826213408968114793e-01
1.788592862954414275e-01
1.751602733704564763e-01
1.715265277462215687e-01
1.679600498026792010e-01
1.644626256414063459e-01
1.610358382877474792e-01
1.576810790426641240e-01
1.543995589051306572e-01
1.511923199930860218e-01
1.480602468980200259e-01
1.450040779151656467e-01
1.420244160979294012e-01
1.391217400915722435e-01
1.362964147072120991e-01
1.335487012029203113e-01
1.308787672440316630e-01
1.282866965197263509e-01
1.257724979975115009e-01
1.233361148013908254e-01
1.209774327032874658e-01
1.186962882206800129e-01
1.164924763164347649e-01
1.143657576994878411e-01
1.123158657273532479e-01
1.103425129134480431e-01
1.084453970439233084e-01
1.066242069101185908e-01
1.048786276639199488e-01
1.032083458042221263e-01
1.016130538034032416e-01
1.000924543832215075e-01
9.864626444987312226e-02
9.727421869811155031e-02
9.597607289435580724e-02
9.475160684860919891e-02
9.360062708480465510e-02
9.252296921888568393e-02
9.151850005355305351e-02
9.058711939815766723e-02
8.972876162172296888e-02
8.894339694653967399e-02
8.823103248920137476e-02
8.759171305536435359e-02
8.702552169390713466e-02
8.653258001556486667e-02
8.611304828051247195e-02
8.576712525878275872e-02
8.549504786684000712e-02
8.529709058308508618e-02
8.517356464455694276e-02
8.512481702662150207e-02
8.515122920700164688e-02
8.525321571511793040e-02
8.543122246736724323e-02
8.568572488868569925e-02
8.601722582051453403e-02
8.642625321512215075e-02
8.691335761613701305e-02
8.747910942511202825e-02
8.812409595398013051e-02
8.884891826336957510e-02
8.965418778693777513e-02
9.054052274214142992e-02
9.150854432820716700e-02
9.255887271249003956e-02
9.369212280690993044e-02
9.490889983674818953e-02
9.620979470475438111e-02
9.759537915426721999e-02
9.906620073589207653e-02
1.006227775831921856e-01
1.022655930038476185e-01
1.039950898938131890e-01
1.058116649831528921e-01
1.077156629234461982e-01
1.097073702279552504e-01
1.117870090770827080e-01
1.139547310030559896e-01
1.162106104692324504e-01
1.185546383609070442e-01
1.209867154060400019e-01
1.235066455458685847e-01
1.261141292769424604e-01
1.288087569876854577e-01
1.315900023141523545e-01
1.344572155411925540e-01
1.374096170767382108e-01
1.404462910283909294e-01
1.435661789128842569e-01
1.467680735303117934e-01
1.500506130362343205e-01
1.534122752458991767e-01
1.568513722057864601e-01
1.603660450685414074e-01
1.639542593080399457e-01
1.676138003118405884e-01
1.713422693885856551e-01
1.751370802280325378e-01
1.789954558512720229e-01
1.829144260883353579e-01
1.868908256197977236e-01
1.909212926181103331e-01
1.950022680232578465e-01
1.991299954859194477e-01
2.033005220096037735e-01
2.075096993212202368e-01
2.117531859972643926e-01
2.160264503701934957e-01
2.203247742366808148e-01
2.246432573862768567e-01
2.289768229655358422e-01
2.333202236889479475e-01
2.376680489040447763e-01
2.420147325138171379e-01
2.463545617551494149e-01
2.506816868273465393e-01
2.549901313600182462e-01
2.592738037046375954e-01
2.635265090290413448e-01
2.677419621889945978e-01
2.719138013457673142e-01
2.760356022934964959e-01
2.801008934549543139e-01
2.841031714992785506e-01
2.880359175302761865e-01
2.918926137891216244e-01
2.956667608106894329e-01
2.993518949684321195e-01
3.029416063386676794e-01
3.064295568114269175e-01
3.098094983716780382e-01
3.130752914718050728e-01
3.162209234137269842e-01
3.192405266570405020e-01
3.221283969680479586e-01
3.248790113235567878e-01
3.274870454829095223e-01
3.299473911418367433e-01
3.322551725824395286e-01
3.344057627349142914e-01
3.363947985685169506e-01
3.382181957317310084e-01
3.398721623646577816e-01
3.413532120102442668e-01
3.426581755551105779e-01
3.437842121354018343e-01
3.447288189482283216e-01
3.454898399148562671e-01
3.460654731478154389e-01
3.464542771804604571e-01
3.466551759242164632e-01
3.466674623257019472e-01
3.464843328105081111e-01
3.460886551178115056e-01
3.454802313931598090e-01
3.446604378843958760e-01
3.436312785682862914e-01
3.423953720465311990e-01
3.409559346208932418e-01
3.393167597291480431e-01
3.374821939607745014e-01
3.354571099050213112e-01
3.332468761137365454e-01
3.308573244867102914e-01
3.282947154079761676e-01
3.255657009773186283e-01
3.226772866920337157e-01
3.196367919397952728e-01
3.164518096643592071e-01
3.131301655619608271e-01
3.096798771579078458e-01
3.061091131003514376e-01
3.024261529919078928e-01
2.986393480601824968e-01
2.947570829457504260e-01
2.907877388612913894e-01
2.867396583488840967e-01
2.826211118344397200e-01
2.784402661493889930e-01
2.742051551605523274e-01
2.699236526200411435e-01
2.656034473184926692e-01
2.612520205973181131e-01
2.568766262492694352e-01
2.524842728117963619e-01
2.480817082345941615e-01
2.436754068816411600e-01
2.392715588090182921e-01
2.348760612429623418e-01
2.304945121680170295e-01
2.261322059227762471e-01
2.217941306905390209e-01
2.174849677641703949e-01
2.132090924584686409e-01
2.089705765392674552e-01
2.047731920362305114e-01
2.006204163056700129e-01
1.965154382105627762e-01
1.924611652871235923e-01
1.884602317706399466e-01
1.845150073575831384e-01
1.806276065861932845e-01
1.767998987235756270e-01
1.730335180537211359e-01
1.693298744676459966e-01
1.656901642638961003e-01
1.621153810748636737e-01
1.586063268416282313e-01
1.551636227672660850e-01
1.517877201856690506e-01
1.484789112898549646e-01
1.452373396704362551e-01
1.420630106213114641e-01
1.389558011757323630e-01
1.359154698416289719e-01
1.329416660104333348e-01
1.300339390186273647e-01
1.271917468458372003e-01
1.244144644374934883e-01
1.217013916439103338e-01
1.190517607710834813e-01
1.164647437415918113e-01
1.139394588667337338e-01
1.114749772334370503e-01
1.090703287115805109e-01
1.067245075891702782e-01
1.044364778443545444e-01
1.022051780645314573e-01
1.000295260238662914e-01
9.790842293137010099e-02
9.584075736233735321e-02
9.382540888641990873e-02
9.186125140593531802e-02
8.994715621818932805e-02
8.808199481565696931e-02
8.626464143782837379e-02
8.449397538838419874e-02
8.276888313115975115e-02
8.108826017807851949e-02
7.945101278189800609e-02
7.785605944623637253e-02
7.630233226493222942e-02
7.478877810234492440e-02
7.331435962573926157e-02
7.187805620042234112e-02
7.047886465780579812e-02
6.911579994608055277e-02
6.778789567269583038e-02
6.649420454734583652e-02
6.523379873368648219e-02
6.400577011753222356e-02
6.280923049882097819e-02
6.164331171418876293e-02
6.050716569656396093e-02
5.939996447777023264e-02
5.832090013973062481e-02
5.726918471948072575e-02
5.624405007283096031e-02
5.524474770117199923e-02
5.427054854558622382e-02
5.332074275211313996e-02
5.239463941172124023e-02
5.149156627826204785e-02
5.061086946741340936e-02
4.975191313937776111e-02
4.891407916786624094e-02
4.809676679768330049e-02
4.729939229302383003e-02
4.652138857840629194e-02
4.576220487398766773e-02
4.502130632684362560e-02
4.429817363964545784e-02
4.359230269802173707e-02
4.290320419776479099e-02
4.223040327292083146e-02
4.157343912568917804e-02
4.093186465895530535e-02
4.030524611218759545e-02
3.969316270133953217e-02
3.909520626332031734e-02
3.851098090552410036e-02
3.794010266084012206e-02
3.738219914850537257e-02
3.683690924110691323e-02
3.630388273798806215e-02
3.578278004526894845e-02
3.527327186264833658e-02
3.477503887711789338e-02
3.428777146368352374e-02
3.381116939316018699e-02
3.334494154707757368e-02
3.288880563970969506e-02
3.244248794721937834e-02
3.200572304388979439e-02
3.157825354539646467e-02
3.115982985905866448e-02
3.075020994099613922e-02
3.034915906010404035e-02
2.995644956874974479e-02
2.957186068008637453e-02
2.919517825186976334e-02
2.882619457665970900e-02
2.846470817828144692e-02
2.811052361441772687e-02
2.776345128519996236e-02
2.742330724766322766e-02
2.708991303592817729e-02
2.676309548697160950e-02
2.644268657184717028e-02
2.612852323221625042e-02
2.582044722205024956e-02
2.551830495436633803e-02
2.522194735285807760e-02
2.493122970828537746e-02
2.464601153948885182e-02
2.436615645889523771e-02
2.409153204238295015e-02
2.382200970337906842e-02
2.355746457106040748e-02
2.329777537253487074e-02
2.304282431888121305e-02
2.279249699492775019e-02
2.254668225265342787e-02
2.230527210809776090e-02
2.206816164166798544e-02
2.183524890173520888e-02
2.160643481141410333e-02
2.138162307842295107e-02
2.116072010792412542e-02
2.094363491824775825e-02
2.073027905940371882e-02
2.052056653429009184e-02
2.031441372250908720e-02
2.011173930670348553e-02
1.991246420132965211e-02
1.971651148378589583e-02
1.952380632781685124e-02
1.933427593911744846e-02
1.914784949306266512e-02
1.896445807449070528e-02
1.878403461947060482e-02
1.860651385898672711e-02
1.843183226447533268e-02
1.825992799514991258e-02
1.809074084705483351e-02
1.792421220378808203e-02
1.776028498883640977e-02
1.759890361946788231e-02
1.744001396212857199e-02
1.728356328929201921e-02
1.712950023771214053e-02
1.697777476803132360e-02
1.682833812569746804e-02
1.668114280314554262e-02
1.653614250320017617e-02
1.639329210365773892e-02
1.625254762300774522e-02
1.611386618725454273e-02
1.597720599780200201e-02
1.584252630036486059e-02
1.570978735487186043e-02
1.557895040632688473e-02
1.544997765659571372e-02
1.532283223708679441e-02
1.519747818229577434e-02
1.507388040418476682e-02
1.495200466736777180e-02
1.483181756507529793e-02
1.471328649587175588e-02
1.459637964110038072e-02
1.448106594303115793e-02
1.436731508368806198e-02
1.425509746433300043e-02
1.414438418558438930e-02
1.403514702814915444e-02
1.392735843414755204e-02
1.382099148901150612e-02
1.371601990393679464e-02
1.361241799887113503e-02
1.351016068602035707e-02
1.340922345385527938e-02
1.330958235160309422e-02
1.321121397420715188e-02
1.311409544773966575e-02
1.301820441525263460e-02
1.292351902305262368e-02
1.283001790738540204e-02
1.273768018151720180e-02
1.264648542319986128e-02
1.255641366250692496e-02
1.246744537002911733e-02
1.237956144541760457e-02
1.229274320626329124e-02
1.220697237730201945e-02
1.212223107993483026e-02
1.203850182205317906e-02
1.195576748815954313e-02
1.187401132977397751e-02
1.179321695611730558e-02
1.171336832506252035e-02
1.163444973434559979e-02
1.155644581302775649e-02
1.147934151320103083e-02
1.140312210192986377e-02
1.132777315342080662e-02
1.125328054141370646e-02
1.117963043178722693e-02
1.110680927537196529e-02
1.103480380096491173e-02
1.096360100853900794e-02
1.089318816264150773e-02
1.082355278597575861e-02
1.075468265316045259e-02
1.068656578466095977e-02
1.061919044088763427e-02
1.055254511645588832e-02
1.048661853460306978e-02
1.042139964175756682e-02
1.035687760225538143e-02
1.029304179319973263e-02
1.022988179945956595e-02
1.016738740880255079e-02
1.010554860715873020e-02
1.004435557401084367e-02
9.983798677907615784e-03
9.923868472096244661e-03
9.864555690270709193e-03
9.805851242432437817e-03
9.747746210859876276e-03
9.690231846184038308e-03
9.633299563566710341e-03
9.576940938978397572e-03
9.521147705573100584e-03
9.465911750157159077e-03
9.411225109749317766e-03
9.357079968229542466e-03
9.303468653073881933e-03
9.250383632173004092e-03
9.197817510731965893e-03
9.145763028248920026e-03
9.094213055570473866e-03
9.043160592021601621e-03
8.992598762607887514e-03
8.942520815288162311e-03
8.892920118315486219e-03
8.843790157644595973e-03
8.795124534403873234e-03
8.746916962430245288e-03
8.699161265864939832e-03
8.651851376808699159e-03
8.604981333034680824e-03
8.558545275757377738e-03
8.512537447456192466e-03
8.466952189752071506e-03
8.421783941335634835e-03
8.377027235945624581e-03
8.332676700396151465e-03
8.288727052651385929e-03
8.245173099946564652e-03
8.202009736953884758e-03
8.159231943992182462e-03
8.116834785279244263e-03
8.074813407225482631e-03
8.033163036767970028e-03
7.991878979743800848e-03
7.950956619301582581e-03
7.910391414350178424e-03
7.870178898043669186e-03
7.830314676301597734e-03
7.790794426363536682e-03
7.751613895377098933e-03
7.712768899018558437e-03
7.674255320145150459e-03
7.636069107478271611e-03
7.598206274316830246e-03
7.560662897279851226e-03
7.523435115077690624e-03
7.486519127311088394e-03
7.449911193297298340e-03
7.413607630922671755e-03
7.377604815521020785e-03
7.341899178777052878e-03
7.306487207654221473e-03
7.271365443346554901e-03
7.236530480253593536e-03
7.201978964978050096e-03
7.167707595345605004e-03
7.133713119446135134e-03
7.099992334696063681e-03
7.066542086921123386e-03
7.033359269459109851e-03
7.000440822282129674e-03
6.967783731137858552e-03
6.935385026709284598e-03
6.903241783792611608e-03
6.871351120492752429e-03
6.839710197436022106e-03
6.808316216999656979e-03
6.777166422557706106e-03
6.746258097742915093e-03
6.715588565724188615e-03
6.685155188499329777e-03
6.654955366202600087e-03
6.624986536426786046e-03
6.595246173559499159e-03
6.565731788133193254e-03
6.536440926188753428e-03
6.507371168652268875e-03
6.478520130724614925e-03
6.449885461283651721e-03
6.421464842298703866e-03
6.393255988256954167e-03
6.365256645601610058e-03
6.337464592181494931e-03
6.309877636711759032e-03
6.282493618245554683e-03
6.255310405656329745e-03
6.228325897130557176e-03
6.201538019670619663e-03
6.174944728607672378e-03
6.148544007124131724e-03
6.122333865785757959e-03
6.096312342082973491e-03
6.070477499981216489e-03
6.044827429480195344e-03
6.019360246181809822e-03
5.994074090866507304e-03
5.968967129077918862e-03
5.944037550715648537e-03
5.919283569635894020e-03
5.894703423259849313e-03
5.870295372189670777e-03
5.846057699831829629e-03
5.821988712027700852e-03
5.798086736691240167e-03
5.774350123453572160e-03
5.750777243314350758e-03
5.727366488299732473e-03
5.704116271126846195e-03
5.681025024874578229e-03
5.658091202660594544e-03
5.635313277324362560e-03
5.612689741116184614e-03
5.590219105391997650e-03
5.567899900313843728e-03
5.545730674555956682e-03
5.523709995016236850e-03
5.501836446533080009e-03
5.480108631607425243e-03
5.458525170129899413e-03
5.437084699112961113e-03
5.415785872427924391e-03
5.394627360546818025e-03
5.373607850288870426e-03
5.352726044571625395e-03
5.331980662166567290e-03
5.311370437459096011e-03
5.290894120212869152e-03
5.270550475338340451e-03
5.250338282665439893e-03
5.230256336720280966e-03
5.210303446505903761e-03
5.190478435286806705e-03
5.170780140377376211e-03
5.151207412933992216e-03
5.131759117750807862e-03
5.112434133059096629e-03
5.093231350330146984e-03
5.074149674081519790e-03
5.055188021686758681e-03
5.036345323188350445e-03
5.017620521113924127e-03
4.999012570295642034e-03
4.980520437692686347e-03
4.962143102216778033e-03
4.943879554560713305e-03
4.925728797029802278e-03
4.907689843376187265e-03
4.889761718635959181e-03
4.871943458969071189e-03
4.854234111501904737e-03
4.836632734172521819e-03
4.819138395578514110e-03
4.801750174827387405e-03
4.784467161389458802e-03
4.767288454953207653e-03
4.750213165283008292e-03
4.733240412079262743e-03
4.716369324840812005e-03
4.699599042729632817e-03
4.682928714437741002e-03
4.666357498056327401e-03
4.649884560946972861e-03
4.633509079615010830e-03
4.617230239584936904e-03
4.601047235277845419e-03
4.584959269890835805e-03
4.568965555278408676e-03
4.553065311835718075e-03
4.537257768383734513e-03
4.521542162056268500e-03
4.505917738188748752e-03
4.490383750208808838e-03
4.474939459528625915e-03
4.459584135438922174e-03
4.444317055004710568e-03
4.429137502962626066e-03
4.414044771619897098e-03
4.399038160754925944e-03
4.384116977519394824e-03
4.369280536341918486e-03
4.354528158833202538e-03
4.339859173692668486e-03
4.325272916616533340e-03
4.310768730207300420e-03
4.296345963884678695e-03
4.282003973797846551e-03
4.267742122739046073e-03
4.253559780058566858e-03
4.239456321580963201e-03
4.225431129522587946e-03
4.211483592410359723e-03
4.197613105001771379e-03
4.183819068206127458e-03
4.170100889006936144e-03
4.156457980385486889e-03
4.142889761245603306e-03
4.129395656339468999e-03
4.115975096194613055e-03
4.102627517041957175e-03
4.089352360744948761e-03
4.076149074729732216e-03
4.063017111916361092e-03
4.049955930651044124e-03
4.036964994639350574e-03
4.024043772880435584e-03
4.011191739602218767e-03
3.998408374197496944e-03
3.985693161161005769e-03
3.973045590027415516e-03
3.960465155310170793e-03
3.947951356441273089e-03
3.935503697711920275e-03
3.923121688213989169e-03
3.910804841782362928e-03
3.898552676938101067e-03
3.886364716832405725e-03
3.874240489191414089e-03
3.862179526261741089e-03
3.850181364756838712e-03
3.838245545804076959e-03
3.826371614892609772e-03
3.814559121821945679e-03
3.802807620651278264e-03
3.791116669649491865e-03
3.779485831245894129e-03
3.767914671981633344e-03
3.756402762461789283e-03
3.744949677308137114e-03
3.733554995112561403e-03
3.722218298391127139e-03
3.710939173538763559e-03
3.699717210784619296e-03
3.688552004147967016e-03
3.677443151394781552e-03
3.666390253994865778e-03
3.655392917079584945e-03
3.644450749400164787e-03
3.633563363286585086e-03
3.622730374606989746e-03
3.611951402727683631e-03
3.601226070473657632e-03
3.590554004089636757e-03
3.579934833201673782e-03
3.569368190779241209e-03
3.558853713097842771e-03
3.548391039702109787e-03
3.537979813369418382e-03
3.527619680073955117e-03
3.517310288951298273e-03
3.507051292263431517e-03
3.496842345364255429e-03
3.486683106665523606e-03
3.476573237603253642e-03
3.466512402604557484e-03
3.456500269054928881e-03
3.446536507265935897e-03
3.436620790443357942e-03
3.426752794655718755e-03
3.416932198803238757e-03
3.407158684587193332e-03
3.397431936479657077e-03
3.387751641693655721e-03
3.378117490153673651e-03
3.368529174466575182e-03
3.358986389892886643e-03
3.349488834318423234e-03
3.340036208226313148e-03
3.330628214669371662e-03
3.321264559242798758e-03
3.311944950057251879e-03
3.302669097712267361e-03
3.293436715269978509e-03
3.284247518229206197e-03
3.275101224499850448e-03
3.265997554377624620e-03
3.256936230519076689e-03
3.247916977916954009e-03
3.238939523875865138e-03
3.230003597988229200e-03
3.221108932110550074e-03
3.212255260339969866e-03
3.203442318991111225e-03
3.194669846573219753e-03
3.185937583767567069e-03
3.177245273405153534e-03
3.168592660444675968e-03
3.159979491950759903e-03
3.151405517072462022e-03
