0.000000000000000000e+00
0.000000000000000000e+00
0.000000000000000000e+00
0.000000000000000000e+00
0.000000000000000000e+00
0.000000000000000000e+00
0.000000000000000000e+00
0.000000000000000000e+00
0.000000000000000000e+00
0.000000000000000000e+00
0.000000000000000000e+00
0.000000000000000000e+00
0.000000000000000000e+00
0.000000000000000000e+00
0.000000000000000000e+00
0.000000000000000000e+00
0.000000000000000000e+00
0.000000000000000000e+00
0.000000000000000000e+00
0.000000000000000000e+00
0.000000000000000000e+00
0.000000000000000000e+00
0.000000000000000000e+00
0.000000000000000000e+00
0.000000000000000000e+00
0.000000000000000000e+00
0.000000000000000000e+00
0.000000000000000000e+00
0.000000000000000000e+00
0.000000000000000000e+00
0.000000000000000000e+00
0.000000000000000000e+00
0.000000000000000000e+00
0.000000000000000000e+00
0.000000000000000000e+00
0.000000000000000000e+00
0.000000000000000000e+00
0.000000000000000000e+00
0.000000000000000000e+00
0.000000000000000000e+00
0.000000000000000000e+00
0.000000000000000000e+00
0.000000000000000000e+00
0.000000000000000000e+00
0.000000000000000000e+00
0.000000000000000000e+00
0.000000000000000000e+00
0.000000000000000000e+00
0.000000000000000000e+00
1.222905098867542141e-310
9.949489341086690783e-303
3.927657525103701006e-295
7.843427443040062214e-288
8.235028762219977491e-281
4.711056287780730580e-274
1.517905025274633265e-267
2.840508872751694138e-261
3.176786793226187945e-255
2.180616304184687314e-249
9.417702095044921844e-244
2.619039387362290599e-238
4.792563766354149355e-233
5.888621815697504438e-228
4.951220241566043549e-223
2.899893151070777183e-218
1.203001798176621954e-213
3.590619928660952584e-209
7.825094322696445676e-205
1.262549561426262376e-200
1.527983349129584240e-196
1.404263453518681908e-192
9.914834363043207020e-189
5.437458181789607556e-185
2.340375176959231965e-181
7.983917734107526371e-178
2.178824491279390981e-174
4.798729927842642632e-171
8.601058406555551913e-168
1.264552392197122478e-164
1.536543390815434423e-161
1.554090921696121330e-158
1.317282741967305018e-155
9.417945241050047225e-153
5.714475358905075999e-150
2.959926912689652974e-147
1.316108798647238570e-144
5.050308207492455893e-142
1.680978571144248413e-139
4.876715756922181628e-137
1.238859123439107513e-134
2.767990449506286859e-132
5.462482205879111583e-130
9.559894170024430094e-128
1.489474452444145614e-125
2.073661201989037524e-123
2.588853313829245784e-121
2.908157491811179018e-119
2.949064662875599332e-117
2.708094693215468499e-115
2.258702335295400388e-113
1.716011015577768664e-111
1.190824702861665844e-109
7.568258611173366241e-108
4.416449904176102576e-106
2.372171352010488093e-104
1.175546362031305432e-102
5.386929113390346477e-101
2.287707430835424839e-99
9.022609443600251672e-98
3.311444148145258876e-96
1.133196953928256012e-94
3.622551138572010597e-93
1.083762304622410358e-91
3.039661490221199350e-90
8.006129525556155803e-89
1.983513654643032720e-87
4.629642830661413474e-86
1.019578315108876046e-84
2.121744951978448175e-83
4.178134730532714166e-82
7.796236063659659622e-81
1.380313269442341120e-79
2.321765869782155430e-78
3.714899213314823116e-77
5.660904786232986792e-76
8.225086703660799233e-75
1.140776300871699852e-73
1.511958895754272963e-72
1.916982964570022198e-71
2.327449822147200684e-70
2.708678905395317066e-69
3.024600267132078930e-68
3.243524322594429163e-67
3.343476579556629364e-66
3.315834557233075647e-65
3.166438320070532559e-64
2.914017065233687892e-63
2.586454189328238410e-62
2.215887826359614011e-61
1.833791319948828393e-60
1.467001919385089607e-59
1.135273419847040499e-58
8.504737392233313119e-58
6.171705251386918764e-57
4.341284997497745955e-56
2.961947891141382691e-55
1.961336281795900785e-54
1.261259439959677411e-53
7.881150168943345527e-53
4.788018333281934823e-52
2.829727563047884661e-51
1.627763249524903093e-50
9.118525524134880218e-50
4.977001054157419261e-49
2.648120524222948832e-48
1.374188175345734552e-47
6.958237028891175914e-47
3.439518282345991671e-46
1.660493419641441604e-45
7.832648375456755468e-45
3.611586777591632740e-44
1.628496430381958833e-43
7.183759551922050913e-43
3.101455226605767116e-42
1.310980719626778548e-41
5.427606665565291130e-41
2.201719278048152302e-40
8.754138774442256302e-40
3.412836342059142329e-39
1.305019720555716047e-38
4.896252007138878029e-38
1.803007814430211120e-37
6.518645689608006171e-37
2.314614148820072435e-36
8.074092095490787653e-36
2.767782941784897666e-35
9.326528105553359283e-35
3.090161394349108554e-34
1.007015727908997071e-33
3.228518729676271810e-33
1.018586059433207943e-32
3.163241406473365030e-32
9.672026356993361790e-32
2.912467171684318458e-31
8.639101676808853307e-31
2.524895215339537767e-30
7.272544258645274811e-30
2.064887817295207398e-29
5.780565727788659480e-29
1.595888967758616977e-28
4.345963697213133420e-28
1.167646276082631733e-27
3.095758470138233580e-27
8.101031785587051532e-27
2.092744539204701231e-26
5.337993871621444824e-26
1.344644676423978141e-25
3.345681395196044714e-25
8.224084022729883420e-25
1.997529272463125774e-24
4.794867539722192232e-24
1.137657680248779580e-23
2.668519142850958315e-23
6.189043521705012974e-23
1.419517022892951714e-22
3.220249465833215715e-22
7.226648388198754964e-22
1.604531234718794021e-21
3.525229076479028522e-21
7.665089995622256809e-21
1.649679341351153005e-20
3.514751354187717866e-20
7.414156423407448125e-20
1.548670732450161434e-19
3.203639827161278595e-19
6.564043994073709589e-19
1.332285781601073618e-18
2.679015885443479836e-18
5.337747660851433752e-18
1.053895446521596473e-17
2.062265989753601405e-17
3.999903156713618334e-17
7.690613452019375169e-17
1.465977704221454663e-16
2.770740860993150318e-16
5.192936874066018566e-16
9.652156473525501905e-16
1.779404176004073323e-15
3.253926648529008126e-15
5.902921210353315673e-15
1.062416218713396564e-14
1.897284786778759880e-14
3.362183367207928512e-14
5.912913074425157995e-14
1.032077486416928555e-13
1.788103347241602255e-13
3.075250817089934960e-13
5.250655603720873318e-13
8.900786592902389415e-13
1.498170603128758574e-12
2.504077244182478331e-12
4.156451038352875232e-12
6.852048754644006989e-12
1.121953331881469301e-11
1.824815174882804597e-11
2.948392686280081522e-11
4.732669447673041531e-11
7.547670625168043444e-11
1.196014958504682764e-10
1.883248594808199493e-10
2.946836336002965840e-10
4.582591644541677916e-10
7.082752149518642336e-10
1.088070803879730597e-09
1.661515926727082406e-09
2.522154280206623163e-09
3.806148015779783248e-09
5.710488122483038306e-09
8.518449236183333244e-09
1.263494567843288469e-08
1.863533113779010936e-08
2.733233251242383717e-08
3.986728560218637795e-08
5.783372641885924720e-08
8.344378155884886218e-08
1.197508052709299787e-07
1.709454578030434722e-07
2.427470555358983011e-07
3.429177124164331223e-07
4.819337153094383985e-07
6.738569288121981354e-07
9.374590145212119848e-07
1.297663087791521070e-06
1.787381331406339247e-06
2.449843237360454303e-06
3.341527726555607551e-06
4.535833531287637595e-06
6.127645985794937716e-06
8.238984741571747915e-06
1.102594578420290487e-05
1.468718221901125426e-05
1.947420119067615264e-05
2.570378838887367646e-05
3.377290602482399415e-05
4.417644384690883698e-05
5.752823432572278162e-05
7.458577091513833113e-05
9.627909031893224206e-05
1.237442936953170758e-04
1.583621851639361851e-04
2.018024960406150268e-04
2.560741369150457765e-04
3.235818738803914753e-04
4.071897567654777779e-04
5.102915330414206380e-04
6.368881583342263231e-04
7.916723607209767352e-04
9.801200293361480003e-04
1.208587977142395326e-03
1.484417372862941288e-03
1.816041849026681868e-03
2.213098974186969523e-03
2.686543431506556619e-03
3.248759878581161317e-03
3.913673081888657639e-03
4.696852532688528328e-03
5.615608370432605828e-03
6.689075077344483304e-03
7.938279077853502633e-03
9.386186094350795761e-03
1.105772389247432902e-02
1.297977591147169221e-02
1.518114123469805482e-02
1.769245642784605596e-02
2.054607497258295265e-02
2.377590036335477247e-02
2.741716942488538200e-02
3.150618305355606941e-02
3.607998238947796726e-02
4.117596938499949732e-02
4.683147184175174421e-02
5.308325422872558347e-02
5.996697694913260407e-02
6.751660816907244234e-02
7.576379382598655288e-02
8.473719296413051438e-02
9.446178705813099152e-02
1.049581734409460454e-01
1.162418543036533580e-01
1.283225339349784166e-01
1.412034378720543881e-01
1.548806683964180642e-01
1.693426112899959202e-01
1.845694089291716744e-01
2.005325146121204882e-01
2.171943424646339826e-01
2.345080263410180554e-01
2.524172998281628555e-01
2.708565077822977507e-01
2.897507578001812245e-01
3.090162176819915008e-01
3.285605623252825791e-01
3.482835706513383034e-01
3.680778701697122735e-01
3.878298237037023921e-01
4.074205497047928004e-01
4.267270645577000421e-01
4.456235324015372923e-01
4.639826053488206314e-01
4.816768346537972367e-01
4.985801314445108545e-01
5.145692541687026944e-01
5.295252989979523095e-01
5.433351691933373528e-01
5.558930000217117140e-01
5.671015175306239886e-01
5.768733130255713215e-01
5.851320221899696250e-01
5.918134135500501269e-01
5.968664332257678229e-01
6.002544028154684908e-01
6.019574399752533056e-01
6.019701350117176997e-01
6.002256198961010147e-01
5.967458336550987008e-01
5.915700216161057234e-01
5.847487612851690608e-01
5.763453106621653221e-01
5.664352214649371886e-01
5.551054384957297971e-01
5.424531353896024921e-01
5.285843808636646601e-01
5.136126891437253761e-01
4.976574948438050039e-01
4.808425870765878352e-01
4.632945345543263427e-01
4.451411310848207847e-01
4.265098885147291519e-01
4.075266015873637016e-01
3.883140063072706982e-01
3.689905502619644229e-01
3.496692900045809127e-01
3.304569271298646305e-01
3.114529911671771178e-01
2.927491739546967398e-01
2.744288168313288589e-01
2.565665488605289868e-01
2.392280714471766712e-01
2.224700821761316227e-01
2.063403285279102051e-01
1.908777803385598715e-01
1.761129084798941924e-01
1.620680562434095306e-01
1.487578893054733731e-01
1.361899099127343027e-01
1.243650210260700967e-01
1.132781265638580365e-01
1.029187545506877327e-01
9.327169086286452027e-02
8.431761232232799774e-02
7.603370908163829822e-02
6.839428752094844910e-02
6.137134620288449416e-02
5.493511876555406959e-02
4.905457894445727773e-02
4.369790417216345285e-02
3.883289538676838737e-02
3.442735176745269354e-02
3.044940009424204619e-02
2.686777929004032298e-02
2.365208144135111379e-02
2.077295120871237508e-02
1.820224603114768344e-02
1.591315990600164140e-02
1.388031379379111099e-02
1.207981586640752454e-02
1.048929489647531035e-02
9.087910087120672914e-03
7.856340576279281090e-03
6.776757729436412754e-03
5.832783170400430116e-03
5.009435301878377780e-03
4.293066845891168638e-03
3.671295697209874236e-03
3.132931138720014032e-03
2.667897222602748104e-03
2.267154881046228986e-03
1.922624099451435966e-03
1.627107267350373209e-03
1.374214620215628109e-03
1.158292500886087166e-03
9.743550036416532677e-04
8.180194175890131893e-04
6.854457590342350089e-04
5.732805745558194931e-04
4.786051068868833530e-04
3.988878435562143599e-04
3.319414124544514916e-04
2.758837479097336984e-04
2.291034242513637000e-04
1.902290399720259987e-04
1.581025332418412521e-04
1.317563174850594184e-04
1.103941428362527409e-04
9.337561441152350951e-05
8.020433033728796655e-05
7.051964024321267415e-05
6.409206727842338782e-05
6.082248241497197787e-05
6.074516751863210599e-05
6.403495191449726340e-05
7.101865429943782140e-05
8.219110599810947287e-05
9.823607064061824572e-05
1.200524070364711738e-04
1.487858437709262496e-04
1.858667430738740781e-04
2.330542248375054202e-04
2.924869961836356409e-04
3.667411845460643747e-04
4.588953997239078532e-04
5.726031498350659917e-04
7.121726049285391838e-04
8.826535380567496073e-04
1.089931075390187945e-03
1.340825653862013928e-03
1.643198317308651587e-03
2.006060181824891563e-03
2.439684571217876508e-03
2.955719968755869242e-03
3.567301558306059522e-03
4.289158744672290358e-03
5.137715659507080188e-03
6.131181287350917671e-03
7.289625499524401975e-03
8.635036976533254013e-03
1.019135874817045720e-02
1.198449690113760450e-02
1.404229791344206550e-02
1.639449008937862717e-02
1.907258470385280943e-02
2.210973273375579223e-02
2.554053346821032536e-02
2.940079185682980753e-02
3.372722217990566790e-02
3.855709650642091119e-02
4.392783743979716132e-02
4.987655582672546190e-02
5.643953540501488869e-02
6.365166777012845611e-02
7.154584251934621719e-02
8.015229895432958440e-02
8.949794724965864923e-02
9.960566848510968296e-02
1.104936043484911479e-01
1.221744485975923139e-01
1.346547534776818544e-01
1.479342651795483021e-01
1.620053030496817481e-01
1.768521975905503196e-01
1.924508022824807651e-01
2.087680938945253584e-01
2.257618752134408768e-01
2.433805930011157526e-01
2.615632824955065883e-01
2.802396479139130925e-01
2.993302862267393505e-01
3.187470589827846590e-01
3.383936142320498885e-01
3.581660576670203655e-01
3.779537690549665263e-01
3.976403569351860678e-01
4.171047414843404022e-01
4.362223524913563244e-01
4.548664266130786893e-01
4.729093855845795114e-01
4.902242749142133316e-01
5.066862408824305275e-01
5.221740224664829233e-01
5.365714342237467571e-01
5.497688163120298954e-01
5.616644289233190257e-01
5.721657709072065501e-01
5.811908073355696036e-01
5.886691011375793092e-01
5.945428689956193669e-01
5.987680578535558018e-01
6.013158688975454025e-01
6.021786940471525185e-01
6.013180709071745955e-01
5.987026422103347567e-01
5.943703914936045996e-01
5.883657981659514702e-01
5.807457667513041821e-01
5.715797841152445713e-01
5.609492232949936374e-01
5.489462945752929812e-01
5.356727884128992256e-01
5.212386782728855028e-01
5.057606287327799377e-01
4.893604458732999651e-01
4.721635030717545312e-01
4.542971727548568150e-01
4.358892923611921710e-01
4.170666903100076484e-01
3.979537950439251959e-01
3.786713471990630353e-01
3.593352317025753639e-01
3.400554431781998566e-01
3.209351945392609484e-01
3.020701751538385493e-01
2.835479615632617301e-01
2.654475805014117062e-01
2.478392209671195223e-01
2.307840894034267065e-01
2.143343996802946350e-01
1.985334875939917809e-01
1.834160380056643336e-01
1.690084115501841178e-01
1.553290570487123601e-01
1.423889953392195040e-01
1.301923601732843661e-01
1.187369820830142669e-01
1.080150016608882185e-01
9.801349947597527701e-02
8.871513082824700192e-02
8.009875467377167158e-02
7.214004729345629974e-02
6.481209258448462907e-02
5.808594218768144829e-02
5.193113999031315903e-02
4.631620683150048517e-02
4.120908246018650800e-02
3.657752293246473857e-02
3.238945266958714875e-02
2.861327131880861754e-02
2.521811635929880127e-02
2.217408307183183630e-02
1.945240404447642554e-02
1.702559082096193402e-02
1.486754062005323125e-02
1.295361127156582394e-02
1.126066763739779798e-02
9.767102825010736539e-03
8.452837467479054970e-03
7.299300250096043587e-03
6.289392719811635196e-03
5.407441231317677496e-03
4.639138672456813439e-03
3.971478381027529481e-03
3.392682423209012702e-03
2.892126157900774125e-03
2.460260767363503173e-03
2.088535197681246243e-03
1.769318726773856133e-03
1.495825166023332341e-03
1.262039506246697513e-03
1.062647641166622296e-03
8.929696424491368259e-04
7.488969199597121217e-04
6.268334788356238552e-04
5.236413805892558941e-04
4.365904277682457852e-04
3.633120195069939142e-04
3.017570672758082876e-04
2.501578148497938517e-04
2.069933725359395578e-04
1.709587515794385761e-04
1.409371690362164707e-04
1.159753849362668218e-04
9.526183105368304547e-05
7.810729292970127738e-05
6.392791296312782623e-05
5.223029149932635173e-05
4.259847413989398734e-05
3.468262629391978563e-05
2.818920973522817848e-05
2.287249015048114354e-05
1.852721897942678577e-05
1.498234695776854400e-05
1.209564044031820997e-05
9.749084632334034767e-06
7.844970165913201830e-06
6.302570944792550165e-06
5.055331798962730080e-06
4.048494222986159670e-06
3.237097324410613544e-06
2.584299104411365897e-06
2.059970368008218603e-06
1.639519961480615412e-06
1.302915711609392748e-06
1.033870450323310488e-06
8.191669058560842803e-07
6.480990840827465947e-07
5.120111062875645940e-07
4.039173648580516282e-07
3.181903559132147910e-07
2.503046938529347437e-07
1.966276497902331441e-07
1.542481225869284637e-07
1.208372828252311423e-07
9.453525797377240763e-08
7.385917927419700646e-08
5.762871228593197258e-08
4.490586540285586291e-08
3.494643308293194677e-08
2.716089961985593318e-08
2.108301941547093153e-08
1.634461327769507736e-08
1.265538790490146640e-08
9.786806510148974816e-09
7.559220218586754094e-09
5.831618992521082744e-09
4.493482935637958520e-09
3.458314558286795492e-09
2.658513855534740071e-09
2.041324123784521173e-09
1.565630040351433962e-09
1.199432913071371039e-09
9.178630449052202923e-10
7.016173967024056118e-10
5.357334419899317426e-10
4.086283355214602323e-10
3.113471178618297343e-10
2.369753502987912950e-10
1.801808872065544112e-10
1.368569093585072367e-10
1.038442367665606195e-10
7.871561686879020448e-11
5.960838818841260355e-11
4.509484813067316247e-11
3.408196479280859218e-11
2.573389354083912814e-11
1.941219126142335196e-11
1.462974574323641142e-11
1.101531920916942341e-11
8.286294998180809996e-12
6.227755567988154719e-12
4.676440662146186612e-12
3.508462199011613109e-12
2.629907352306346492e-12
1.969659282173894202e-12
1.473918528285478797e-12
1.102026994697806590e-12
8.232884213133907280e-13
6.145502587210172853e-13
4.583666359563619005e-13
3.416042948522430394e-13
2.543858101609628385e-13
1.892893370431951012e-13
1.407432464623020484e-13
1.045686572382992900e-13
7.763408235613089273e-14
5.759497355616841238e-14
4.269748722704201461e-14
3.163078003072890748e-14
2.341593914278277171e-14
1.732253967603306395e-14
1.280601579258266645e-14
9.460696984317075060e-15
6.984623145448423753e-15
5.153207787074676943e-15
3.799541663106247794e-15
2.799675317971223914e-15
2.061631376618040969e-15
1.517208293580918677e-15
1.115871466423396221e-15
8.202038493319408095e-16
6.025206880294566689e-16
4.423524994873448597e-16
3.245750790177005292e-16
2.380212831650183576e-16
1.744512509165328673e-16
1.277890874907714796e-16
9.355747990088996466e-17
6.845922456589500709e-17
5.006771488529985640e-17
3.659818003803386277e-17
2.673872483622187520e-17
1.952562342472233839e-17
1.425133804105026976e-17
1.039672031663929542e-17
7.581070058484632636e-18
5.525371738147708683e-18
4.025248727773815926e-18
2.931079002239796045e-18
2.133385002997231319e-18
1.552105225062946169e-18
1.128720893439815317e-18
8.204813053960982578e-19
5.961708718877096504e-19
4.330080197381467972e-19
3.143745709019972975e-19
2.281541083857961650e-19
1.655166531021406299e-19
1.200302453048655233e-19
8.701183681590575299e-20
6.305327487840285798e-20
4.567532264925434575e-20
3.307525750431721338e-20
2.394282668164592433e-20
1.732611146624117264e-20
1.253381187582217760e-20
9.064095869842870168e-21
6.552814871552182886e-21
4.735831153836058769e-21
3.421623446466265891e-21
2.471375122965568776e-21
1.784507264714128235e-21
1.288172058471553486e-21
9.296254866851316201e-22
6.706924615893420083e-22
4.837519435966537636e-22
3.488257446543214252e-22
2.514684104176093700e-22
1.812383120366702851e-22
1.305902607232967868e-22
9.407371523761238112e-23
6.775245316694207976e-23
4.878467848160309653e-23
3.511931299809774406e-23
2.527639560252545991e-23
1.818834763914957636e-23
1.308527032386262194e-23
9.412085397760745368e-24
6.768696809181595266e-24
4.866790124393777081e-24
3.498652593326626442e-24
2.514675418001187092e-24
1.807125078779024966e-24
1.298439967549110204e-24
9.327926739443832527e-25
6.700082486129380835e-25
4.811817030781523600e-25
3.455207495618883739e-25
2.480717745791607020e-25
1.780823442695913553e-25
1.278223339499700943e-25
9.173541888544362570e-26
6.582847844192682686e-26
4.723229693216824539e-26
3.388556981462225577e-26
2.430765005638433188e-26
1.743514529822737363e-26
1.250444780449968830e-26
8.967300752378077492e-27
6.430120678229032746e-27
4.610399534718685830e-27
3.305383955935835485e-27
2.369578074656473954e-27
1.698586668746847076e-27
1.217513502170548371e-27
8.726318002401120198e-28
6.254048260934941034e-28
4.481940804783768396e-28
3.211792155692482557e-28
2.301478353074538022e-28
1.649096988385832504e-28
1.181590597062126959e-28
8.465859194048030628e-29
6.065406170949385694e-29
4.345454421016609578e-29
3.113139514434137056e-29
2.230240195986476534e-29
1.597702603545633802e-29
1.144545489489459551e-29
8.199068802383962351e-30
5.873431261192025221e-30
4.207427591881551922e-30
3.013979605290752725e-30
2.159058192601904754e-30
1.546643543150561254e-30
1.107948093509808314e-30
7.936944217880329775e-31
5.685823748573449466e-31
4.073249514303377663e-31
2.918082602351564709e-31
2.090568818636659712e-31
1.497762785664464311e-31
1.073086244436588113e-31
7.688481532375078841e-32
5.508865826255018161e-32
3.947305933994520560e-32
2.828509495196236687e-32
2.026907962808561014e-32
1.452550400780343453e-32
1.040999286262521578e-32
7.460929296962027777e-33
5.347612219302891216e-33
3.833121489011994116e-33
2.747717930115960328e-33
1.969789307624363591e-33
1.412201385621292972e-33
1.012520611142314769e-33
7.260100504024739287e-34
5.206118394869484488e-34
3.733526248658518194e-34
2.677683483592436507e-34
1.920592468544008059e-34
1.377679608695566319e-34
9.883239747036811907e-35
7.090707556512171000e-35
5.087682495728328478e-35
3.650830234924360601e-35
2.620025412941113555e-35
1.880453509720216015e-35
1.349782902467425748e-35
9.689702664113695040e-36
6.956698066298036551e-36
4.995086269573256820e-36
3.586996180071631549e-36
2.576130465531265922e-36
1.850353632643449132e-36
1.329206568965866397e-36
9.549529679739208538e-37
6.861580168158230034e-37
4.930827827423028299e-37
3.543806040090621806e-37
2.547271992388301008e-37
1.831204381669566783e-37
1.316604332702911029e-37
9.467417614395320570e-38
6.808734560213908228e-38
4.897344975456875229e-38
3.523020880864805565e-38
2.534724450898967536e-38
1.823929677076832220e-38
1.312647137450789233e-38
9.448246922755387764e-39
6.801717019247560757e-39
4.897232395146248212e-39
3.526536894914413254e-39
2.539875560319843444e-39
1.829546499042855336e-39
1.318081234632524212e-39
9.497500240212624279e-40
6.844560233459375388e-40
4.933459500461559996e-40
3.556542790195901140e-40
2.564340112752278527e-40
1.849247266094454194e-40
1.333787869189825347e-40
9.621695261018718462e-41
6.942088072098031096e-41
5.009598832890013132e-41
3.615685948266719146e-41
2.610080979866942605e-41
1.884488051756873544e-41
1.360847658537257464e-41
9.828855051684108928e-42
7.100259521199397961e-42
5.130077834380704296e-42
3.707256915952733888e-42
2.679544436493779993e-42
1.937087939956982927e-42
1.400613609237075183e-42
1.012904515174232604e-42
7.326564125417493905e-43
5.300470248976429903e-43
3.835404323375074775e-43
2.775818801030827050e-43
2.009346218456765536e-43
1.454797759181845400e-43
1.053501460651737987e-43
7.630496605680936123e-44
5.527847771076630496e-44
4.005395596665779537e-44
2.902827851931542804e-44
2.104185957846288129e-44
1.525577823283894932e-44
1.106298854117547892e-44
8.024146204715854100e-45
5.821218498924564024e-45
4.223943313250623841e-45
3.065573858824780666e-45
2.225335073908457018e-45
1.615732145959294736e-45
1.173367442417906463e-45
8.522947294316729134e-46
6.192087048844581757e-46
4.499623317227858423e-46
3.270449805345091173e-46
2.377559553011278197e-46
1.728813971556227703e-46
1.257356464199504533e-46
9.146653259717592449e-47
6.655182893327096537e-47
4.843419566768501371e-47
3.525647077820950730e-47
2.566968585905741603e-47
1.869379875901599639e-47
1.361664699666201575e-47
9.920617608924026627e-48
7.229420080393570486e-48
5.269443241682007078e-48
3.841694395322797972e-48
2.801418545509339137e-48
2.043292643724820482e-48
1.490667592272118249e-48
1.087749742806324820e-48
7.939175088651786694e-49
5.795891502634297858e-49
4.232177280478658125e-49
3.091052983683001572e-49
2.258126629967650908e-49
1.650021593230420043e-49
1.205953876807957666e-49
8.816003249255444170e-50
6.446336802355785830e-50
4.714706694225353586e-50
3.449030461739609270e-50
2.523714735194681375e-50
1.847075284872163392e-50
1.352166724497690576e-50
9.900962442561166994e-51
7.251474242397154346e-51
5.312233197980348448e-51
3.892513060968578979e-51
2.852892072315677661e-51
2.091428931951129945e-51
1.533569885157368711e-51
1.124778234411641080e-51
8.251507242029764607e-52
6.054843044928346990e-52
4.444018799557392831e-52
3.262514456422927667e-52
2.395701607638166623e-52
1.759611879641514813e-52
1.292721832398849665e-52
9.499428340937914143e-53
6.982230734202397827e-53
5.133285330636260637e-53
3.774863382317496272e-53
2.776590514010994760e-53
2.042806971647172787e-53
1.503307615765019979e-53
1.106556371109738231e-53
8.147127500362619676e-54
5.999856862630610858e-54
4.419598241399743507e-54
3.256344440754238059e-54
2.399847444532835272e-54
1.769060958277180427e-54
1.304391416457908229e-54
9.620090139148987366e-55
7.096701299320836405e-55
5.236488866508699931e-55
3.864828361195863870e-55
2.853163760249808672e-55
2.106831178944325849e-55
1.556106837697909513e-55
1.149623957023565819e-55
8.495305499150677438e-56
6.279268824433428578e-56
4.642437935144266375e-56
3.433129332669759767e-56
2.539459674404792957e-56
1.878882593819523494e-56
1.390481440378897353e-56
1.029290687312502028e-56
