6.058522625233292348e-165
7.137420057717700253e-12
6.390478246729224359e-09
1.351157443348566365e-07
8.576020865960113449e-07
3.098374775746031395e-06
8.155733068758242506e-06
1.760199653389707164e-05
3.322442268254650801e-05
5.700713877952831332e-05
9.114192992209437948e-05
1.380577701076378665e-04
2.004628915062164440e-04
2.813961452117229637e-04
3.842862724106483599e-04
5.130188118193059659e-04
6.720110160761615884e-04
8.662955318354150077e-04
1.101613830312259687e-03
1.384520520451567888e-03
1.722499768649559965e-03
2.124095101977599865e-03
2.599053890215938765e-03
3.158487782841864003e-03
3.815050312695955018e-03
4.583132756796621209e-03
5.479079151752631709e-03
6.521421078354689392e-03
7.731132436098311043e-03
9.131903899605407771e-03
1.075043605857969355e-02
1.261674936237080352e-02
1.476450788951763279e-02
1.723135261191708831e-02
2.005923819451586876e-02
2.329476544100509208e-02
2.698949924788064322e-02
3.120025935910017770e-02
3.598936833381680134e-02
4.142483798528343031e-02
4.758047218418429147e-02
5.453586044492247931e-02
6.237623327293879277e-02
7.119214703949282297e-02
8.107896341781115068e-02
9.213608647013900310e-02
1.044659196859678701e-01
1.181725060563275365e-01
1.333598170851116038e-01
1.501296619608141203e-01
1.685791964018289457e-01
1.887980223509422295e-01
2.108648850277400899e-01
2.348439929809229831e-01
2.607810096109212661e-01
2.886987907499913852e-01
3.185929715229950387e-01
3.504275356903548411e-01
3.841305303904546387e-01
4.195901166355073264e-01
4.566511687067332792e-01
4.951126511414264408e-01
5.347260076436621823e-01
5.751947894811776374e-01
6.161757296800454142e-01
6.572814322376164808e-01
6.980847922795576643e-01
7.381251944604926285e-01
7.769164552172669325e-01
8.139563834384105911e-01
8.487377387664940542e-01
8.807602732424077985e-01
9.095434571467828633e-01
9.346394206357468981e-01
9.556455955410591008e-01
9.722165217787737124e-01
9.840742936846156308e-01
9.910171645178845745e-01
9.929209100486541262e-01
9.893585533281257227e-01
9.801738447052364966e-01
9.656056978599343310e-01
9.460248976341180116e-01
9.219140300603321236e-01
8.938424617305973374e-01
8.624385073055931272e-01
8.283609849893563970e-01
7.922721747876830811e-01
7.548138183079023955e-01
7.165873074333068971e-01
6.781386823342383519e-01
6.399485668850545261e-01
6.024267622367474040e-01
5.659109246958152761e-01
5.306685782806791485e-01
4.969016446933935405e-01
4.647526927492777182e-01
4.343121898971764594e-01
4.056261551130269094e-01
3.787037435729255774e-01
3.535244227408111950e-01
3.300445159651700378e-01
3.082029873972736977e-01
2.879264189170547272e-01
2.691331863938942748e-01
2.517368812891913055e-01
2.356490474034513005e-01
2.207813147535691578e-01
2.070470162056235186e-01
1.943623702383800167e-01
1.826473072254396202e-01
1.718260085522963221e-01
1.618272189319336085e-01
1.525843832761769325e-01
1.440356509495941129e-01
1.361237824841234345e-01
1.287959870108884852e-01
1.220037128064321574e-01
1.157024084194009511e-01
1.098512677650718417e-01
1.044129692531520909e-01
9.935341634645783460e-02
9.464148483410243784e-02
9.024878044970326141e-02
8.614940918985956875e-02
8.231976171871419057e-02
7.873831251954215016e-02
7.538543392285987355e-02
7.224322476041575292e-02
6.929535313136707397e-02
6.652691259342266572e-02
6.392429098582086411e-02
6.147505103540953919e-02
5.916782187828013156e-02
5.699220063690409871e-02
5.493866321848682455e-02
5.299848353818016611e-02
5.116366041629793332e-02
4.942685144835318178e-02
4.778131319809946626e-02
4.622084711504757110e-02
4.473975062789939394e-02
4.333277291317155777e-02
4.199507488345927131e-02
4.072219298200888821e-02
3.951000640940654368e-02
3.835470744423271489e-02
3.725277455254593501e-02
3.620094801117070688e-02
3.519620779712775288e-02
3.423575352034250591e-02
3.331698619918442572e-02
3.243749169861277759e-02
3.159502566892516406e-02
3.078749983949352620e-02
3.001296953660322411e-02
2.926962230773854159e-02
2.855576754652918575e-02
2.786982702322076538e-02
2.721032623508388634e-02
2.657588649973773726e-02
2.596521772204162665e-02
2.537711177209184613e-02
2.481043641803276981e-02
2.426412976292599902e-02
2.373719513988923474e-02
2.322869642416962310e-02
2.273775372481980778e-02
2.226353992020185454e-02
2.180531122959486132e-02
2.136259929653643724e-02
2.093541326091378010e-02
2.052422591219603756e-02
2.012986710553990241e-02
1.975343971190624340e-02
1.939628011691777940e-02
1.905995398613449104e-02
1.874627549154126924e-02
1.845734187859062944e-02
1.819557878569369805e-02
1.796379410768230225e-02
1.776523963902950157e-02
1.760368057994170232e-02
1.748347348519819003e-02
1.740965353289399345e-02
1.738803217398980291e-02
1.742530633999350362e-02
1.752918045796298188e-02
1.770850255818986335e-02
1.797341576066983221e-02
1.833552638631316678e-02
1.880808984806842804e-02
1.940621532242975747e-02
2.014708996665892302e-02
2.105022311186749776e-02
2.213771040430159015e-02
2.343451726140952790e-02
2.496878022784108572e-02
2.677212382999677800e-02
2.887998930603017864e-02
3.133197010210102967e-02
3.417214724899822476e-02
3.744941564569700260e-02
4.121778986724276145e-02
4.553667538691020394e-02
5.047108807975973777e-02
5.609180160520754743e-02
6.247539883147738143e-02
6.970419998624080571e-02
7.786603686393837875e-02
8.705383941302716200e-02
9.736499864517547675e-02
1.089004683916129090e-01
1.217635683733957613e-01
1.360584527925370046e-01
1.518882126592942250e-01
1.693525868198864914e-01
1.885452665776112813e-01
2.095507922675706736e-01
2.324410573728704077e-01
2.572714567790633233e-01
2.840767403063308438e-01
3.128666601545207482e-01
3.436215303761926410e-01
3.762878465672731543e-01
4.107741428186187926e-01
4.469472884027733128e-01
4.846294461777839180e-01
5.235959256177908916e-01
5.635741631155436471e-01
6.042440484225835018e-01
6.452397870459305462e-01
6.861534432106977111e-01
7.265402468539385872e-01
7.659256725909563412e-01
8.038142116816502369e-01
8.396996641235781045e-01
8.730766827488011250e-01
9.034532111414590450e-01
9.303633792755165999e-01
9.533803617685331355e-01
9.721286694920960869e-01
9.862953404278423930e-01
9.956395225341682087e-01
1.000000000000000000e+00
9.991736913193149938e-01
9.927072395405791561e-01
9.807215059814567981e-01
9.635233492108382647e-01
9.415422205568388936e-01
9.153073688656859774e-01
8.854211383584675854e-01
8.525305618056393531e-01
8.172993844568111621e-01
7.803823651982402243e-01
7.424032576401540240e-01
7.039373550609547836e-01
6.654989657964831551e-01
6.275337308415930293e-01
5.904153423714981752e-01
5.544459870483666730e-01
5.198597183462764226e-01
4.868279409681503522e-01
4.554662436119104596e-01
4.258419179208490224e-01
3.979816277226249088e-01
3.718788245356673960e-01
3.475006292062446378e-01
3.247940071179826194e-01
3.036911517914864245e-01
2.841140582592783792e-01
2.659783149217377352e-01
2.491961734285721985e-01
2.336789737240466680e-01
2.193390089499696605e-01
2.060909152978188663e-01
1.938526675480000960e-01
1.825462538291423853e-01
1.720980944936623958e-01
1.624392609433591428e-01
1.535055414194417822e-01
1.452373926045525954e-01
1.375798085883369049e-01
1.304821324077402867e-01
1.238978299848510628e-01
1.177842417907444816e-01
1.121023238756444357e-01
1.068163869232572477e-01
1.018938396080339009e-01
9.730494066130832009e-02
9.302256259753505230e-02
8.902196893761751828e-02
8.528060592601066636e-02
8.177790911580148925e-02
7.849512474482858715e-02
7.541514550806237283e-02
7.252236011619195288e-02
6.980251589303186621e-02
6.724259358547980681e-02
6.483069352401348018e-02
6.255593226717777455e-02
6.040834888101075106e-02
5.837882003685548882e-02
5.645898315320486971e-02
5.464116685517694111e-02
5.291832807599790994e-02
5.128399517637950017e-02
4.973221650843481084e-02
4.825751389976114941e-02
4.685484057987446965e-02
4.551954311490200716e-02
4.424732695713337605e-02
4.303422525361506878e-02
4.187657059249139807e-02
4.077096939734378006e-02
3.971427870849526115e-02
3.870358511630819093e-02
3.773618563508819579e-02
3.680957032750423186e-02
3.592140650863616391e-02
3.506952437604508171e-02
3.425190392780194659e-02
3.346666304437129202e-02
3.271204662278000969e-02
3.198641666274640999e-02
3.128824321452886026e-02
3.061609610729991784e-02
2.996863738495753049e-02
2.934461438355709384e-02
2.874285339106450940e-02
2.816225383597777826e-02
2.760178295660670883e-02
2.706047090750449136e-02
2.653740626376741019e-02
2.603173188771003982e-02
2.554264112582670110e-02
2.506937430701170616e-02
2.461121551576033947e-02
2.416748961654739333e-02
2.373755950780754784e-02
2.332082358594710775e-02
2.291671340162300397e-02
2.252469149215534025e-02
2.214424937540823701e-02
2.177490569180096786e-02
2.141620448230888152e-02
2.106771359139788732e-02
2.072902318481381623e-02
2.039974437303583230e-02
2.007950793200492454e-02
1.976796311346587509e-02
1.946477653792055146e-02
1.916963116378895410e-02
1.888222532691740188e-02
1.860227184506682910e-02
1.832949718246325299e-02
1.806364066990018627e-02
1.780445377625471809e-02
1.755169942761750437e-02
1.730515137054526933e-02
1.706459357622597608e-02
1.682981968260364655e-02
1.660063247174473067e-02
1.637684337994166697e-02
1.615827203824578284e-02
1.594474584130139636e-02
1.573609954251613263e-02
1.553217487375416553e-02
1.533282018787643364e-02
1.513789012257816223e-02
1.494724528409099688e-02
1.476075194942289004e-02
1.457828178590725964e-02
1.439971158692322090e-02
1.422492302273132767e-02
1.405380240544569850e-02
1.388624046723370767e-02
1.372213215089945933e-02
1.356137641206642437e-02
1.340387603223047557e-02
1.324953744200498343e-02
1.309827055392676250e-02
1.294998860423511935e-02
1.280460800307657750e-02
1.266204819262476897e-02
1.252223151263948640e-02
1.238508307302097627e-02
1.225053063294474082e-02
1.211850448618969137e-02
1.198893735229787996e-02
1.186176427322765264e-02
1.173692251518369291e-02
1.161435147532819019e-02
1.149399259309589333e-02
1.137578926585341293e-02
1.125968676865986111e-02
1.114563217790057528e-02
1.103357429858028288e-02
1.092346359507507907e-02
1.081525212515482837e-02
1.070889347709931549e-02
1.060434270974188950e-02
1.050155629528462878e-02
1.040049206473794147e-02
1.030110915584692838e-02
1.020336796337419083e-02
1.010723009161693109e-02
1.001265830904324999e-02
9.919616504938796528e-03
9.828069647961791902e-03
9.737983746509805763e-03
9.649325810807365955e-03
9.562063816628479235e-03
9.476166670573188400e-03
9.391604176821494523e-03
9.308347005292394796e-03
9.226366661139866546e-03
9.145635455521062759e-03
9.066126477575672457e-03
8.987813567558880848e-03
8.910671291072992314e-03
8.834674914346194938e-03
8.759800380509361745e-03
8.686024286824514315e-03
8.613323862820909324e-03
8.541676949297180577e-03
8.471061978149859936e-03
8.401457952990888656e-03
8.332844430518503501e-03
8.265201502607693110e-03
8.198509779088238025e-03
8.132750371179893467e-03
8.067904875555642619e-03
8.003955359005731490e-03
7.940884343676251136e-03
7.878674792857405171e-03
7.817310097297884217e-03
7.756774062022855735e-03
7.697050893634142799e-03
7.638125188072231349e-03
7.579981918820753381e-03
7.522606425534899242e-03
7.465984403076180234e-03
7.410101890936836994e-03
7.354945263037784148e-03
7.300501217884888989e-03
7.246756769069121785e-03
7.193699236096535998e-03
7.141316235534962177e-03
7.089595672464753771e-03
7.038525732221481701e-03
6.988094872419040038e-03
6.938291815242221029e-03
6.889105539998167244e-03
6.840525275916671533e-03
6.792540495189711841e-03
6.745140906241026829e-03
6.698316447216924249e-03
6.652057279689945098e-03
6.606353782567302331e-03
6.561196546196370293e-03
6.516576366659919926e-03
6.472484240253996088e-03
6.428911358141623823e-03
6.385849101175936418e-03
6.343289034886519240e-03
6.301222904622948151e-03
6.259642630849838671e-03
6.218540304588035181e-03
6.177908182996510490e-03
6.137738685090110731e-03
6.098024387588249322e-03
6.058758020889850639e-03
6.019932465170260358e-03
5.981540746595679844e-03
5.943576033651114775e-03
5.906031633577907107e-03
5.868900988917010592e-03
5.832177674154455371e-03
5.795855392465384774e-03
5.759927972553480213e-03
5.724389365582375870e-03
5.689233642196054284e-03
5.654454989625241727e-03
5.620047708876884686e-03
5.586006212003963994e-03
5.552325019453021974e-03
5.518998757486781419e-03
5.486022155679455559e-03
5.453390044482353365e-03
5.421097352857451313e-03
5.389139105976852549e-03
5.357510422985858368e-03
5.326206514827755076e-03
5.295222682128244117e-03
5.264554313137704417e-03
5.234196881729388275e-03
5.204145945451803083e-03
5.174397143633676852e-03
5.144946195539687808e-03
5.115788898575565971e-03
5.086921126540903081e-03
5.058338827928287457e-03
5.030038024267296203e-03
5.002014808511989936e-03
4.974265343470606407e-03
4.946785860276132867e-03
4.919572656896574123e-03
4.892622096683692419e-03
4.865930606959071626e-03
4.839494677636416338e-03
4.813310859878990391e-03
4.787375764791160053e-03
4.761686062143064349e-03
4.736238479127402069e-03
4.711029799147427310e-03
4.686056860635254978e-03
4.661316555899555104e-03
4.636805830001869237e-03
4.612521679660622556e-03
4.588461152182146500e-03
4.564621344417862762e-03
4.540999401746926949e-03
4.517592517083632818e-03
4.494397929908792999e-03
4.471412925324555823e-03
4.448634833131886318e-03
4.426061026930140641e-03
4.403688923238126794e-03
4.381515980636020192e-03
4.359539698927602375e-03
4.337757618322251284e-03
4.316167318636125391e-03
4.294766418512038601e-03
4.273552574657562761e-03
4.252523481100756696e-03
4.231676868463167887e-03
4.211010503249570762e-03
4.190522187154019189e-03
4.170209756381783837e-03
4.150071080986731178e-03
4.130104064223804120e-03
4.110306641916071715e-03
4.090676781836158002e-03
4.071212483101479228e-03
4.051911775583080452e-03
4.032772719327637825e-03
4.013793403992323844e-03
3.994971948292162615e-03
3.976306499459634006e-03
3.957795232716125947e-03
3.939436350754976432e-03
3.921228083235830247e-03
3.903168686289992979e-03
3.885256442036492605e-03
3.867489658108648302e-03
3.849866667190793464e-03
3.832385826564983777e-03
3.815045517667376394e-03
3.797844145654090658e-03
3.780780138976266771e-03
3.763851948964177119e-03
3.747058049420051544e-03
3.730396936219528524e-03
3.713867126921423928e-03
3.697467160385678551e-03
3.681195596399249384e-03
3.665051015309788926e-03
3.649032017666867505e-03
3.633137223870647105e-03
3.617365273827732614e-03
3.601714826614112446e-03
3.586184560144947426e-03
3.570773170851106442e-03
3.555479373362275836e-03
3.540301900196457779e-03
3.525239501455727092e-03
3.510290944528131167e-03
3.495455013795545612e-03
3.480730510347351640e-03
3.466116251699846718e-03
3.451611071521208923e-03
3.437213819361878853e-03
3.422923360390309633e-03
3.408738575133871216e-03
3.394658359224857376e-03
3.380681623151441436e-03
3.366807292013494421e-03
3.353034305283142044e-03
3.339361616569959043e-03
3.325788193390691143e-03
3.312313016943422683e-03
3.298935081886056764e-03
3.285653396119055016e-03
3.272466980572299490e-03
3.259374868996032897e-03
3.246376107755731891e-03
3.233469755630886521e-03
3.220654883617554438e-03
3.207930574734622203e-03
3.195295923833719933e-03
3.182750037412654821e-03
3.170292033432348371e-03
3.157921041137142469e-03
3.145636200878469940e-03
3.133436663941752999e-03
3.121321592376489259e-03
3.109290158829479313e-03
3.097341546381070145e-03
3.085474948384432127e-03
3.073689568307721304e-03
3.061984619579129555e-03
3.050359325434723757e-03
3.038812918769051834e-03
3.027344641988403365e-03
3.015953746866740798e-03
3.004639494404184180e-03
2.993401154688020774e-03
2.982238006756202271e-03
2.971149338463255005e-03
2.960134446348556322e-03
2.949192635506949801e-03
2.938323219461629922e-03
2.927525520039247174e-03
2.916798867247218444e-03
2.906142599153167631e-03
2.895556061766463990e-03
2.885038608921815240e-03
2.874589602164875565e-03
2.864208410639858086e-03
2.853894410979006518e-03
2.843646987194068700e-03
2.833465530569531741e-03
2.823349439557745408e-03
2.813298119675798452e-03
2.803310983404164788e-03
2.793387450087050569e-03
2.783526945834450400e-03
2.773728903425819008e-03
2.763992762215388300e-03
2.754317968039076466e-03
2.744703973122922334e-03
2.735150235993080974e-03
2.725656221387299030e-03
2.716221400167856750e-03
2.706845249235964156e-03
2.697527251447551927e-03
2.688266895530475216e-03
2.679063676003039761e-03
2.669917093093893221e-03
2.660826652663226665e-03
2.651791866125232430e-03
2.642812250371842642e-03
2.633887327697706764e-03
2.625016625726377811e-03
2.616199677337669068e-03
2.607436020596226849e-03
2.598725198681202646e-03
2.590066759817075820e-03
2.581460257205570475e-03
2.572905248958673886e-03
2.564401298032697486e-03
2.555947972163397346e-03
2.547544843802115964e-03
2.539191490052938004e-03
2.530887492610809676e-03
2.522632437700684203e-03
2.514425916017548526e-03
2.506267522667448341e-03
2.498156857109396986e-03
2.490093523098201988e-03
2.482077128628167647e-03
2.474107285877687537e-03
2.466183611154670972e-03
2.458305724842814281e-03
2.450473251348718635e-03
2.442685819049786322e-03
2.434943060242928878e-03
2.427244611094071889e-03
2.419590111588395751e-03
2.411979205481363121e-03
2.404411540250466720e-03
2.396886767047714823e-03
2.389404540652831452e-03
2.381964519427173018e-03
2.374566365268299811e-03
2.367209743565273049e-03
2.359894323154592029e-03
2.352619776276789181e-03
2.345385778533673905e-03
2.338192008846228659e-03
2.331038149413084890e-03
2.323923885669657713e-03
2.316848906247855663e-03
2.309812902936386747e-03
2.302815570641655180e-03
2.295856607349215390e-03
2.288935714085811937e-03
2.282052594881938540e-03
2.275206956734977803e-03
2.268398509572841851e-03
2.261626966218165460e-03
2.254892042352998806e-03
2.248193456484023217e-03
2.241530929908243548e-03
2.234904186679198806e-03
2.228312953573642011e-03
2.221756960058690611e-03
2.215235938259464774e-03
2.208749622927155907e-03
2.202297751407580016e-03
2.195880063610148713e-03
2.189496301977296878e-03
2.183146211454327530e-03
2.176829539459695147e-03
2.170546035855689272e-03
2.164295452919537052e-03
2.158077545314916919e-03
2.151892070063844784e-03
2.145738786518986557e-03
2.139617456336314998e-03
2.133527843448185506e-03
2.127469714036740647e-03
2.121442836507729263e-03
2.115446981464636552e-03
2.109481921683209211e-03
2.103547432086309323e-03
2.097643289719110411e-03
2.091769273724643479e-03
2.085925165319668737e-03
2.080110747770873032e-03
2.074325806371393396e-03
2.068570128417658496e-03
2.062843503186539279e-03
2.057145721912818394e-03
2.051476577766934116e-03
2.045835865833063420e-03
2.040223383087461356e-03
2.034638928377117007e-03
2.029082302398670101e-03
2.023553307677629885e-03
2.018051748547857686e-03
2.012577431131317915e-03
2.007130163318115740e-03
2.001709754746765907e-03
1.996316016784756460e-03
1.990948762509341888e-03
1.985607806688604281e-03
1.980292965762748669e-03
1.975004057825658580e-03
1.969740902606674504e-03
1.964503321452619553e-03
1.959291137310064084e-03
1.954104174707798052e-03
1.948942259739561622e-03
1.943805220046972669e-03
1.938692884802674377e-03
1.933605084693728942e-03
1.928541651905181726e-03
1.923502420103874976e-03
1.918487224422436334e-03
1.913495901443492634e-03
1.908528289184080592e-03
1.903584227080246799e-03
1.898663555971847206e-03
1.893766118087547622e-03
1.888891757030003319e-03
1.884040317761222086e-03
1.879211646588128731e-03
1.874405591148287434e-03
1.869622000395824036e-03
1.864860724587514207e-03
1.860121615269036844e-03
1.855404525261426536e-03
1.850709308647653954e-03
1.846035820759412468e-03
1.841383918164045700e-03
1.836753458651634247e-03
1.832144301222255432e-03
1.827556306073399844e-03
1.822989334587520136e-03
1.818443249319763068e-03
1.813917913985829905e-03
1.809413193449994689e-03
1.804928953713265827e-03
1.800465061901692547e-03
1.796021386254812715e-03
1.791597796114244648e-03
1.787194161912403169e-03
1.782810355161378079e-03
1.778446248441917796e-03
1.774101715392566083e-03
1.769776630698917819e-03
1.765470870083011169e-03
1.761184310292845728e-03
1.756916829092010617e-03
1.752668305249465005e-03
1.748438618529419468e-03
1.744227649681336176e-03
1.740035280430060052e-03
1.735861393466061166e-03
1.731705872435792496e-03
1.727568601932149813e-03
1.723449467485075768e-03
1.719348355552234456e-03
1.715265153509823448e-03
1.711199749643483410e-03
1.707152033139315702e-03
1.703121894075002984e-03
1.699109223411031508e-03
1.695113912982025095e-03
1.691135855488165845e-03
1.687174944486729330e-03
1.683231074383698947e-03
1.679304140425495187e-03
1.675394038690794681e-03
1.671500666082434243e-03
1.667623920319417051e-03
1.663763699929012930e-03
1.659919904238940603e-03
1.656092433369643190e-03
1.652281188226651081e-03
1.648486070493033291e-03
1.644706982621937062e-03
1.640943827829197729e-03
1.637196510086057644e-03
1.633464934111939111e-03
1.629749005367322904e-03
1.626048630046690114e-03
1.622363715071553983e-03
1.618694168083558739e-03
1.615039897437673408e-03
1.611400812195440705e-03
1.607776822118320249e-03
1.604167837661087722e-03
1.600573769965327490e-03
1.596994530852979648e-03
1.593430032819968811e-03
1.589880189029898618e-03
1.586344913307821897e-03
1.582824120134074166e-03
1.579317724638170869e-03
1.575825642592786372e-03
1.572347790407783259e-03
1.568884085124312971e-03
1.565434444408991474e-03
1.561998786548113522e-03
1.558577030441959943e-03
1.555169095599141359e-03
1.551774902131019531e-03
1.548394370746183132e-03
1.545027422744981848e-03
1.541673980014124021e-03
1.538333965021330225e-03
1.535007300810038028e-03
1.531693910994184372e-03
1.528393719753012902e-03
1.525106651825966714e-03
1.521832632507614733e-03
1.518571587642644641e-03
1.515323443620905479e-03
1.512088127372496421e-03
1.508865566362922348e-03
1.505655688588286708e-03
1.502458422570542278e-03
1.499273697352788547e-03
1.496101442494625908e-03
1.492941588067552786e-03
1.489794064650405486e-03
1.486658803324863521e-03
1.483535735670984219e-03
1.480424793762793925e-03
1.477325910163920179e-03
1.474239017923275946e-03
1.471164050570782436e-03
1.468100942113138548e-03
1.465049627029638233e-03
1.462010040268018870e-03
1.458982117240376422e-03
1.455965793819091010e-03
1.452961006332823381e-03
1.449967691562536543e-03
1.446985786737561190e-03
1.444015229531704940e-03
1.441055958059400156e-03
1.438107910871886481e-03
1.435171026953440841e-03
1.432245245717638253e-03
1.429330507003655996e-03
1.426426751072613344e-03
1.423533918603947512e-03
1.420651950691827550e-03
1.417780788841604012e-03
1.414920374966298312e-03
1.412070651383118746e-03
1.409231560810020540e-03
1.406403046362298412e-03
1.403585051549206472e-03
1.400777520270624511e-03
1.397980396813745547e-03
1.395193625849805224e-03
1.392417152430836360e-03
1.389650921986463825e-03
1.386894880320728267e-03
1.384148973608934552e-03
1.381413148394545305e-03
1.378687351586088987e-03
1.375971530454115016e-03
1.373265632628167549e-03
1.370569606093790041e-03
1.367883399189568630e-03
1.365206960604190044e-03
1.362540239373542881e-03
1.359883184877835362e-03
1.357235746838750170e-03
1.354597875316623790e-03
1.351969520707648397e-03
1.349350633741111917e-03
1.346741165476655639e-03
1.344141067301561979e-03
1.341550290928066741e-03
1.338968788390701957e-03
1.336396512043659755e-03
1.333833414558184853e-03
1.331279448919985920e-03
1.328734568426684012e-03
1.326198726685272507e-03
1.323671877609607604e-03
1.321153975417925725e-03
1.318644974630378899e-03
1.316144830066594881e-03
1.313653496843265661e-03
1.311170930371752252e-03
1.308697086355715706e-03
1.306231920788770680e-03
1.303775389952161129e-03
1.301327450412453988e-03
1.298888059019264732e-03
1.296457172902994431e-03
1.294034749472586752e-03
1.291620746413323995e-03
1.289215121684615965e-03
1.286817833517834393e-03
1.284428840414154937e-03
1.282048101142423688e-03
1.279675574737038427e-03
1.277311220495858275e-03
1.274954997978125504e-03
1.272606867002408146e-03
1.270266787644566686e-03
1.267934720235732457e-03
1.265610625360307504e-03
1.263294463853988515e-03
1.260986196801799431e-03
1.258685785536146819e-03
1.256393191634896283e-03
1.254108376919463178e-03
1.251831303452916348e-03
1.249561933538112209e-03
1.247300229715830790e-03
1.245046154762939963e-03
1.242799671690570512e-03
1.240560743742311805e-03
1.238329334392418522e-03
1.236105407344042324e-03
1.233888926527467204e-03
1.231679856098376281e-03
1.229478160436119462e-03
1.227283804142004090e-03
1.225096752037603152e-03
1.222916969163080408e-03
1.220744420775510741e-03
1.218579072347246699e-03
1.216420889564276148e-03
1.214269838324604205e-03
1.212125884736649922e-03
1.209988995117652726e-03
1.207859135992095552e-03
1.205736274090144465e-03
1.203620376346100631e-03
1.201511409896860536e-03
1.199409342080401788e-03
1.197314140434269786e-03
1.195225772694086079e-03
1.193144206792065391e-03
1.191069410855551082e-03
1.189001353205557327e-03
1.186940002355324746e-03
1.184885327008897713e-03
1.182837296059700144e-03
1.180795878589135364e-03
1.178761043865193554e-03
1.176732761341070261e-03
1.174711000653798137e-03
1.172695731622892769e-03
1.170686924249009350e-03
1.168684548712604562e-03
1.166688575372625773e-03
1.164698974765189174e-03
1.162715717602292838e-03
