1.021317984992303707e+02
1.018980230032587428e+02
1.016658234207428961e+02
1.014351812859236759e+02
1.012060783931789558e+02
1.009784967956103401e+02
1.007524188034696238e+02
1.005278269824341351e+02
1.003047041517375817e+02
1.000830333821660929e+02
9.986279799392735868e+01
9.964398155440080984e+01
9.942656787577881516e+01
9.921054101260467917e+01
9.899588525921828364e+01
9.878258514711487237e+01
9.857062544222706890e+01
9.835999114213542782e+01
9.815066747321687046e+01
9.794263988773720087e+01
9.773589406089385534e+01
9.753041588781704263e+01
9.732619148053464642e+01
9.712320716490617656e+01
9.692144947753379824e+01
9.672090516265299698e+01
9.652156116901055327e+01
9.632340464673292502e+01
9.612642294419110556e+01
9.593060360486498439e+01
9.573593436421198533e+01
9.554240314654386168e+01
9.534999806191493121e+01
9.515870740302500508e+01
9.496851964214016562e+01
9.477942342803441989e+01
9.459140758295447426e+01
9.440446109961030174e+01
9.421857313819351987e+01
9.403373302342566831e+01
9.384993024163802033e+01
9.366715443788483242e+01
9.348539541309139622e+01
9.330464312123777404e+01
9.312488766658003669e+01
9.294611930090992757e+01
9.276832842085261177e+01
9.259150556520518194e+01
9.241564141231562246e+01
9.224072677750140770e+01
9.206675261051111647e+01
9.189370999302653331e+01
9.172159013620704116e+01
9.155038437827585085e+01
9.138008418214852213e+01
9.121068113310313663e+01
9.104216693649276237e+01
9.087453341549945662e+01
9.070777250893024757e+01
9.054187626905410013e+01
9.037683685947996537e+01
9.021264655307598446e+01
9.004929772992855419e+01
8.988678287534150968e+01
8.972509457787494114e+01
8.956422552742252208e+01
8.940416851332841475e+01
8.924491642254095325e+01
8.908646223780458229e+01
8.892879903588827517e+01
8.877191998585108479e+01
8.861581834734224117e+01
8.846048746893757198e+01
8.830592078650957433e+01
8.815211182163275794e+01
8.799905418002038004e+01
8.784674154999633799e+01
8.769516770099706093e+01
8.754432648210629964e+01
8.739421182062034177e+01
8.724481772064355312e+01
8.709613826171386108e+01
8.694816759745692991e+01
8.680089995426932603e+01
8.665432963002919564e+01
8.650845099283452555e+01
8.636325847976792147e+01
8.621874659568774746e+01
8.607490991204517172e+01
8.593174306572498722e+01
8.578924075791287862e+01
8.564739775298461666e+01
8.550620887742027776e+01
8.536566901874020630e+01
8.522577312446428266e+01
8.508651620109201019e+01
8.494789331310522584e+01
8.480989958199009493e+01
8.467253018528137432e+01
8.453578035562482285e+01
8.439964537986023174e+01
8.426412059812318489e+01
8.412920140296488114e+01
8.399488323849112703e+01
8.386116159951781412e+01
8.372803203074479939e+01
8.359549012594588646e+01
8.346353152717600210e+01
8.333215192399379134e+01
8.320134705270038467e+01
8.307111269559366917e+01
8.294144468023716854e+01
8.281233887874384436e+01
8.268379120707420782e+01
8.255579762434825852e+01
8.242835413217156315e+01
8.230145677397401016e+01
8.217510163436222115e+01
8.204928483848415510e+01
8.192400255140680088e+01
8.179925097750542307e+01
8.167502635986490134e+01
8.155132497969296423e+01
8.142814315574433692e+01
8.130547724375625762e+01
8.118332363589459533e+01
8.106167876021082463e+01
8.094053908010926079e+01
8.081990109382405763e+01
8.069976133390690620e+01
8.058011636672335953e+01
8.046096279195931800e+01
8.034229724213679447e+01
8.022411638213824858e+01
8.010641690873993070e+01
7.998919555015419292e+01
7.987244906557981494e+01
7.975617424476064343e+01
7.964036790755272932e+01
7.952502690349879799e+01
7.941014811141101859e+01
7.929572843896063716e+01
7.918176482227598001e+01
7.906825422554670979e+01
7.895519364063586920e+01
7.884258008669854689e+01
7.873041060980759198e+01
7.861868228258532554e+01
7.850739220384301120e+01
7.839653749822534223e+01
7.828611531586192029e+01
7.817612283202493018e+01
7.806655724679229991e+01
7.795741578471711364e+01
7.784869569450277993e+01
7.774039424868348647e+01
7.763250874331059492e+01
7.752503649764413751e+01
7.741797485384964261e+01
7.731132117670040316e+01
7.720507285328446301e+01
7.709922729271667663e+01
7.699378192585588465e+01
7.688873420502677902e+01
7.678408160374624458e+01
7.667982161645429073e+01
7.657595175824998535e+01
7.647246956463123979e+01
7.636937259123919830e+01
7.626665841360669162e+01
7.616432462691132343e+01
7.606236884573199575e+01
7.596078870380965498e+01
7.585958185381255703e+01
7.575874596710436037e+01
7.565827873351678079e+01
7.555817786112558565e+01
7.545844107603045359e+01
7.535906612213824474e+01
7.526005076094972424e+01
7.516139277134988106e+01
7.506308994940155799e+01
7.496514010814212270e+01
7.486754107738417474e+01
7.477029070351824203e+01
7.467338684931966952e+01
7.457682739375812275e+01
7.448061023180977713e+01
7.438473327427318793e+01
7.428919444758768975e+01
7.419399169365418345e+01
7.409912296965978840e+01
7.400458624790401529e+01
7.391037951562856279e+01
7.381650077484940198e+01
7.372294804219126263e+01
7.362971934872507518e+01
7.353681273980753019e+01
7.344422627492323841e+01
7.335195802752963345e+01
7.326000608490340937e+01
7.316836854799026924e+01
7.307704353125599539e+01
7.298602916254066031e+01
7.289532358291435798e+01
7.280492494653533697e+01
7.271483142051030768e+01
7.262504118475678183e+01
7.253555243186733037e+01
7.244636336697590195e+01
7.235747220762651466e+01
7.226887718364305613e+01
7.218057653700157061e+01
7.209256852170449292e+01
7.200485140365628922e+01
7.191742346054113000e+01
7.183028298170231096e+01
7.174342826802332240e+01
7.165685763181089385e+01
7.157056939667913298e+01
7.148456189743598088e+01
7.139883347997084684e+01
7.131338250114400523e+01
7.122820732867724303e+01
7.114330634104653939e+01
7.105867792737583954e+01
7.097432048733240606e+01
7.089023243102357696e+01
7.080641217889527184e+01
7.072285816163118000e+01
7.063956882005410876e+01
7.055654260502809905e+01
7.047377797736204741e+01
7.039127340771491959e+01
7.030902737650158940e+01
7.022703837380048242e+01
7.014530489926214329e+01
7.006382546201926687e+01
6.998259858059769556e+01
6.990162278282848263e+01
6.982089660576139067e+01
6.974041859557938494e+01
6.966018730751417820e+01
6.958020130576261408e+01
6.950045916340489782e+01
6.942095946232285542e+01
6.934170079311991230e+01
6.926268175504189628e+01
6.918390095589859357e+01
6.910535701198665492e+01
6.902704854801319811e+01
6.894897419702031982e+01
6.887113260031074446e+01
6.879352240737408408e+01
6.871614227581436296e+01
6.863899087127775545e+01
6.856206686738214273e+01
6.848536894564641386e+01
6.840889579542159993e+01
6.833264611382190878e+01
6.825661860565735140e+01
6.818081198336653870e+01
6.810522496695062955e+01
6.802985628390770501e+01
6.795470466916835051e+01
6.787976886503125229e+01
6.780504762110032857e+01
6.773053969422181808e+01
6.765624384842259076e+01
6.758215885484881369e+01
6.750828349170541287e+01
6.743461654419617446e+01
6.736115680446438603e+01
6.728790307153437311e+01
6.721485415125317786e+01
6.714200885623330350e+01
6.706936600579598462e+01
6.699692442591452846e+01
6.692468294915917681e+01
6.685264041464142792e+01
6.678079566795993571e+01
6.670914756114611066e+01
6.663769495261092857e+01
6.656643670709172511e+01
6.649537169559994254e+01
6.642449879536903268e+01
6.635381688980308468e+01
6.628332486842577964e+01
6.621302162683005577e+01
6.614290606662804350e+01
6.607297709540148389e+01
6.600323362665258742e+01
6.593367457975567447e+01
6.586429887990863108e+01
6.579510545808540201e+01
6.572609325098851230e+01
6.565726120100231356e+01
6.558860825614630130e+01
6.552013337002919968e+01
6.545183550180310306e+01
6.538371361611831389e+01
6.531576668307839384e+01
6.524799367819558427e+01
6.518039358234665315e+01
6.511296538172922510e+01
6.504570806781828196e+01
6.497862063732290494e+01
6.491170209214396891e+01
6.484495143933131089e+01
6.477836769104216330e+01
6.471194986449894770e+01
6.464569698194844705e+01
6.457960807062033837e+01
6.451368216268667766e+01
6.444791829522142734e+01
6.438231551016050958e+01
6.431687285426174583e+01
6.425158937906556389e+01
6.418646414085586116e+01
6.412149620062099586e+01
6.405668462401510510e+01
6.399202848132001975e+01
6.392752684740712255e+01
6.386317880169944061e+01
6.379898342813437750e+01
6.373493981512645945e+01
6.367104705553020949e+01
6.360730424660378901e+01
6.354371048997219873e+01
6.348026489159131813e+01
6.341696656171211544e+01
6.335381461484469412e+01
6.329080816972312107e+01
6.322794634927006285e+01
6.316522828056207572e+01
6.310265309479466822e+01
6.304021992724810275e+01
6.297792791725291295e+01
6.291577620815619554e+01
6.285376394728763216e+01
6.279189028592609390e+01
6.273015437926621019e+01
6.266855538638537126e+01
6.260709247021097923e+01
6.254576479748745754e+01
6.248457153874419845e+01
6.242351186826313381e+01
6.236258496404671092e+01
6.230179000778633025e+01
6.224112618483042070e+01
6.218059268415338892e+01
6.212018869832421331e+01
6.205991342347563489e+01
6.199976605927324869e+01
6.193974580888509962e+01
6.187985187895112915e+01
6.182008347955327565e+01
6.176043982418521949e+01
6.170092012972281026e+01
6.164152361639442290e+01
6.158224950775155548e+01
6.152309703063970403e+01
6.146406541516935107e+01
6.140515389468709628e+01
6.134636170574714953e+01
6.128768808808280966e+01
6.122913228457842649e+01
6.117069354124101466e+01
6.111237110717276266e+01
6.105416423454317254e+01
6.099607217856157604e+01
6.093809419744995637e+01
6.088022955241575573e+01
6.082247750762497418e+01
6.076483733017549582e+01
6.070730829007053586e+01
6.064988966019213024e+01
6.059258071627517950e+01
6.053538073688140031e+01
6.047828900337349722e+01
6.042130479988949787e+01
6.036442741331744344e+01
6.030765613327019992e+01
6.025099025206016279e+01
6.019442906467462251e+01
6.013797186875102341e+01
6.008161796455244996e+01
6.002536665494343993e+01
5.996921724536566956e+01
5.991316904381432096e+01
5.985722136081404443e+01
5.980137350939564556e+01
5.974562480507277229e+01
5.968997456581850969e+01
5.963442211204272780e+01
5.957896676656913826e+01
5.952360785461274872e+01
5.946834470375755188e+01
5.941317664393430675e+01
5.935810300739862555e+01
5.930312312870918134e+01
5.924823634470598677e+01
5.919344199448937616e+01
5.913873941939837664e+01
5.908412796299023739e+01
5.902960697101923415e+01
5.897517579141643296e+01
5.892083377426921942e+01
5.886658027180124009e+01
5.881241463835231542e+01
5.875833623035904196e+01
5.870434440633498951e+01
5.865043852685169412e+01
5.859661795451940236e+01
5.854288205396834144e+01
5.848923019183023086e+01
5.843566173671963782e+01
5.838217605921605724e+01
5.832877253184581434e+01
5.827545052906451417e+01
5.822220942723954806e+01
5.816904860463270666e+01
5.811596744138347503e+01
5.806296531949203654e+01
5.801004162280282372e+01
5.795719573698838900e+01
5.790442704953312614e+01
5.785173494971772357e+01
5.779911882860366745e+01
5.774657807901770923e+01
5.769411209553707920e+01
5.764172027447473567e+01
5.758940201386471358e+01
5.753715671344811255e+01
5.748498377465890030e+01
5.743288260061042649e+01
5.738085259608190825e+01
5.732889316750529929e+01
5.727700372295229414e+01
5.722518367212212098e+01
5.717343242632878031e+01
5.712174939848927835e+01
5.707013400311197415e+01
5.701858565628489828e+01
5.696710377566482464e+01
5.691568778046637078e+01
5.686433709145137527e+01
5.681305113091883641e+01
5.676182932269486514e+01
5.671067109212314961e+01
5.665957586605554042e+01
5.660854307284321152e+01
5.655757214232801999e+01
5.650666250583405770e+01
5.645581359615967898e+01
5.640502484756995472e+01
5.635429569578919740e+01
5.630362557799406886e+01
5.625301393280689410e+01
5.620246020028935163e+01
5.615196382193660440e+01
5.610152424067155152e+01
5.605114090083976919e+01
5.600081324820449424e+01
5.595054072994219041e+01
5.590032279463841292e+01
5.585015889228393604e+01
5.580004847427154147e+01
5.574999099339285635e+01
5.569998590383576698e+01
5.565003266118216629e+01
5.560013072240614918e+01
5.555027954587258421e+01
5.550047859133597683e+01
5.545072731993979431e+01
5.540102519421638760e+01
5.535137167808697001e+01
5.530176623686234905e+01
5.525220833724381464e+01
5.520269744732465966e+01
5.515323303659199894e+01
5.510381457592892218e+01
5.505444153761742854e+01
5.500511339534149613e+01
5.495582962419057083e+01
5.490658970066374422e+01
5.485739310267413060e+01
5.480823930955394019e+01
5.475912780205975139e+01
5.471005806237847935e+01
5.466102957413363583e+01
5.461204182239207938e+01
5.456309429367136943e+01
5.451418647594751121e+01
5.446531785866307729e+01
5.441648793273600404e+01
5.436769619056873637e+01
5.431894212605786265e+01
5.427022523460441050e+01
5.422154501312437702e+01
5.417290096005994116e+01
5.412429257539118055e+01
5.407571936064816498e+01
5.402718081892368929e+01
5.397867645488647526e+01
5.393020577479489930e+01
5.388176828651107542e+01
5.383336349951579791e+01
5.378499092492376121e+01
5.373665007549922024e+01
5.368834046567253893e+01
5.364006161155687380e+01
5.359181303096571725e+01
5.354359424343063267e+01
5.349540477021992047e+01
5.344724413435756816e+01
5.339911186064271931e+01
5.335100747566985291e+01
5.330293050784956677e+01
5.325488048742934666e+01
5.320685694651582054e+01
5.315885941909670720e+01
5.311088744106382364e+01
5.306294055023644773e+01
5.301501828638516400e+01
5.296712019125666160e+01
5.291924580859851801e+01
5.287139468418493493e+01
5.282356636584300702e+01
5.277576040347931752e+01
5.272797634910734388e+01
5.268021375687527552e+01
5.263247218309447817e+01
5.258475118626839873e+01
5.253705032712223044e+01
5.248936916863279123e+01
5.244170727605948201e+01
5.239406421697511007e+01
5.234643956129804110e+01
5.229883288132417363e+01
5.225124375176002900e+01
5.220367174975599767e+01
5.215611645494050919e+01
5.210857744945420933e+01
5.206105431798535221e+01
5.201354664780505743e+01
5.196605402880372537e+01
5.191857605352749516e+01
5.187111231721538473e+01
5.182366241783716987e+01
5.177622595613157586e+01
5.172880253564476050e+01
5.168139176276996949e+01
5.163399324678701419e+01
5.158660659990262332e+01
5.153923143729119261e+01
5.149186737713612416e+01
5.144451404067146427e+01
5.139717105222415228e+01
5.134983803925676682e+01
5.130251463241060605e+01
5.125520046554946418e+01
5.120789517580352879e+01
5.116059840361404554e+01
5.111330979277823872e+01
5.106602899049462962e+01
5.101875564740899449e+01
5.097148941766050712e+01
5.092422995892840021e+01
5.087697693247899622e+01
5.082973000321301527e+01
5.078248883971357941e+01
5.073525311429419560e+01
5.068802250304729995e+01
5.064079668589307914e+01
5.059357534662882472e+01
5.054635817297813105e+01
5.049914485664102415e+01
5.045193509334382753e+01
5.040472858288966052e+01
5.035752502920915674e+01
5.031032414041118983e+01
5.026312562883425983e+01
5.021592921109775887e+01
5.016873460815351393e+01
5.012154154533778438e+01
5.007434975242311737e+01
5.002715896367048032e+01
4.997996891788176299e+01
4.993277935845200943e+01
4.988559003342213316e+01
4.983840069553161101e+01
4.979121110227119118e+01
4.974402101593576475e+01
4.969683020367728687e+01
4.964963843755769801e+01
4.960244549460187358e+01
4.955525115685067306e+01
4.950805521141364096e+01
4.946085745052214833e+01
4.941365767158217892e+01
4.936645567722699468e+01
4.931925127536990061e+01
4.927204427925661179e+01
4.922483450751796852e+01
4.917762178422194097e+01
4.913040593892570485e+01
4.908318680672765311e+01
4.903596422831884638e+01
4.898873805003454152e+01
4.894150812390525118e+01
4.889427430770754768e+01
4.884703646501463936e+01
4.879979446524654918e+01
4.875254818371982424e+01
4.870529750169701799e+01
4.865804230643583139e+01
4.861078249123754347e+01
4.856351795549514350e+01
4.851624860474103684e+01
4.846897435069431026e+01
4.842169511130707349e+01
4.837441081081080085e+01
4.832712137976154310e+01
4.827982675508501842e+01
4.823252688012075851e+01
4.818522170466572874e+01
4.813791118501721655e+01
4.809059528401502348e+01
4.804327397108291109e+01
4.799594722226947852e+01
4.794861502028784628e+01
4.790127735455489244e+01
4.785393422122960772e+01
4.780658562325042027e+01
4.775923157037169631e+01
4.771187207919943774e+01
4.766450717322604191e+01
4.761713688286383217e+01
4.756976124547793461e+01
4.752238030541789726e+01
4.747499411404850633e+01
4.742760272977919556e+01
4.738020621809280186e+01
4.733280465157270811e+01
4.728539810992934633e+01
4.723798668002515910e+01
4.719057045589848798e+01
4.714314953878636061e+01
4.709572403714589939e+01
4.704829406667446534e+01
4.700085975032858698e+01
4.695342121834163152e+01
4.690597860823995546e+01
4.685853206485786870e+01
4.681108174035114899e+01
4.676362779420914961e+01
4.671617039326554277e+01
4.666870971170756377e+01
4.662124593108386250e+01
4.657377924031059990e+01
4.652630983567664202e+01
4.647883792084650167e+01
4.643136370686220005e+01
4.638388741214350830e+01
4.633640926248646252e+01
4.628892949106035104e+01
4.624144833840325930e+01
4.619396605241558262e+01
4.614648288835233103e+01
4.609899910881347296e+01
4.605151498373271579e+01
4.600403079036462373e+01
4.595654681326990243e+01
4.590906334429909208e+01
4.586158068257455511e+01
4.581409913447045312e+01
4.576661901359134532e+01
4.571914064074880457e+01
4.567166434393622865e+01
4.562419045830196040e+01
4.557671932612069554e+01
4.552925129676276583e+01
4.548178672666212918e+01
4.543432597928199357e+01
4.538686942507904831e+01
4.533941744146566322e+01
4.529197041277039659e+01
4.524452873019643562e+01
4.519709279177858718e+01
4.514966300233801633e+01
4.510223977343552093e+01
4.505482352332282403e+01
4.500741467689188369e+01
4.496001366562265389e+01
4.491262092752901225e+01
4.486523690710251344e+01
4.481786205525480682e+01
4.477049682925788687e+01
4.472314169268277340e+01
4.467579711533626607e+01
4.462846357319602930e+01
4.458114154834368748e+01
4.453383152889657737e+01
4.448653400893719834e+01
4.443924948844143330e+01
4.439197847320467361e+01
4.434472147476656545e+01
4.429747901033367441e+01
4.425025160270085678e+01
4.420303978017064139e+01
4.415584407647128984e+01
4.410866503067291688e+01
4.406150318710223246e+01
4.401435909525550727e+01
4.396723330971025234e+01
4.392012639003500851e+01
4.387303890069792089e+01
4.382597141097360804e+01
4.377892449484870241e+01
4.373189873092583468e+01
4.368489470232621841e+01
4.363791299659101242e+01
4.359095420558102774e+01
4.354401892537529761e+01
4.349710775616830460e+01
4.345022130216600686e+01
4.340336017148031544e+01
4.335652497602274735e+01
4.330971633139668597e+01
4.326293485678851880e+01
4.321618117485763833e+01
4.316945591162544815e+01
4.312275969636326778e+01
4.307609316147914313e+01
4.302945694240386842e+01
4.298285167747592794e+01
4.293627800782559945e+01
4.288973657725809119e+01
4.284322803213603947e+01
4.279675302126106118e+01
4.275031219575459573e+01
4.270390620893813605e+01
4.265753571621262097e+01
4.261120137493731619e+01
4.256490384430819773e+01
4.251864378523541177e+01
4.247242186022082677e+01
4.242623873323459804e+01
4.238009506959149064e+01
4.233399153582688967e+01
4.228792879957249085e+01
4.224190752943157179e+01
4.219592839485403601e+01
4.214999206601139292e+01
4.210409921367135411e+01
4.205825050907254337e+01
4.201244662379893668e+01
4.196668822965439460e+01
4.192097599853710221e+01
4.187531060231417968e+01
4.182969271269628564e+01
4.178412300111239119e+01
4.173860213858475987e+01
4.169313079560419766e+01
4.164770964200543801e+01
4.160233934684290347e+01
4.155702057826690066e+01
4.151175400340011379e+01
4.146654028821453863e+01
4.142138009740899918e+01
4.137627409428702663e+01
4.133122294063545610e+01
4.128622729660352064e+01
4.124128782058265585e+01
4.119640516908695815e+01
4.115157999663438204e+01
4.110681295562864079e+01
4.106210469624205928e+01
4.101745586629910179e+01
4.097286711116091595e+01
4.092833907361059431e+01
4.088387239373975746e+01
4.083946770883567723e+01
4.079512565326975704e+01
4.075084685838696430e+01
4.070663195239627896e+01
4.066248156026249205e+01
4.061839630359890663e+01
4.057437680056143847e+01
4.053042366574378264e+01
4.048653751007404367e+01
4.044271894071236773e+01
4.039896856095023736e+01
4.035528697011083921e+01
4.031167476345100908e+01
4.026813253206429977e+01
4.022466086278592456e+01
4.018126033809865305e+01
4.013793153604061814e+01
4.009467503011443057e+01
4.005149138919782104e+01
4.000838117745579581e+01
3.996534495425462552e+01
3.992238327407710585e+01
3.987949668643963719e+01
3.983668573581080352e+01
3.979395096153197642e+01
3.975129289773883556e+01
3.970871207328559649e+01
3.966620901166992752e+01
3.962378423096039626e+01
3.958143824372523767e+01
3.953917155696291985e+01
3.949698467203454300e+01
3.945487808459802892e+01
3.941285228454398037e+01
3.937090775593355829e+01
3.932904497693775170e+01
3.928726441977917716e+01
3.924556655067475219e+01
3.920395182978101900e+01
3.916242071114094614e+01
3.912097364263250654e+01
3.907961106591925216e+01
3.903833341640265076e+01
3.899714112317637671e+01
3.895603460898220760e+01
3.891501429016813773e+01
3.887408057664794114e+01
3.883323387186293729e+01
3.879247457274536970e+01
3.875180306968362487e+01
3.871121974648949049e+01
3.867072498036712602e+01
3.863031914188376703e+01
3.859000259494236929e+01
3.854977569675618554e+01
3.850963879782486288e+01
3.846959224191250115e+01
3.842963636602772226e+01
3.838977150040501840e+01
3.834999796848838116e+01
3.831031608691637302e+01
3.827072616550904627e+01
3.823122850725677324e+01
3.819182340831049061e+01
3.815251115797378390e+01
3.811329203869688342e+01
3.807416632607205997e+01
3.803513428883076131e+01
3.799619618884256056e+01
3.795735228111550441e+01
3.791860281379837261e+01
3.787994802818423068e+01
3.784138815871575900e+01
3.780292343299220192e+01
3.776455407177769530e+01
3.772628028901121411e+01
3.768810229181813298e+01
3.765002028052310123e+01
3.761203444866444556e+01
3.757414498301012884e+01
3.753635206357510867e+01
3.749865586363990388e+01
3.746105654977084498e+01
3.742355428184154675e+01
3.738614921305566696e+01
3.734884148997109321e+01
3.731163125252542301e+01
3.727451863406267307e+01
3.723750376136127471e+01
3.720058675466317766e+01
3.716376772770443182e+01
3.712704678774664302e+01
3.709042403560978585e+01
3.705389956570611787e+01
3.701747346607512412e+01
3.698114581841959136e+01
3.694491669814284052e+01
3.690878617438671938e+01
3.687275431007098803e+01
3.683682116193335077e+01
3.680098678057065342e+01
3.676525121048089773e+01
3.672961449010628598e+01
3.669407665187696921e+01
3.665863772225593920e+01
3.662329772178433984e+01
3.658805666512806454e+01
3.655291456112475146e+01
3.651787141283180915e+01
3.648292721757489687e+01
3.644808196699748493e+01
3.641333564711069215e+01
3.637868823834416787e+01
3.634413971559726519e+01
3.630969004829110958e+01
3.627533920042106530e+01
3.624108713060986986e+01
3.620693379216127283e+01
3.617287913311415792e+01
3.613892309629722632e+01
3.610506561938415615e+01
3.607130663494896083e+01
3.603764607052228541e+01
3.600408384864749678e+01
3.597061988693771184e+01
3.593725409813266936e+01
3.590398639015621995e+01
3.587081666617434905e+01
3.583774482465284450e+01
3.580477075941583820e+01
3.577189435970431930e+01
3.573911551023489608e+01
3.570643409125877099e+01
3.567384997862097862e+01
3.564136304381964493e+01
3.560897315406544550e+01
3.557668017234135505e+01
3.554448395746216960e+01
3.551238436413436261e+01
3.548038124301600504e+01
3.544847444077660725e+01
3.541666380015701066e+01
3.538494916002945700e+01
3.535333035545740188e+01
3.532180721775549159e+01
3.529037957454945484e+01
3.525904724983591620e+01
3.522781006404215276e+01
3.519666783408565891e+01
3.516562037343381064e+01
3.513466749216337348e+01
3.510380899701956992e+01
3.507304469147545234e+01
3.504237437579077863e+01
3.501179784707085219e+01
3.498131489932515592e+01
3.495092532352577308e+01
3.492062890766556649e+01
3.489042543681611619e+01
3.486031469318557185e+01
3.483029645617592962e+01
3.480037050244039420e+01
3.477053660594026496e+01
3.474079453800155903e+01
3.471114406737130764e+01
3.468158496027368898e+01
3.465211698046557132e+01
3.462273988929209168e+01
3.459345344574153103e+01
3.456425740650002609e+01
3.453515152600598981e+01
3.450613555650392072e+01
3.447720924809814136e+01
3.444837234880588994e+01
3.441962460461016349e+01
3.439096575951214163e+01
3.436239555558317704e+01
3.433391373301637373e+01
3.430552003017781715e+01
3.427721418365722883e+01
3.424899592831835804e+01
3.422086499734884057e+01
3.419282112230958148e+01
3.416486403318383935e+01
3.413699345842569244e+01
3.410920912500807134e+01
3.408151075847048617e+01
3.405389808296607157e+01
3.402637082130834045e+01
3.399892869501726977e+01
3.397157142436520161e+01
3.394429872842185603e+01
3.391711032509927293e+01
3.389000593119602911e+01
3.386298526244100060e+01
3.383604803353662049e+01
3.380919395820174600e+01
3.378242274921392152e+01
3.375573411845115857e+01
3.372912777693328223e+01
3.370260343486266663e+01
3.367616080166463632e+01
3.364979958602715726e+01
3.362351949594017952e+01
3.359732023873444717e+01
3.357120152111970413e+01
3.354516304922262293e+01
3.351920452862393063e+01
3.349332566439524328e+01
3.346752616113535339e+01
3.344180572300597731e+01
3.341616405376702659e+01
3.339060085681132506e+01
3.336511583519894231e+01
3.333970869169087337e+01
3.331437912878242713e+01
3.328912684873581895e+01
3.326395155361259981e+01
3.323885294530526835e+01
3.321383072556876215e+01
3.318888459605099683e+01
3.316401425832343364e+01
3.313921941391062376e+01
3.311449976431977404e+01
3.308985501106950267e+01
3.306528485571813292e+01
3.304078899989167439e+01
3.301636714531124994e+01
3.299201899382002523e+01
3.296774424740959830e+01
3.294354260824614755e+01
3.291941377869589047e+01
3.289535746135018712e+01
3.287137335905020308e+01
3.284746117491101813e+01
3.282362061234542239e+01
3.279985137508711546e+01
3.277615316721363570e+01
3.275252569316866413e+01
3.272896865778403708e+01
3.270548176630121873e+01
3.268206472439246113e+01
3.265871723818141703e+01
3.263543901426338323e+01
3.261222975972513893e+01
3.258908918216440043e+01
3.256601698970872860e+01
3.254301289103419492e+01
3.252007659538351447e+01
3.249720781258390900e+01
3.247440625306438733e+01
3.245167162787291915e+01
3.242900364869285568e+01
3.240640202785931479e+01
3.238386647837492660e+01
3.236139671392539441e+01
3.233899244889456526e+01
3.231665339837915951e+01
3.229437927820311671e+01
3.227216980493172116e+01
3.225002469588523013e+01
3.222794366915205444e+01
3.220592644360192480e+01
3.218397273889839028e+01
3.216208227551118171e+01
3.214025477472808490e+01
3.211848995866664325e+01
3.209678755028542696e+01
3.207514727339501093e+01
3.205356885266866129e+01
3.203205201365266674e+01
3.201059648277635716e+01
3.198920198736194109e+01
3.196786825563381029e+01
3.194659501672779101e+01
3.192538200069991916e+01
3.190422893853510544e+01
3.188313556215525324e+01
3.186210160442743700e+01
3.184112679917155830e+01
3.182021088116771779e+01
3.179935358616352659e+01
3.177855465088095954e+01
3.175781381302304851e+01
3.173713081128026658e+01
3.171650538533674890e+01
3.169593727587608356e+01
3.167542622458708479e+01
3.165497197416921438e+01
3.163457426833767627e+01
3.161423285182848986e+01
3.159394747040315110e+01
3.157371787085320847e+01
3.155354380100442313e+01
3.153342500972096474e+01
3.151336124690921991e+01
3.149335226352138051e+01
3.147339781155899630e+01
3.145349764407612980e+01
3.143365151518239742e+01
3.141385918004586486e+01
3.139412039489562645e+01
3.137443491702435594e+01
3.135480250479044528e+01
3.133522291762026413e+01
3.131569591600994329e+01
3.129622126152721506e+01
3.127679871681291957e+01
3.125742804558242938e+01
3.123810901262686812e+01
3.121884138381424023e+01
3.119962492609027294e+01
3.118045940747924760e+01
3.116134459708452553e+01
3.114228026508910219e+01
3.112326618275585588e+01
3.110430212242776804e+01
3.108538785752783440e+01
3.106652316255911828e+01
3.104770781310443795e+01
3.102894158582589057e+01
3.101022425846455022e+01
3.099155560983965074e+01
3.097293541984794985e+01
3.095436346946282669e+01
3.093583954073321252e+01
3.091736341678264921e+01
3.089893488180786818e+01
3.088055372107763219e+01
3.086221972093119348e+01
3.084393266877678030e+01
3.082569235308999467e+01
3.080749856341198267e+01
3.078935109034765105e+01
3.077124972556372740e+01
3.075319426178668181e+01
3.073518449280065568e+01
3.071722021344528741e+01
3.069930121961325042e+01
3.068142730824807529e+01
3.066359827734153143e+01
3.064581392593122544e+01
3.062807405409779804e+01
3.061037846296244425e+01
3.059272695468394332e+01
3.057511933245598357e+01
3.055755540050416741e+01
3.054003496408300578e+01
3.052255782947294094e+01
3.050512380397726275e+01
3.048773269591886503e+01
3.047038431463703034e+01
3.045307847048419347e+01
3.043581497482259124e+01
3.041859364002082700e+01
3.040141427945042807e+01
3.038427670748242448e+01
3.036718073948363639e+01
3.035012619181332383e+01
3.033311288181925747e+01
3.031614062783424401e+01
3.029920924917234260e+01
3.028231856612503137e+01
3.026546839995747717e+01
3.024865857290460269e+01
3.023188890816730634e+01
3.021515922990840863e+01
3.019846936324879749e+01
3.018181913426342788e+01
3.016520836997720778e+01
3.014863689836106886e+01
3.013210454832781338e+01
3.011561114972801789e+01
3.009915653334586594e+01
3.008274053089506239e+01
3.006636297501464128e+01
3.005002369926463146e+01
3.003372253812199233e+01
3.001745932697626529e+01
3.000123390212534602e+01
2.998504610077114307e+01
2.996889576101537500e+01
2.995278272185512236e+01
2.993670682317859644e+01
2.992066790576070900e+01
2.990466581125880552e+01
2.988870038220815317e+01
2.987277146201771671e+01
2.985687889496558256e+01
2.984102252619467777e+01
2.982520220170836112e+01
2.980941776836587209e+01
2.979366907387806407e+01
2.977795596680280710e+01
2.976227829654067136e+01
2.974663591333043655e+01
2.973102866824464030e+01
2.971545641318506270e+01
2.969991900087837777e+01
2.968441628487163086e+01
2.966894811952782618e+01
2.965351436002137220e+01
2.963811486233376513e+01
2.962274948324898105e+01
2.960741808034912737e+01
2.959212051200997706e+01
2.957685663739642834e+01
2.956162631645823424e+01
2.954642940992536992e+01
2.953126577930370900e+01
2.951613528687055776e+01
2.950103779567020723e+01
2.948597316950959168e+01
2.947094127295381583e+01
2.945594197132171033e+01
2.944097513068148331e+01
2.942604061784641800e+01
2.941113830037028976e+01
2.939626804654316317e+01
2.938142972538698316e+01
2.936662320665119807e+01
2.935184836080843240e+01
2.933710505905014188e+01
2.932239317328236439e+01
2.930771257612131109e+01
2.929306314088915286e+01
2.927844474160968957e+01
2.926385725300410456e+01
2.924930055048668365e+01
2.923477451016059803e+01
2.922027900881369433e+01
2.920581392391414965e+01
2.919137913360648184e+01
2.917697451670717967e+01
2.916259995270062078e+01
2.914825532173486877e+01
2.913394050461761609e+01
2.911965538281190291e+01
2.910539983843216305e+01
2.909117375424007790e+01
2.907697701364041976e+01
2.906280950067713320e+01
2.904867110002916775e+01
2.903456169700650236e+01
2.902048117754613088e+01
2.900642942820807235e+01
2.899240633617138130e+01
2.897841178923017935e+01
2.896444567578978990e+01
2.895050788486269511e+01
2.893659830606470251e+01
2.892271682961106549e+01
2.890886334631259658e+01
2.889503774757179144e+01
2.888123992537908791e+01
2.886746977230890820e+01
2.885372718151601390e+01
2.884001204673161567e+01
2.882632426225973177e+01
2.881266372297331912e+01
2.879903032431063892e+01
2.878542396227160793e+01
2.877184453341396519e+01
2.875829193484974411e+01
2.874476606424160963e+01
2.873126681979918473e+01
2.871779410027554036e+01
2.870434780496346860e+01
2.869092783369210409e+01
2.867753408682326111e+01
2.866416646524788803e+01
2.865082487038271708e+01
2.863750920416662638e+01
2.862421936905722930e+01
2.861095526802747102e+01
2.859771680456216814e+01
2.858450388265460873e+01
2.857131640680316309e+01
2.855815428200796902e+01
2.854501741376751056e+01
2.853190570807536375e+01
2.851881907141687122e+01
2.850575741076586667e+01
2.849272063358138851e+01
2.847970864780444344e+01
2.846672136185485158e+01
2.845375868462789626e+01
2.844082052549130424e+01
2.842790679428200207e+01
2.841501740130293285e+01
2.840215225732002224e+01
2.838931127355903072e+01
2.837649436170247341e+01
2.836370143388652920e+01
2.835093240269806358e+01
2.833818718117153779e+01
2.832546568278603161e+01
2.831276782146225912e+01
2.830009351155959507e+01
2.828744266787313322e+01
2.827481520563074469e+01
2.826221104049024646e+01
2.824963008853632473e+01
2.823707226627792366e+01
2.822453749064519357e+01
2.821202567898669855e+01
2.819953674906670926e+01
2.818707061906225420e+01
2.817462720756050487e+01
2.816220643355588038e+01
2.814980821644737574e+01
2.813743247603585473e+01
2.812507913252133562e+01
2.811274810650031597e+01
2.810043931896306191e+01
2.808815269129106440e+01
2.807588814525428944e+01
2.806364560300870536e+01
2.805142498709356857e+01
2.803922622042893664e+01
2.802704922631308193e+01
2.801489392841994430e+01
2.800276025079666198e+01
2.799064811786102780e+01
2.797855745439900232e+01
2.796648818556230154e+01
2.795444023686588508e+01
2.794241353418558305e+01
2.793040800375565524e+01
2.791842357216637183e+01
2.790646016636173599e+01
2.789451771363697219e+01
2.788259614163629863e+01
2.787069537835059307e+01
2.785881535211503746e+01
2.784695599160681212e+01
2.783511722584290027e+01
2.782329898417775738e+01
2.781150119630109074e+01
2.779972379223563905e+01
2.778796670233494837e+01
2.777622985728119076e+01
2.776451318808297941e+01
2.775281662607323341e+01
2.774114010290694665e+01
2.772948355055916636e+01
2.771784690132282947e+01
2.770623008780663099e+01
2.769463304293302031e+01
2.768305569993601623e+01
2.767149799235930629e+01
2.765995985405402990e+01
2.764844121917695219e+01
2.763694202218830753e+01
2.762546219784984558e+01
2.761400168122290921e+01
2.760256040766636687e+01
2.759113831283478291e+01
2.757973533267642452e+01
2.756835140343128998e+01
2.755698646162932519e+01
2.754564044408843770e+01
2.753431328791264576e+01
2.752300493049025221e+01
2.751171530949194022e+01
2.750044436286898986e+01
2.748919202885139867e+01
2.747795824594614444e+01
2.746674295293538393e+01
2.745554608887460546e+01
2.744436759309089524e+01
2.743320740518128531e+01
2.742206546501082087e+01
2.741094171271102908e+01
2.739983608867807163e+01
2.738874853357111760e+01
2.737767898831062396e+01
2.736662739407666578e+01
2.735559369230729487e+01
2.734457782469689135e+01
2.733357973319448320e+01
2.732259936000217238e+01
2.731163664757350062e+01
2.730069153861186493e+01
2.728976397606890458e+01
2.727885390314300196e+01
2.726796126327759850e+01
2.725708600015972749e+01
2.724622805771850054e+01
2.723538738012348048e+01
2.722456391178326740e+01
2.721375759734394961e+01
2.720296838168760090e+01
2.719219620993082032e+01
2.718144102742328627e+01
2.717070277974622883e+01
2.715998141271106192e+01
2.714927687235788767e+01
2.713858910495411436e+01
2.712791805699301761e+01
2.711726367519235836e+01
2.710662590649295822e+01
2.709600469805736367e+01
2.708539999726841074e+01
2.707481175172794963e+01
2.706423990925545198e+01
2.705368441788662182e+01
2.704314522587217340e+01
2.703262228167639591e+01
2.702211553397596333e+01
2.701162493165852396e+01
2.700115042382151387e+01
2.699069195977080682e+01
2.698024948901943532e+01
2.696982296128642531e+01
2.695941232649541064e+01
2.694901753477354589e+01
2.693863853645016704e+01
2.692827528205556220e+01
2.691792772231984543e+01
2.690759580817169905e+01
2.689727949073717284e+01
2.688697872133856137e+01
2.687669345149311084e+01
2.686642363291201363e+01
2.685616921749907249e+01
2.684593015734971999e+01
2.683570640474979285e+01
2.682549791217434887e+01
2.681530463228668282e+01
2.680512651793711498e+01
2.679496352216190758e+01
2.678481559818217050e+01
2.677468269940276002e+01
2.676456477941123069e+01
2.675446179197674468e+01
2.674437369104900597e+01
2.673430043075719453e+01
2.672424196540896446e+01
2.671419824948934973e+01
2.670416923765977302e+01
2.669415488475697273e+01
2.668415514579204384e+01
2.667416997594942529e+01
2.666419933058584490e+01
2.665424316522937431e+01
2.664430143557843778e+01
2.663437409750082452e+01
2.662446110703272240e+01
2.661456242037775866e+01
2.660467799390603005e+01
2.659480778415316138e+01
2.658495174781937465e+01
2.657510984176855473e+01
2.656528202302730080e+01
2.655546824878403811e+01
2.654566847638803750e+01
2.653588266334864443e+01
2.652611076733419537e+01
2.651635274617129667e+01
2.650660855784381909e+01
2.649687816049208777e+01
2.648716151241195149e+01
2.647745857205401521e+01
2.646776929802265244e+01
2.645809364907523076e+01
2.644843158412125206e+01
2.643878306222150343e+01
2.642914804258724359e+01
2.641952648457932895e+01
2.640991834770743907e+01
2.640032359162924536e+01
2.639074217614956552e+01
2.638117406121965303e+01
2.637161920693628048e+01
2.636207757354102910e+01
2.635254912141946804e+01
2.634303381110041187e+01
2.633353160325508213e+01
2.632404245869640391e+01
2.631456633837819936e+01
2.630510320339445229e+01
2.629565301497853014e+01
2.628621573450248405e+01
2.627679132347627089e+01
2.626737974354701421e+01
2.625798095649830444e+01
2.624859492424944207e+01
2.623922160885472721e+01
2.622986097250278803e+01
2.622051297751579924e+01
2.621117758634882122e+01
2.620185476158911442e+01
2.619254446595539321e+01
2.618324666229718645e+01
2.617396131359414824e+01
2.616468838295534027e+01
2.615542783361862433e+01
2.614617962894992687e+01
2.613694373244260305e+01
2.612772010771678310e+01
2.611850871851874345e+01
2.610930952872017485e+01
2.610012250231763886e+01
2.609094760343184660e+01
2.608178479630704771e+01
2.607263404531046191e+01
2.606349531493152583e+01
2.605436856978139204e+01
2.604525377459223989e+01
2.603615089421667861e+01
2.602705989362716821e+01
2.601798073791535870e+01
2.600891339229155363e+01
2.599985782208405993e+01
2.599081399273861592e+01
2.598178186981783000e+01
2.597276141900055535e+01
2.596375260608132862e+01
2.595475539696979439e+01
2.594576975769013671e+01
2.593679565438052848e+01
2.592783305329250609e+01
2.591888192079051478e+01
2.590994222335122288e+01
2.590101392756310617e+01
2.589209700012579063e+01
2.588319140784957995e+01
2.587429711765484797e+01
2.586541409657159463e+01
2.585654231173884199e+01
2.584768173040411199e+01
2.583883231992290774e+01
2.582999404775824459e+01
2.582116688148006745e+01
2.581235078876473210e+01
2.580354573739453983e+01
2.579475169525721867e+01
2.578596863034538700e+01
2.577719651075612006e+01
2.576843530469036025e+01
2.575968498045249433e+01
2.575094550644986668e+01
2.574221685119222869e+01
2.573349898329133012e+01
2.572479187146039692e+01
2.571609548451366933e+01
2.570740979136590099e+01
2.569873476103193255e+01
2.569007036262618726e+01
2.568141656536223394e+01
2.567277333855232158e+01
2.566414065160688551e+01
2.565551847403417440e+01
2.564690677543969244e+01
2.563830552552582986e+01
2.562971469409140113e+01
2.562113425103119368e+01
2.561256416633552746e+01
2.560400441008980010e+01
2.559545495247409974e+01
2.558691576376273247e+01
2.557838681432383510e+01
2.556986807461888844e+01
2.556135951520236205e+01
2.555286110672128785e+01
2.554437281991474862e+01
2.553589462561359369e+01
2.552742649473996295e+01
2.551896839830687469e+01
2.551052030741784193e+01
2.550208219326645676e+01
2.549365402713597462e+01
2.548523578039898041e+01
2.547682742451689464e+01
2.546842893103967853e+01
2.546004027160532956e+01
2.545166141793967896e+01
2.544329234185576638e+01
2.543493301525368366e+01
2.542658341012002765e+01
2.541824349852761600e+01
2.540991325263508571e+01
2.540159264468650591e+01
2.539328164701104384e+01
2.538498023202255283e+01
2.537668837221923468e+01
2.536840604018328804e+01
2.536013320858050690e+01
2.535186985015993244e+01
2.534361593775356170e+01
2.533537144427588927e+01
2.532713634272363379e+01
2.531891060617536482e+01
2.531069420779113699e+01
2.530248712081216311e+01
2.529428931856048735e+01
2.528610077443860860e+01
2.527792146192917500e+01
2.526975135459462507e+01
2.526159042607682892e+01
2.525343865009684663e+01
2.524529600045451616e+01
2.523716245102811584e+01
2.522903797577411567e+01
2.522092254872677941e+01
2.521281614399791593e+01
2.520471873577644573e+01
2.519663029832820911e+01
2.518855080599556118e+01
2.518048023319710893e+01
2.517241855442737020e+01
2.516436574425648942e+01
2.515632177732989661e+01
2.514828662836800532e+01
2.514026027216596759e+01
2.513224268359326885e+01
2.512423383759353612e+01
2.511623370918414366e+01
2.510824227345597137e+01
2.510025950557309216e+01
2.509228538077252679e+01
2.508431987436382826e+01
2.507636296172891832e+01
2.506841461832176421e+01
2.506047481966805179e+01
2.505254354136494044e+01
2.504462075908079299e+01
2.503670644855480987e+01
2.502880058559688337e+01
2.502090314608718913e+01
2.501301410597599784e+01
2.500513344128336968e+01
2.499726112809886658e+01
2.498939714258130351e+01
2.498154146095848205e+01
2.497369405952688481e+01
2.496585491465145878e+01
2.495802400276534172e+01
2.495020130036954598e+01
2.494238678403276310e+01
2.493458043039105476e+01
2.492678221614765022e+01
2.491899211807261594e+01
2.491121011300266019e+01
2.490343617784085950e+01
2.489567028955636374e+01
2.488791242518425761e+01
2.488016256182517338e+01
2.487242067664513456e+01
2.486468674687528591e+01
2.485696074981161274e+01
2.484924266281476335e+01
2.484153246330976827e+01
2.483383012878577034e+01
2.482613563679585766e+01
2.481844896495675812e+01
2.481077009094863683e+01
2.480309899251484040e+01
2.479543564746169437e+01
2.478778003365824389e+01
2.478013212903602636e+01
2.477249191158882979e+01
2.476485935937249749e+01
2.475723445050469351e+01
2.474961716316462912e+01
2.474200747559288160e+01
2.473440536609117757e+01
2.472681081302212647e+01
2.471922379480907495e+01
2.471164428993577644e+01
2.470407227694629881e+01
2.469650773444467973e+01
2.468895064109482362e+01
2.468140097562022106e+01
2.467385871680373555e+01
2.466632384348742946e+01
2.465879633457231890e+01
2.465127616901815344e+01
2.464376332584327400e+01
2.463625778412431089e+01
2.462875952299607007e+01
2.462126852165123125e+01
2.461378475934024124e+01
2.460630821537103330e+01
2.459883886910886375e+01
2.459137669997612363e+01
2.458392168745208295e+01
2.457647381107274498e+01
2.456903305043062957e+01
2.456159938517457775e+01
2.455417279500956340e+01
2.454675325969647659e+01
2.453934075905194945e+01
2.453193527294815723e+01
2.452453678131264070e+01
2.451714526412811068e+01
2.450976070143220653e+01
2.450238307331741794e+01
2.449501235993078296e+01
2.448764854147378145e+01
2.448029159820210765e+01
2.447294151042552102e+01
2.446559825850760461e+01
2.445826182286566564e+01
2.445093218397047252e+01
2.444360932234611994e+01
2.443629321856985825e+01
2.442898385327188748e+01
2.442168120713518675e+01
2.441438526089535443e+01
2.440709599534039853e+01
2.439981339131061944e+01
2.439253742969836836e+01
2.438526809144791940e+01
2.437800535755530262e+01
2.437074920906810149e+01
2.436349962708530370e+01
2.435625659275711641e+01
2.434902008728483125e+01
2.434179009192063248e+01
2.433456658796741934e+01
2.432734955677866395e+01
2.432013897975824079e+01
2.431293483836027036e+01
2.430573711408892734e+01
2.429854578849831626e+01
2.429136084319229028e+01
2.428418225982428424e+01
2.427701002009717257e+01
2.426984410576312357e+01
2.426268449862337917e+01
2.425553118052819102e+01
2.424838413337656817e+01
2.424124333911621676e+01
2.423410877974328770e+01
2.422698043730230921e+01
2.421985829388599853e+01
2.421274233163507361e+01
2.420563253273820337e+01
2.419852887943172703e+01
2.419143135399960798e+01
2.418433993877323473e+01
2.417725461613129667e+01
2.417017536849960990e+01
2.416310217835100360e+01
2.415603502820514592e+01
2.414897390062843030e+01
2.414191877823380494e+01
2.413486964368059517e+01
2.412782647967447502e+01
2.412078926896720787e+01
2.411375799435655765e+01
2.410673263868615024e+01
2.409971318484532432e+01
2.409269961576897856e+01
2.408569191443746149e+01
2.407869006387642941e+01
2.407169404715666516e+01
2.406470384739403201e+01
2.405771944774924265e+01
2.405074083142776686e+01
2.404376798167971785e+01
2.403680088179969943e+01
2.402983951512665683e+01
2.402288386504375950e+01
2.401593391497825536e+01
2.400898964840141758e+01
2.400205104882829232e+01
2.399511809981762411e+01
2.398819078497178481e+01
2.398126908793656042e+01
2.397435299240103745e+01
2.396744248209754602e+01
2.396053754080145382e+01
2.395363815233106664e+01
2.394674430054750758e+01
2.393985596935462468e+01
2.393297314269879905e+01
2.392609580456885965e+01
2.391922393899599797e+01
2.391235753005357623e+01
2.390549656185704563e+01
2.389864101856382206e+01
2.389179088437316878e+01
2.388494614352606504e+01
2.387810678030511014e+01
2.387127277903436706e+01
2.386444412407929150e+01
2.385762079984657902e+01
2.385080279078406207e+01
2.384399008138061049e+01
2.383718265616599297e+01
2.383038049971074912e+01
2.382358359662613978e+01
2.381679193156396224e+01
2.381000548921647209e+01
2.380322425431626954e+01
2.379644821163617863e+01
2.378967734598914774e+01
2.378291164222813592e+01
2.377615108524600629e+01
2.376939565997539461e+01
2.376264535138862044e+01
2.375590014449758769e+01
2.374916002435367446e+01
2.374242497604757673e+01
2.373569498470929418e+01
2.372897003550792050e+01
2.372225011365163994e+01
2.371553520438752471e+01
2.370882529300151731e+01
2.370212036481826345e+01
2.369542040520104820e+01
2.368872539955165024e+01
2.368203533331030997e+01
2.367535019195556245e+01
2.366866996100412734e+01
2.366199462601090175e+01
2.365532417256875064e+01
2.364865858630847484e+01
2.364199785289866895e+01
2.363534195804569293e+01
2.362869088749346247e+01
2.362204462702345609e+01
2.361540316245456950e+01
2.360876647964303743e+01
2.360213456448227731e+01
2.359550740290288928e+01
2.358888498087249275e+01
2.358226728439568376e+01
2.357565429951384317e+01
2.356904601230517926e+01
2.356244240888450747e+01
2.355584347540327173e+01
2.354924919804932415e+01
2.354265956304696772e+01
2.353607455665674308e+01
2.352949416517545345e+01
2.352291837493596560e+01
2.351634717230717797e+01
2.350978054369396020e+01
2.350321847553697552e+01
2.349666095431265944e+01
2.349010796653313093e+01
2.348355949874606097e+01
2.347701553753463344e+01
2.347047606951739596e+01
2.346394108134829537e+01
2.345741055971640776e+01
2.345088449134602371e+01
2.344436286299648131e+01
2.343784566146208448e+01
2.343133287357203187e+01
2.342482448619029967e+01
2.341832048621565576e+01
2.341182086058143597e+01
2.340532559625557596e+01
2.339883468024048341e+01
2.339234809957292782e+01
2.338586584132402280e+01
2.337938789259910166e+01
2.337291424053764999e+01
2.336644487231320966e+01
2.335997977513332557e+01
2.335351893623946040e+01
2.334706234290687377e+01
2.334060998244460450e+01
2.333416184219537115e+01
2.332771790953547253e+01
2.332127817187471663e+01
2.331484261665637092e+01
2.330841123135708060e+01
2.330198400348674070e+01
2.329556092058849970e+01
2.328914197023859245e+01
2.328272714004636157e+01
2.327631641765412951e+01
2.326990979073710974e+01
2.326350724700336414e+01
2.325710877419372480e+01
2.325071436008171588e+01
2.324432399247347192e+01
2.323793765920767385e+01
2.323155534815548506e+01
2.322517704722046616e+01
2.321880274433849323e+01
2.321243242747774360e+01
2.320606608463852893e+01
2.319970370385331648e+01
2.319334527318661543e+01
2.318699078073491648e+01
2.318064021462658530e+01
2.317429356302189447e+01
2.316795081411281743e+01
2.316161195612308177e+01
2.315527697730802714e+01
2.314894586595456261e+01
2.314261861038112045e+01
2.313629519893752473e+01
2.312997562000501972e+01
2.312365986199609935e+01
2.311734791335453565e+01
2.311103976255524017e+01
2.310473539810425336e+01
2.309843480853863440e+01
2.309213798242645055e+01
2.308584490836662440e+01
2.307955557498899424e+01
2.307326997095412935e+01
2.306698808495334063e+01
2.306070990570861667e+01
2.305443542197250650e+01
2.304816462252810894e+01
2.304189749618899441e+01
2.303563403179914815e+01
2.302937421823290265e+01
2.302311804439487020e+01
2.301686549921988956e+01
2.301061657167298335e+01
2.300437125074926570e+01
2.299812952547391021e+01
2.299189138490206830e+01
2.298565681811881589e+01
2.297942581423911435e+01
2.297319836240773938e+01
2.296697445179918873e+01
2.296075407161769988e+01
2.295453721109711509e+01
2.294832385950088138e+01
2.294211400612194041e+01
2.293590764028273910e+01
2.292970475133510888e+01
2.292350532866024082e+01
2.291730936166862875e+01
2.291111683980000890e+01
2.290492775252333502e+01
2.289874208933662914e+01
2.289255983976705267e+01
2.288638099337076426e+01
2.288020553973290561e+01
2.287403346846752328e+01
2.286786476921754740e+01
2.286169943165468865e+01
2.285553744547944177e+01
2.284937880042101455e+01
2.284322348623722121e+01
2.283707149271453574e+01
2.283092280966793552e+01
2.282477742694091916e+01
2.281863533440541403e+01
2.281249652196177280e+01
2.280636097953865971e+01
2.280022869709306121e+01
2.279409966461016523e+01
2.278797387210342862e+01
2.278185130961436045e+01
2.277573196721264281e+01
2.276961583499597452e+01
2.276350290309001423e+01
2.275739316164844439e+01
2.275128660085278653e+01
2.274518321091244744e+01
2.273908298206462320e+01
2.273298590457426371e+01
2.272689196873405137e+01
2.272080116486430512e+01
2.271471348331299112e+01
2.270862891445559129e+01
2.270254744869516372e+01
2.269646907646222189e+01
2.269039378821471686e+01
2.268432157443796271e+01
2.267825242564465071e+01
2.267218633237474634e+01
2.266612328519546082e+01
2.266006327470122983e+01
2.265400629151363177e+01
2.264795232628136290e+01
2.264190136968021605e+01
2.263585341241299886e+01
2.262980844520949830e+01
2.262376645882644866e+01
2.261772744404750313e+01
2.261169139168314501e+01
2.260565829257070192e+01
2.259962813757423916e+01
2.259360091758460243e+01
2.258757662351926854e+01
2.258155524632241651e+01
2.257553677696480321e+01
2.256952120644373849e+01
2.256350852578309940e+01
2.255749872603321649e+01
2.255149179827086670e+01
2.254548773359924496e+01
2.253948652314788603e+01
2.253348815807267158e+01
2.252749262955574494e+01
2.252149992880553597e+01
2.251551004705664383e+01
2.250952297556982984e+01
2.250353870563201752e+01
2.249755722855617890e+01
2.249157853568139487e+01
2.248560261837269891e+01
2.247962946802114104e+01
2.247365907604369895e+01
2.246769143388323187e+01
2.246172653300849831e+01
2.245576436491406014e+01
2.244980492112027548e+01
2.244384819317325608e+01
2.243789417264482111e+01
2.243194285113251141e+01
2.242599422025944023e+01
2.242004827167438918e+01
2.241410499705170167e+01
2.240816438809125088e+01
2.240222643651841139e+01
2.239629113408403782e+01
2.239035847256440803e+01
2.238442844376119467e+01
2.237850103950145098e+01
2.237257625163753971e+01
2.236665407204714384e+01
2.236073449263318125e+01
2.235481750532383316e+01
2.234890310207244113e+01
2.234299127485751768e+01
2.233708201568272500e+01
2.233117531657679677e+01
2.232527116959354174e+01
2.231936956681181528e+01
2.231347050033541635e+01
2.230757396229316925e+01
2.230167994483880278e+01
2.229578844015096450e+01
2.228989944043314608e+01
2.228401293791371174e+01
2.227812892484581297e+01
2.227224739350737792e+01
2.226636833620108646e+01
2.226049174525432761e+01
2.225461761301919594e+01
2.224874593187241345e+01
2.224287669421534019e+01
2.223700989247391746e+01
2.223114551909866066e+01
2.222528356656463444e+01
2.221942402737137456e+01
2.221356689404291984e+01
2.220771215912774466e+01
2.220185981519873053e+01
2.219600985485317324e+01
2.219016227071269043e+01
2.218431705542327137e+01
2.217847420165516681e+01
2.217263370210293871e+01
2.216679554948537145e+01
2.216095973654547180e+01
2.215512625605044050e+01
2.214929510079163322e+01
2.214346626358455694e+01
2.213763973726880607e+01
2.213181551470806596e+01
2.212599358879007028e+01
2.212017395242659035e+01
2.211435659855338542e+01
2.210854152013018137e+01
2.210272871014066709e+01
2.209691816159245548e+01
2.209110986751703010e+01
2.208530382096975941e+01
2.207950001502985060e+01
2.207369844280032822e+01
2.206789909740800937e+01
2.206210197200346101e+01
2.205630705976101069e+01
2.205051435387870384e+01
2.204472384757825765e+01
2.203893553410505035e+01
2.203314940672812838e+01
2.202736545874013174e+01
2.202158368345729755e+01
2.201580407421943875e+01
2.201002662438988722e+01
2.200425132735553291e+01
2.199847817652671012e+01
2.199270716533727210e+01
2.198693828724447741e+01
2.198117153572903959e+01
2.197540690429506682e+01
2.196964438647002282e+01
2.196388397580475527e+01
2.195812566587342474e+01
2.195236945027350473e+01
2.194661532262574610e+01
2.194086327657418067e+01
2.193511330578605012e+01
2.192936540395183798e+01
2.192361956478522345e+01
2.191787578202303877e+01
2.191213404942529053e+01
2.190639436077508861e+01
2.190065670987866042e+01
2.189492109056534019e+01
2.188918749668750507e+01
2.188345592212054669e+01
2.187772636076293509e+01
2.187199880653610506e+01
2.186627325338447392e+01
2.186054969527541658e+01
2.185482812619923720e+01
2.184910854016917625e+01
2.184339093122135012e+01
2.183767529341475111e+01
2.183196162083122971e+01
2.182624990757546612e+01
2.182054014777495610e+01
2.181483233557999313e+01
2.180912646516362230e+01
2.180342253072167580e+01
2.179772052647266989e+01
2.179202044665787241e+01
2.178632228554123174e+01
2.178062603740937675e+01
2.177493169657157779e+01
2.176923925735973597e+01
2.176354871412838321e+01
2.175786006125463956e+01
2.175217329313820613e+01
2.174648840420132245e+01
2.174080538888878777e+01
2.173512424166791845e+01
2.172944495702852663e+01
2.172376752948289891e+01
2.171809195356579281e+01
2.171241822383442610e+01
2.170674633486840932e+01
2.170107628126978483e+01
2.169540805766298419e+01
2.168974165869479265e+01
2.168407707903437753e+01
2.167841431337322433e+01
2.167275335642514023e+01
2.166709420292622212e+01
2.166143684763485311e+01
2.165578128533168822e+01
2.165012751081962961e+01
2.164447551892380517e+01
2.163882530449154373e+01
2.163317686239238213e+01
2.162753018751802614e+01
2.162188527478234690e+01
2.161624211912135252e+01
2.161060071549318806e+01
2.160496105887808227e+01
2.159932314427838307e+01
2.159368696671849008e+01
2.158805252124487595e+01
2.158241980292603301e+01
2.157678880685251954e+01
2.157115952813685666e+01
2.156553196191357102e+01
2.155990610333918056e+01
2.155428194759211635e+01
2.154865948987281854e+01
2.154303872540359777e+01
2.153741964942868492e+01
2.153180225721421692e+01
2.152618654404818699e+01
2.152057250524046239e+01
2.151496013612276315e+01
2.150934943204861227e+01
2.150374038839337487e+01
2.149813300055418352e+01
2.149252726394997381e+01
2.148692317402142749e+01
2.148132072623099020e+01
2.147571991606283603e+01
2.147012073902284612e+01
2.146452319063861580e+01
2.145892726645944038e+01
2.145333296205625828e+01
2.144774027302167951e+01
2.144214919496993943e+01
2.143655972353692007e+01
2.143097185438009689e+01
2.142538558317854935e+01
2.141980090563292549e+01
2.141421781746544895e+01
2.140863631441987991e+01
2.140305639226152579e+01
2.139747804677720211e+01
2.139190127377522899e+01
2.138632606908541689e+01
2.138075242855904889e+01
2.137518034806887002e+01
2.136960982350906946e+01
2.136404085079524862e+01
2.135847342586445308e+01
2.135290754467509799e+01
2.134734320320699652e+01
2.134178039746134203e+01
2.133621912346066551e+01
2.133065937724883909e+01
2.132510115489107960e+01
2.131954445247388463e+01
2.131398926610506095e+01
2.130843559191372094e+01
2.130288342605020802e+01
2.129733276468613568e+01
2.129178360401435910e+01
2.128623594024893961e+01
2.128068976962516956e+01
2.127514508839952612e+01
2.126960189284966063e+01
2.126406017927440217e+01
2.125851994399371137e+01
2.125298118334871944e+01
2.124744389370164299e+01
2.124190807143583726e+01
2.123637371295572862e+01
2.123084081468682172e+01
2.122530937307573495e+01
2.121977938459006907e+01
2.121425084571848885e+01
2.120872375297070178e+01
2.120319810287740125e+01
2.119767389199028074e+01
2.119215111688200182e+01
2.118662977414620840e+01
2.118110986039749122e+01
2.117559137227136290e+01
2.117007430642427579e+01
2.116455865953359705e+01
2.115904442829755183e+01
2.115353160943528366e+01
2.114802019968677982e+01
2.114251019581288560e+01
2.113700159459527583e+01
2.113149439283646913e+01
2.112598858735976748e+01
2.112048417500927400e+01
2.111498115264987163e+01
2.110947951716722315e+01
2.110397926546771075e+01
2.109848039447849288e+01
2.109298290114741903e+01
2.108748678244306163e+01
2.108199203535468058e+01
2.107649865689222324e+01
2.107100664408629598e+01
2.106551599398814645e+01
2.106002670366968132e+01
2.105453877022341302e+01
2.104905219076245970e+01
2.104356696242054170e+01
2.103808308235196023e+01
2.103260054773156895e+01
2.102711935575477753e+01
2.102163950363753031e+01
2.101616098861629922e+01
2.101068380794804824e+01
2.100520795891024051e+01
2.099973343880081700e+01
2.099426024493818232e+01
2.098878837466119052e+01
2.098331782532911305e+01
2.097784859432166016e+01
2.097238067903893466e+01
2.096691407690142483e+01
2.096144878535001865e+01
2.095598480184592205e+01
2.095052212387071222e+01
2.094506074892628789e+01
2.093960067453487639e+01
2.093414189823899818e+01
2.092868441760143128e+01
2.092322823020526812e+01
2.091777333365382319e+01
2.091231972557066854e+01
2.090686740359959117e+01
2.090141636540458592e+01
2.089596660866986610e+01
2.089051813109978895e+01
