8.330172077640186501e+01
8.316333009464439385e+01
8.302553872523515111e+01
8.288834161365586795e+01
8.275173375980938317e+01
8.261571021719518626e+01
8.248026609209924231e+01
8.234539654279639365e+01
8.221109677876657429e+01
8.207736205992361533e+01
8.194418769585756479e+01
8.181156904508921457e+01
8.167950151433707617e+01
8.154798055779687616e+01
8.141700167643367081e+01
8.128656041728491743e+01
8.115665237277622168e+01
8.102727318004838253e+01
8.089841852029572067e+01
8.077008411811620192e+01
8.064226574087200561e+01
8.051495919806158952e+01
8.038816034070212879e+01
8.026186506072274085e+01
8.013606929036811266e+01
8.001076900161207561e+01
7.988596020558195221e+01
7.976163895199222509e+01
7.963780132858788363e+01
7.951444346059807344e+01
7.939156151019825813e+01
7.926915167598288292e+01
7.914721019244556999e+01
7.902573332946980145e+01
7.890471739182765987e+01
7.878415871868730846e+01
7.866405368312908308e+01
7.854439869167023858e+01
7.842519018379746853e+01
7.830642463150780941e+01
7.818809853885767325e+01
7.807020844151942640e+01
7.795275090634576998e+01
7.783572253094175153e+01
7.771911994324429429e+01
7.760293980110887446e+01
7.748717879190348867e+01
7.737183363210988318e+01
7.725690106693123482e+01
7.714237786990722157e+01
7.702826084253561589e+01
7.691454681390035830e+01
7.680123264030626729e+01
7.668831520492031473e+01
7.657579141741857143e+01
7.646365821364000226e+01
7.635191255524624410e+01
7.624055142938684071e+01
7.612957184837080149e+01
7.601897084934392979e+01
7.590874549397176452e+01
7.579889286812755245e+01
7.568941008158715533e+01
7.558029426772729664e+01
7.547154258323135423e+01
7.536315220779835045e+01
7.525512034385843663e+01
7.514744421629309556e+01
7.504012107215972094e+01
7.493314818042216530e+01
7.482652283168494023e+01
7.472024233793317194e+01
7.461430403227642216e+01
7.450870526869763921e+01
7.440344342180637227e+01
7.429851588659630579e+01
7.419392007820745505e+01
7.408965343169259654e+01
7.398571340178754951e+01
7.388209746268636025e+01
7.377880310781975481e+01
7.367582784963832410e+01
7.357316921939919041e+01
7.347082476695705111e+01
7.336879206055849068e+01
7.326706868664078343e+01
7.316565224963378000e+01
7.306454037176595762e+01
7.296373069287388091e+01
7.286322087021527238e+01
7.276300857828564972e+01
7.266309150863833111e+01
7.256346736970803590e+01
7.246413388663769695e+01
7.236508880110871189e+01
7.226632987117430673e+01
7.216785487109639519e+01
7.206966159118525184e+01
7.197174783764293693e+01
7.187411143240881017e+01
7.177675021300936464e+01
7.167966203241000755e+01
7.158284475887022325e+01
7.148629627580190515e+01
7.139001448163011787e+01
7.129399728965695715e+01
7.119824262792815261e+01
7.110274843910266895e+01
7.100751268032468033e+01
7.091253332309827329e+01
7.081780835316530442e+01
7.072333577038531871e+01
7.062911358861826727e+01
7.053513983560984002e+01
7.044141255287941306e+01
7.034792979561011350e+01
7.025468963254186860e+01
7.016169014586634489e+01
7.006892943112490002e+01
6.997640559710825414e+01
6.988411676575888976e+01
6.979206107207593845e+01
6.970023666402173035e+01
6.960864170243121407e+01
6.951727436092330947e+01
6.942613282581449141e+01
6.933521529603443412e+01
6.924451998304417089e+01
6.915404511075595906e+01
6.906378891545533349e+01
6.897374964572550482e+01
6.888392556237340614e+01
6.879431493835792821e+01
6.870491605872020102e+01
6.861572722051576534e+01
6.852674673274873385e+01
6.843797291630767177e+01
6.834940410390370857e+01
6.826103864001021293e+01
6.817287488080438607e+01
6.808491119411087311e+01
6.799714595934686656e+01
6.790957756746917084e+01
6.782220442092292956e+01
6.773502493359217169e+01
6.764803753075196369e+01
6.756124064902238047e+01
6.747463273632375547e+01
6.738821225183419017e+01
6.730197766594810105e+01
6.721592746023668496e+01
6.713006012740987671e+01
6.704437417127965659e+01
6.695886810672526224e+01
6.687354045965957994e+01
6.678838976699711338e+01
6.670341457662351559e+01
6.661861344736627188e+01
6.653398494896718773e+01
6.644952766205601336e+01
6.636524017812529053e+01
6.628112109950700415e+01
6.619716903935011487e+01
6.611338262159952706e+01
6.602976048097664830e+01
6.594630126296050321e+01
6.586300362377082251e+01
6.577986623035177161e+01
6.569688776035738442e+01
6.561406690213772208e+01
6.553140235472612574e+01
6.544889282782820317e+01
6.536653704181121327e+01
6.528433372769484322e+01
6.520228162714300879e+01
6.512037949245663526e+01
6.503862608656737621e+01
6.495702018303261127e+01
6.487556056603078503e+01
6.479424603035840846e+01
6.471307538142725946e+01
6.463204743526303275e+01
6.455116101850438781e+01
6.447041496840327568e+01
6.438980813282540794e+01
6.430933937025224623e+01
6.422900754978331861e+01
6.414881155113910438e+01
6.406875026466499889e+01
6.398882259133574735e+01
6.390902744276047542e+01
6.382936374118846601e+01
6.374983041951531959e+01
6.367042642129000996e+01
6.359115070072188303e+01
6.351200222268901285e+01
6.343297996274606732e+01
6.335408290713348123e+01
6.327531005278630261e+01
6.319666040734416868e+01
6.311813298916081294e+01
6.303972682731485122e+01
6.296144096161979320e+01
6.288327444263534005e+01
6.280522633167831259e+01
6.272729570083389916e+01
6.264948163296719486e+01
6.257178322173483309e+01
6.249419957159673800e+01
6.241672979782791941e+01
6.233937302653048107e+01
6.226212839464544402e+01
6.218499504996471927e+01
6.210797215114313019e+01
6.203105886771000144e+01
6.195425438008112451e+01
6.187755787957033249e+01
6.180096856840081188e+01
6.172448565971664891e+01
6.164810837759360140e+01
6.157183595705008372e+01
6.149566764405764729e+01
6.141960269555126217e+01
6.134364037943895909e+01
6.126777997461162784e+01
6.119202077095184222e+01
6.111636206934261395e+01
6.104080318167555674e+01
6.096534343085859575e+01
6.088998215082300902e+01
6.081471868653000712e+01
6.073955239397690775e+01
6.066448264020210246e+01
6.058950880329012989e+01
6.051463027237544878e+01
6.043984644764579883e+01
6.036515674034473022e+01
6.029056057277335157e+01
6.021605737829125360e+01
6.014164660131660867e+01
6.006732769732550281e+01
5.999310013285012388e+01
5.991896338547630307e+01
5.984491694383985561e+01
5.977096030762206169e+01
5.969709298754439430e+01
5.962331450536144217e+01
5.954962439385361250e+01
5.947602219681833446e+01
5.940250746906008317e+01
5.932907977637951547e+01
5.925573869556108519e+01
5.918248381435984129e+01
5.910931473148673376e+01
5.903623105659273307e+01
5.896323241025181261e+01
5.889031842394231120e+01
5.881748874002741445e+01
5.874474301173393087e+01
5.867208090312988134e+01
5.859950208910072433e+01
5.852700625532415302e+01
5.845459309824315142e+01
5.838226232503826907e+01
5.831001365359797717e+01
5.823784681248740469e+01
5.816576154091610817e+01
5.809375758870380224e+01
5.802183471624491773e+01
5.794999269447154688e+01
5.787823130481448430e+01
5.780655033916332286e+01
5.773494959982446773e+01
5.766342889947770800e+01
5.759198806113121805e+01
5.752062691807495298e+01
5.744934531383228205e+01
5.737814310211025770e+01
5.730702014674786682e+01
5.723597632166298865e+01
5.716501151079751253e+01
5.709412560806072179e+01
5.702331851727132062e+01
5.695259015209749975e+01
5.688194043599523297e+01
5.681136930214550063e+01
5.674087669338918261e+01
5.667046256216038103e+01
5.660012687041862733e+01
5.652986958957868069e+01
5.645969070043919658e+01
5.638959019310942722e+01
5.631956806693443696e+01
5.624962433041861942e+01
5.617975900114749521e+01
5.610997210570803873e+01
5.604026367960717891e+01
5.597063376718894290e+01
5.590108242154965978e+01
5.583160970445188553e+01
5.576221568623658698e+01
5.569290044573379816e+01
5.562366407017171355e+01
5.555450665508423924e+01
5.548542830421706640e+01
5.541642912943218136e+01
5.534750925061094051e+01
5.527866879555570989e+01
5.520990789989003389e+01
5.514122670695724082e+01
5.507262536771794004e+01
5.500410404064582792e+01
5.493566289162244232e+01
5.486730209383032530e+01
5.479902182764516283e+01
5.473082228052618348e+01
5.466270364690596750e+01
5.459466612807841557e+01
5.452670993208587902e+01
5.445883527360508936e+01
5.439104237383180163e+01
5.432333146036449989e+01
5.425570276708700135e+01
5.418815653404982413e+01
5.412069300735102928e+01
5.405331243901537874e+01
5.398601508687337969e+01
5.391880121443868745e+01
5.385167109078520298e+01
5.378462499042288414e+01
5.371766319317319471e+01
5.365078598404348753e+01
5.358399365310070550e+01
5.351728649534467763e+01
5.345066481058043451e+01
5.338412890328997662e+01
5.331767908250382959e+01
5.325131566167146957e+01
5.318503895853201868e+01
5.311884929498371832e+01
5.305274699695358720e+01
5.298673239426649673e+01
5.292080582051390536e+01
5.285496761292239398e+01
5.278921811222186022e+01
5.272355766251375542e+01
5.265798661113885970e+01
5.259250530854522765e+01
5.252711410815579995e+01
5.246181336623639169e+01
5.239660344176311924e+01
5.233148469629050226e+01
5.226645749381935246e+01
5.220152220066461979e+01
5.213667918532409118e+01
5.207192881834636466e+01
5.200727147220014501e+01
5.194270752114294254e+01
5.187823734109073825e+01
5.181386130948776980e+01
5.174957980517678635e+01
5.168539320826995720e+01
5.162130190001997221e+01
5.155730626269205885e+01
5.149340667943636163e+01
5.142960353416106045e+01
5.136589721140619247e+01
5.130228809621807784e+01
5.123877657402466212e+01
5.117536303051153368e+01
5.111204785149876528e+01
5.104883142281875053e+01
5.098571413019490706e+01
5.092269635912110459e+01
5.085977849474238610e+01
5.079696092173662691e+01
5.073424402419689727e+01
5.067162818551555148e+01
5.060911378826875762e+01
5.054670121410253358e+01
5.048439084362004081e+01
5.042218305626975905e+01
5.036007823023509644e+01
5.029807674232532122e+01
5.023617896786757342e+01
5.017438528060041847e+01
5.011269605256858028e+01
5.005111165401913098e+01
4.998963245329911587e+01
4.992825881675427269e+01
4.986699110862993223e+01
4.980582969097245893e+01
4.974477492353274499e+01
4.968382716367139551e+01
4.962298676626468819e+01
4.956225408361291329e+01
4.950162946534958053e+01
4.944111325835287118e+01
4.938070580665804243e+01
4.932040745137206983e+01
4.926021853058924904e+01
4.920013937930915660e+01
4.914017032935559115e+01
4.908031170929785958e+01
4.902056384437295833e+01
4.896092705641029852e+01
4.890140166375741160e+01
4.884198798120786478e+01
4.878268631993059756e+01
4.872349698740103463e+01
4.866442028733408165e+01
4.860545651961868430e+01
4.854660598025425600e+01
4.848786896128864043e+01
4.842924575075814175e+01
4.837073663262898293e+01
4.831234188674083896e+01
4.825406178875167029e+01
4.819589661008482295e+01
4.813784661787747154e+01
4.807991207493102337e+01
4.802209323966322074e+01
4.796439036606189177e+01
4.790680370364059115e+01
4.784933349739584685e+01
4.779197998776611200e+01
4.773474341059259984e+01
4.767762399708168175e+01
4.762062197376901906e+01
4.756373756248535045e+01
4.750697098032409826e+01
4.745032243961050966e+01
4.739379214787247463e+01
4.733738030781313455e+01
4.728108711728491187e+01
4.722491276926535164e+01
4.716885745183454759e+01
4.711292134815408872e+01
4.705710463644761177e+01
4.700140748998300211e+01
4.694583007705612943e+01
4.689037256097613948e+01
4.683503510005211012e+01
4.677981784758145523e+01
4.672472095183978524e+01
4.666974455607200412e+01
4.661488879848523226e+01
4.656015381224281668e+01
4.650553972546013171e+01
4.645104666120148806e+01
4.639667473747837789e+01
4.634242406724953156e+01
4.628829475842192664e+01
4.623428691385313982e+01
4.618040063135517670e+01
4.612663600369953798e+01
4.607299311862353619e+01
4.601947205883780612e+01
4.596607290203502316e+01
4.591279572090019201e+01
4.585964058312143976e+01
4.580660755140262097e+01
4.575369668347671137e+01
4.570090803212045216e+01
4.564824164517001037e+01
4.559569756553768372e+01
4.554327583122985601e+01
4.549097647536591182e+01
4.543879952619785456e+01
4.538674500713146642e+01
4.533481293674786627e+01
4.528300332882650281e+01
4.523131619236875167e+01
4.517975153162247182e+01
4.512830934610747136e+01
4.507698963064194686e+01
4.502579237536954082e+01
4.497471756578724467e+01
4.492376518277436048e+01
4.487293520262178248e+01
4.482222759706242954e+01
4.477164233330219645e+01
4.472117937405160149e+01
4.467083867755819426e+01
4.462062019763956755e+01
4.457052388371702278e+01
4.452054968084993902e+01
4.447069752977050427e+01
4.442096736691925685e+01
4.437135912448105302e+01
4.432187273042171682e+01
4.427250810852490304e+01
4.422326517842981275e+01
4.417414385566912927e+01
4.412514405170750820e+01
4.407626567398043704e+01
4.402750862593365611e+01
4.397887280706278545e+01
4.393035811295338533e+01
4.388196443532151392e+01
4.383369166205445566e+01
4.378553967725176932e+01
4.373750836126685471e+01
4.368959759074835603e+01
4.364180723868241785e+01
4.359413717443479186e+01
4.354658726379314260e+01
4.349915736900999264e+01
4.345184734884520594e+01
4.340465705860932388e+01
4.335758635020663831e+01
4.331063507217859865e+01
4.326380306974716916e+01
4.321709018485864817e+01
4.317049625622718168e+01
4.312402111937875304e+01
4.307766460669482456e+01
4.303142654745644080e+01
4.298530676788831073e+01
4.293930509120247763e+01
4.289342133764279197e+01
4.284765532452856718e+01
4.280200686629892459e+01
4.275647577455656290e+01
4.271106185811193257e+01
4.266576492302716161e+01
4.262058477265970424e+01
4.257552120770655790e+01
4.253057402624769168e+01
4.248574302378982281e+01
4.244102799330995168e+01
4.239642872529887541e+01
4.235194500780436044e+01
4.230757662647443595e+01
4.226332336460042427e+01
4.221918500315990030e+01
4.217516132085931702e+01
4.213125209417663797e+01
4.208745709740368568e+01
4.204377610268843313e+01
4.200020888007698261e+01
4.195675519755532434e+01
4.191341482109099559e+01
4.187018751467435607e+01
4.182707304035996998e+01
4.178407115830728458e+01
4.174118162682145794e+01
4.169840420239370360e+01
4.165573863974159252e+01
4.161318469184892166e+01
4.157074211000531250e+01
4.152841064384571723e+01
4.148619004138947730e+01
4.144408004907914034e+01
4.140208041181911369e+01
4.136019087301379216e+01
4.131841117460555779e+01
4.127674105711251684e+01
4.123518025966581746e+01
4.119372852004656238e+01
4.115238557472288505e+01
4.111115115888599547e+01
4.107002500648655285e+01
4.102900685027023542e+01
4.098809642181332435e+01
4.094729345155785438e+01
4.090659766884630244e+01
4.086600880195605612e+01
4.082552657813363339e+01
4.078515072362831972e+01
4.074488096372574120e+01
4.070471702278080528e+01
4.066465862425062028e+01
4.062470549072673265e+01
4.058485734396731459e+01
4.054511390492872636e+01
4.050547489379705013e+01
4.046594003001887074e+01
4.042650903233204929e+01
4.038718161879602064e+01
4.034795750682168602e+01
4.030883641320094313e+01
4.026981805413602444e+01
4.023090214526825292e+01
4.019208840170658448e+01
4.015337653805584495e+01
4.011476626844435600e+01
4.007625730655146867e+01
4.003784936563475583e+01
3.999954215855647988e+01
3.996133539781020261e+01
3.992322879554665604e+01
3.988522206359947120e+01
3.984731491351045207e+01
3.980950705655457966e+01
3.977179820376449726e+01
3.973418806595496022e+01
3.969667635374652548e+01
3.965926277758927654e+01
3.962194704778588061e+01
3.958472887451460309e+01
3.954760796785173937e+01
3.951058403779380512e+01
3.947365679427935703e+01
3.943682594721043699e+01
3.940009120647391683e+01
3.936345228196209689e+01
3.932690888359336867e+01
3.929046072133218814e+01
3.925410750520909176e+01
3.921784894534008004e+01
3.918168475194580935e+01
3.914561463537042130e+01
3.910963830610008074e+01
3.907375547478122968e+01
3.903796585223842186e+01
3.900226914949185186e+01
3.896666507777472077e+01
3.893115334855009735e+01
3.889573367352760158e+01
3.886040576467976138e+01
3.882516933425795713e+01
3.879002409480825975e+01
3.875496975918678544e+01
3.872000604057490136e+01
3.868513265249398358e+01
3.865034930882004005e+01
3.861565572379801381e+01
3.858105161205568834e+01
3.854653668861740101e+01
3.851211066891750079e+01
3.847777326881350035e+01
3.844352420459891562e+01
3.840936319301584234e+01
3.837528995126734799e+01
3.834130419702955805e+01
3.830740564846337293e+01
3.827359402422610657e+01
3.823986904348265625e+01
3.820623042591667939e+01
3.817267789174128012e+01
3.813921116170956083e+01
3.810582995712501031e+01
3.807253399985130216e+01
3.803932301232239155e+01
3.800619671755190154e+01
3.797315483914253065e+01
3.794019710129514067e+01
3.790732322881760297e+01
3.787453294713347418e+01
3.784182598229045169e+01
3.780920206096857328e+01
3.777666091048809704e+01
3.774420225881745239e+01
3.771182583458068649e+01
3.767953136706483974e+01
3.764731858622712934e+01
3.761518722270188420e+01
3.758313700780720978e+01
3.755116767355173835e+01
3.751927895264071822e+01
3.748747057848241582e+01
3.745574228519393500e+01
3.742409380760705062e+01
3.739252488127385732e+01
3.736103524247207019e+01
3.732962462821044625e+01
3.729829277623368000e+01
3.726703942502739153e+01
3.723586431382283024e+01
3.720476718260142235e+01
3.717374777209923309e+01
3.714280582381100260e+01
3.711194107999447311e+01
3.708115328367406960e+01
3.705044217864482903e+01
3.701980750947588916e+01
3.698924902151395600e+01
3.695876646088670725e+01
3.692835957450581930e+01
3.689802811007005801e+01
3.686777181606814224e+01
3.683759044178147235e+01
3.680748373728672362e+01
3.677745145345840427e+01
3.674749334197105100e+01
3.671760915530155955e+01
3.668779864673118851e+01
3.665806157034756296e+01
3.662839768104648641e+01
3.659880673453373845e+01
3.656928848732651716e+01
3.653984269675509466e+01
3.651046912096406771e+01
3.648116751891370058e+01
3.645193765038098377e+01
3.642277927596080644e+01
3.639369215706675220e+01
3.636467605593207963e+01
3.633573073561036892e+01
3.630685595997613291e+01
3.627805149372546367e+01
3.624931710237638782e+01
3.622065255226925018e+01
3.619205761056702642e+01
3.616353204525537990e+01
3.613507562514284643e+01
3.610668811986079874e+01
3.607836929986334695e+01
3.605011893642718235e+01
3.602193680165139966e+01
3.599382266845698553e+01
3.596577631058669056e+01
3.593779750260427619e+01
3.590988601989411677e+01
3.588204163866058849e+01
3.585426413592728068e+01
3.582655328953634211e+01
3.579890887814754308e+01
3.577133068123746540e+01
3.574381847909848631e+01
3.571637205283783345e+01
3.568899118437635565e+01
3.566167565644758497e+01
3.563442525259640092e+01
3.560723975717774437e+01
3.558011895535543090e+01
3.555306263310068005e+01
3.552607057719073680e+01
3.549914257520741501e+01
3.547227841553553418e+01
3.544547788736141314e+01
3.541874078067118603e+01
3.539206688624918229e+01
3.536545599567622133e+01
3.533890790132784332e+01
3.531242239637252567e+01
3.528599927476984277e+01
3.525963833126860436e+01
3.523333936140491573e+01
3.520710216150026639e+01
3.518092652865953340e+01
3.515481226076889243e+01
3.512875915649387082e+01
3.510276701527715915e+01
3.507683563733652932e+01
3.505096482366271005e+01
3.502515437601714865e+01
3.499940409692977994e+01
3.497371378969684486e+01
3.494808325837858831e+01
3.492251230779696414e+01
3.489700074353329029e+01
3.487154837192593249e+01
3.484615500006790256e+01
3.482082043580447817e+01
3.479554448773080111e+01
3.477032696518936916e+01
3.474516767826766994e+01
3.472006643779565138e+01
3.469502305534317088e+01
3.467003734321757236e+01
3.464510911446113539e+01
3.462023818284842491e+01
3.459542436288381850e+01
3.457066746979897687e+01
3.454596731955002298e+01
3.452132372881514755e+01
3.449673651499197291e+01
3.447220549619472507e+01
3.444773049125178943e+01
3.442331131970288993e+01
3.439894780179658795e+01
3.437463975848744724e+01
3.435038701143342621e+01
3.432618938299311395e+01
3.430204669622308700e+01
3.427795877487513110e+01
3.425392544339359802e+01
3.422994652691254203e+01
3.420602185125311934e+01
3.418215124292076013e+01
3.415833452910248980e+01
3.413457153766404417e+01
3.411086209714728312e+01
3.408720603676727023e+01
3.406360318640966511e+01
3.404005337662775332e+01
3.401655643863990974e+01
3.399311220432663561e+01
3.396972050622790107e+01
3.394638117754025330e+01
3.392309405211422302e+01
3.389985896445131885e+01
3.387667574970143392e+01
3.385354424365998227e+01
3.383046428276520601e+01
3.380743570409519805e+01
3.378445834536539394e+01
3.376153204492563020e+01
3.373865664175743007e+01
3.371583197547116129e+01
3.369305788630340714e+01
3.367033421511411007e+01
3.364766080338381471e+01
3.362503749321092528e+01
3.360246412730899834e+01
3.357994054900387937e+01
3.355746660223115896e+01
3.353504213153318858e+01
3.351266698205650130e+01
3.349034099954907617e+01
3.346806403035758137e+01
3.344583592142465989e+01
3.342365652028620104e+01
3.340152567506868309e+01
3.337944323448641626e+01
3.335740904783889960e+01
3.333542296500811375e+01
3.331348483645577119e+01
3.329159451322082930e+01
3.326975184691657716e+01
3.324795668972821261e+01
3.322620889440999292e+01
3.320450831428274086e+01
3.318285480323110193e+01
3.316124821570100778e+01
3.313968840669696903e+01
3.311817523177950306e+01
3.309670854706259036e+01
3.307528820921096013e+01
3.305391407543758930e+01
3.303258600350108765e+01
3.301130385170318249e+01
3.299006747888603286e+01
3.296887674442986338e+01
3.294773150825032815e+01
3.292663163079585331e+01
3.290557697304537044e+01
3.288456739650562355e+01
3.286360276320868223e+01
3.284268293570953290e+01
3.282180777708351371e+01
3.280097715092384192e+01
3.278019092133922641e+01
3.275944895295136661e+01
3.273875111089244427e+01
3.271809726080280711e+01
3.269748726882848189e+01
3.267692100161875146e+01
3.265639832632375317e+01
3.263591911059214112e+01
3.261548322256867039e+01
3.259509053089176689e+01
3.257474090469126793e+01
3.255443421358597789e+01
3.253417032768142292e+01
3.251394911756744932e+01
3.249377045431591426e+01
3.247363420947839785e+01
3.245354025508392226e+01
3.243348846363657856e+01
3.241347870811337373e+01
3.239351086196188589e+01
3.237358479909805453e+01
3.235370039390384278e+01
3.233385752122513424e+01
3.231405605636943079e+01
3.229429587510365707e+01
3.227457685365196483e+01
3.225489886869356582e+01
3.223526179736047936e+01
3.221566551723546468e+01
3.219610990634978975e+01
3.217659484318114949e+01
3.215712020665144877e+01
3.213768587612469219e+01
3.211829173140500870e+01
3.209893765273434951e+01
3.207962352079054114e+01
3.206034921668509696e+01
3.204111462196127036e+01
3.202191961859185909e+01
3.200276408897728686e+01
3.198364791594345746e+01
3.196457098273984343e+01
3.194553317303729756e+01
3.192653437092622681e+01
3.190757446091456018e+01
3.188865332792561347e+01
3.186977085729630943e+01
3.185092693477513848e+01
3.183212144652017628e+01
3.181335427909718661e+01
3.179462531947766735e+01
3.177593445503693914e+01
3.175728157355223047e+01
3.173866656320080182e+01
3.172008931255801656e+01
3.170154971059546867e+01
3.168304764667916373e+01
3.166458301056763602e+01
3.164615569241002646e+01
3.162776558274435246e+01
3.160941257249563563e+01
3.159109655297410058e+01
3.157281741587333457e+01
3.155457505326848988e+01
3.153636935761458915e+01
3.151820022174460334e+01
3.150006753886778199e+01
3.148197120256792303e+01
3.146391110680150760e+01
3.144588714589608358e+01
3.142789921454846791e+01
3.140994720782304839e+01
3.139203102115007482e+01
3.137415055032401057e+01
3.135630569150170288e+01
3.133849634120094052e+01
3.132072239629849975e+01
3.130298375402872324e+01
3.128528031198173309e+01
3.126761196810189603e+01
3.124997862068607901e+01
3.123238016838206477e+01
3.121481651018697079e+01
3.119728754544569682e+01
3.117979317384917337e+01
3.116233329543290154e+01
3.114490781057536850e+01
3.112751661999644170e+01
3.111015962475581631e+01
3.109283672625149464e+01
3.107554782621820522e+01
3.105829282672593550e+01
3.104107163017835447e+01
3.102388413931130273e+01
3.100673025719132170e+01
3.098960988721413656e+01
3.097252293310317839e+01
3.095546929890809551e+01
3.093844888900326140e+01
3.092146160808639621e+01
3.090450736117701780e+01
3.088758605361505971e+01
3.087069759105941102e+01
3.085384187948649171e+01
3.083701882518881021e+01
3.082022833477360280e+01
3.080347031516142664e+01
3.078674467358470324e+01
3.077005131758637191e+01
3.075339015501856821e+01
3.073676109404110690e+01
3.072016404312028115e+01
3.070359891102742012e+01
3.068706560683756024e+01
3.067056403992804547e+01
3.065409411997735845e+01
3.063765575696359278e+01
3.062124886116330202e+01
3.060487334315013186e+01
3.058852911379344164e+01
3.057221608425716397e+01
3.055593416599839429e+01
3.053968327076617584e+01
3.052346331060019935e+01
3.050727419782954897e+01
3.049111584507144457e+01
3.047498816523001608e+01
3.045889107149501740e+01
3.044282447734063268e+01
3.042678829652422934e+01
3.041078244308509326e+01
3.039480683134334171e+01
3.037886137589856261e+01
3.036294599162874874e+01
3.034706059368900100e+01
3.033120509751036664e+01
3.031537941879876286e+01
3.029958347353363735e+01
3.028381717796691674e+01
3.026808044862184488e+01
3.025237320229175708e+01
3.023669535603899305e+01
3.022104682719374580e+01
3.020542753335294961e+01
3.018983739237909703e+01
3.017427632239916946e+01
3.015874424180349678e+01
3.014324106924465596e+01
3.012776672363643016e+01
3.011232112415255102e+01
3.009690419022580699e+01
3.008151584154683178e+01
3.006615599806310968e+01
3.005082457997775691e+01
3.003552150774868679e+01
3.002024670208735202e+01
3.000500008395778195e+01
2.998978157457554161e+01
2.997459109540664812e+01
2.995942856816655819e+01
2.994429391481916269e+01
2.992918705757569597e+01
2.991410791889382637e+01
2.989905642147651221e+01
2.988403248827112080e+01
2.986903604246833410e+01
2.985406700750120024e+01
2.983912530704412092e+01
2.982421086501190644e+01
2.980932360555876670e+01
2.979446345307732713e+01
2.977963033219766942e+01
2.976482416778637941e+01
2.975004488494563759e+01
2.973529240901211779e+01
2.972056666555622328e+01
2.970586758038099617e+01
2.969119507952130732e+01
2.967654908924278345e+01
2.966192953604105043e+01
2.964733634664064610e+01
2.963276944799419965e+01
2.961822876728151854e+01
2.960371423190865414e+01
2.958922576950697447e+01
2.957476330793237196e+01
2.956032677526422248e+01
2.954591609980465705e+01
2.953153121007754223e+01
2.951717203482768070e+01
2.950283850301991961e+01
2.948853054383829075e+01
2.947424808668510821e+01
2.945999106118018318e+01
2.944575939715991453e+01
2.943155302467640766e+01
2.941737187399673559e+01
2.940321587560200811e+01
2.938908496018656535e+01
2.937497905865713221e+01
2.936089810213202966e+01
2.934684202194031499e+01
2.933281074962095758e+01
2.931880421692205374e+01
2.930482235579999895e+01
2.929086509841870267e+01
2.927693237714877128e+01
2.926302412456668023e+01
2.924914027345402801e+01
2.923528075679674743e+01
2.922144550778428851e+01
2.920763445980884043e+01
2.919384754646459967e+01
2.918008470154691381e+01
2.916634585905162069e+01
2.915263095317420650e+01
2.913893991830902763e+01
2.912527268904864641e+01
2.911162920018298905e+01
2.909800938669864934e+01
2.908441318377808216e+01
2.907084052679896757e+01
2.905729135133336527e+01
2.904376559314702533e+01
2.903026318819867058e+01
2.901678407263925763e+01
2.900332818281125924e+01
2.898989545524788980e+01
2.897648582667250139e+01
2.896309923399776665e+01
2.894973561432504283e+01
2.893639490494359023e+01
2.892307704332997531e+01
2.890978196714729265e+01
2.889650961424445796e+01
2.888325992265557929e+01
2.887003283059927128e+01
2.885682827647789495e+01
2.884364619887691106e+01
2.883048653656429039e+01
2.881734922848971081e+01
2.880423421378392845e+01
2.879114143175817020e+01
2.877807082190336274e+01
2.876502232388961744e+01
2.875199587756537056e+01
2.873899142295696763e+01
2.872600890026778941e+01
2.871304824987775817e+01
2.870010941234262702e+01
2.868719232839336541e+01
2.867429693893547338e+01
2.866142318504839892e+01
2.864857100798488787e+01
2.863574034917032662e+01
2.862293115020219147e+01
2.861014335284932031e+01
2.859737689905136904e+01
2.858463173091819698e+01
2.857190779072915632e+01
2.855920502093265867e+01
2.854652336414535796e+01
2.853386276315170278e+01
2.852122316090327914e+01
2.850860450051816741e+01
2.849600672528043432e+01
2.848342977863946146e+01
2.847087360420941593e+01
2.845833814576856113e+01
2.844582334725883044e+01
2.843332915278509176e+01
2.842085550661465732e+01
2.840840235317663698e+01
2.839596963706146582e+01
2.838355730302021840e+01
2.837116529596410075e+01
2.835879356096391035e+01
2.834644204324937533e+01
2.833411068820869971e+01
2.832179944138792038e+01
2.830950824849039549e+01
2.829723705537629286e+01
2.828498580806191143e+01
2.827275445271924070e+01
2.826054293567538522e+01
2.824835120341202099e+01
2.823617920256484837e+01
2.822402687992302717e+01
2.821189418242871483e+01
2.819978105717645889e+01
2.818768745141266763e+01
2.817561331253517309e+01
2.816355858809257739e+01
2.815152322578380861e+01
2.813950717345756658e+01
2.812751037911181484e+01
2.811553279089329749e+01
2.810357435709695650e+01
2.809163502616543795e+01
2.807971474668863010e+01
2.806781346740308081e+01
2.805593113719158183e+01
2.804406770508257196e+01
2.803222312024968943e+01
2.802039733201126737e+01
2.800859028982982224e+01
2.799680194331156713e+01
2.798503224220591790e+01
2.797328113640504910e+01
2.796154857594326870e+01
2.794983451099669480e+01
2.793813889188267652e+01
2.792646166905936411e+01
2.791480279312514057e+01
2.790316221481824499e+01
2.789153988501628589e+01
2.787993575473564789e+01
2.786834977513122169e+01
2.785678189749573264e+01
2.784523207325940319e+01
2.783370025398943781e+01
2.782218639138958949e+01
2.781069043729965529e+01
2.779921234369503225e+01
2.778775206268628750e+01
2.777630954651870354e+01
2.776488474757174174e+01
2.775347761835870841e+01
2.774208811152624321e+01
2.773071617985383597e+01
2.771936177625345721e+01
2.770802485376908919e+01
2.769670536557623564e+01
2.768540326498155935e+01
2.767411850542237772e+01
2.766285104046626486e+01
2.765160082381059681e+01
2.764036780928213943e+01
2.762915195083657949e+01
2.761795320255815511e+01
2.760677151865915846e+01
2.759560685347957687e+01
2.758445916148661325e+01
2.757332839727429530e+01
2.756221451556306690e+01
2.755111747119930499e+01
2.754003721915499625e+01
2.752897371452723618e+01
2.751792691253789513e+01
2.750689676853311383e+01
2.749588323798298717e+01
2.748488627648108107e+01
2.747390583974409850e+01
2.746294188361137145e+01
2.745199436404458027e+01
2.744106323712726692e+01
2.743014845906445487e+01
2.741924998618225828e+01
2.740836777492748411e+01
2.739750178186724128e+01
2.738665196368851795e+01
2.737581827719786531e+01
2.736500067932087177e+01
2.735419912710195334e+01
2.734341357770378522e+01
2.733264398840706022e+01
2.732189031661000911e+01
2.731115251982807735e+01
2.730043055569349519e+01
2.728972438195495442e+01
2.727903395647719975e+01
2.726835923724060962e+01
2.725770018234091907e+01
2.724705674998875082e+01
2.723642889850934168e+01
2.722581658634201673e+01
2.721521977204001530e+01
2.720463841426999707e+01
2.719407247181167264e+01
2.718352190355751574e+01
2.717298666851234046e+01
2.716246672579293175e+01
2.715196203462774704e+01
2.714147255435650763e+01
2.713099824442983987e+01
2.712053906440894480e+01
2.711009497396522505e+01
2.709966593287994741e+01
2.708925190104387326e+01
2.707885283845690338e+01
2.706846870522778659e+01
2.705809946157367563e+01
2.704774506781986076e+01
2.703740548439938962e+01
2.702708067185272967e+01
2.701677059082742005e+01
2.700647520207775898e+01
2.699619446646443066e+01
2.698592834495416071e+01
2.697567679861943191e+01
2.696543978863807922e+01
2.695521727629300202e+01
2.694500922297185497e+01
2.693481559016661109e+01
2.692463633947335566e+01
2.691447143259188479e+01
2.690432083132538565e+01
2.689418449758012031e+01
2.688406239336513437e+01
2.687395448079183424e+01
2.686386072207376330e+01
2.685378107952626436e+01
2.684371551556606050e+01
2.683366399271111646e+01
2.682362647358014129e+01
2.681360292089237873e+01
2.680359329746726615e+01
2.679359756622406863e+01
2.678361569018166932e+01
2.677364763245818580e+01
2.676369335627066093e+01
2.675375282493475027e+01
2.674382600186446268e+01
2.673391285057178379e+01
2.672401333466645212e+01
2.671412741785555056e+01
2.670425506394331805e+01
2.669439623683071972e+01
2.668455090051528344e+01
2.667471901909065579e+01
2.666490055674645987e+01
2.665509547776782995e+01
2.664530374653524802e+01
2.663552532752418855e+01
2.662576018530483424e+01
2.661600828454175627e+01
2.660626958999366920e+01
2.659654406651311120e+01
2.658683167904618472e+01
2.657713239263215854e+01
2.656744617240336481e+01
2.655777298358473359e+01
2.654811279149361525e+01
2.653846556153946068e+01
2.652883125922351937e+01
2.651920985013858356e+01
2.650960129996871473e+01
2.650000557448893090e+01
2.649042263956494736e+01
2.648085246115285329e+01
2.647129500529896262e+01
2.646175023813933791e+01
2.645221812589971222e+01
2.644269863489507699e+01
2.643319173152949020e+01
2.642369738229573528e+01
2.641421555377509378e+01
2.640474621263710020e+01
2.639528932563920804e+01
2.638584485962654469e+01
2.637641278153165558e+01
2.636699305837424845e+01
2.635758565726090552e+01
2.634819054538480287e+01
2.633880769002549371e+01
2.632943705854859928e+01
2.632007861840556728e+01
2.631073233713345161e+01
2.630139818235455351e+01
2.629207612177624398e+01
2.628276612319069017e+01
2.627346815447458539e+01
2.626418218358891110e+01
2.625490817857863135e+01
2.624564610757250449e+01
2.623639593878278475e+01
2.622715764050502685e+01
2.621793118111770937e+01
2.620871652908213534e+01
2.619951365294210888e+01
2.619032252132365812e+01
2.618114310293486113e+01
2.617197536656552614e+01
2.616281928108699262e+01
2.615367481545186834e+01
2.614454193869379139e+01
2.613542061992718146e+01
2.612631082834698759e+01
2.611721253322847858e+01
2.610812570392695164e+01
2.609905030987755836e+01
2.608998632059499556e+01
2.608093370567330638e+01
2.607189243478565999e+01
2.606286247768405673e+01
2.605384380419916823e+01
2.604483638424001413e+01
2.603584018779379505e+01
2.602685518492567240e+01
2.601788134577843792e+01
2.600891864057239644e+01
2.599996703960508171e+01
2.599102651325100766e+01
2.598209703196147657e+01
2.597317856626432331e+01
2.596427108676371276e+01
2.595537456413993027e+01
2.594648896914905123e+01
2.593761427262287356e+01
2.592875044546854468e+01
2.591989745866844785e+01
2.591105528327991792e+01
2.590222389043504592e+01
2.589340325134043752e+01
2.588459333727703182e+01
2.587579411959983133e+01
2.586700556973770659e+01
2.585822765919318300e+01
2.584946035954223476e+01
2.584070364243403617e+01
2.583195747959076627e+01
2.582322184280738497e+01
2.581449670395144835e+01
2.580578203496285283e+01
2.579707780785361848e+01
2.578838399470775400e+01
2.577970056768096896e+01
2.577102749900046064e+01
2.576236476096474348e+01
2.575371232594346793e+01
2.574507016637711132e+01
2.573643825477686065e+01
2.572781656372437098e+01
2.571920506587159139e+01
2.571060373394048071e+01
2.570201254072288677e+01
2.569343145908030479e+01
2.568486046194367844e+01
2.567629952231323642e+01
2.566774861325817980e+01
2.565920770791661454e+01
2.565067677949527791e+01
2.564215580126935379e+01
2.563364474658226300e+01
2.562514358884548926e+01
2.561665230153835893e+01
2.560817085820788463e+01
2.559969923246848111e+01
2.559123739800187636e+01
2.558278532855686294e+01
2.557434299794907417e+01
2.556591038006087047e+01
2.555748744884108348e+01
2.554907417830483496e+01
2.554067054253337687e+01
2.553227651567385692e+01
2.552389207193914089e+01
2.551551718560770254e+01
2.550715183102325057e+01
2.549879598259477120e+01
2.549044961479611970e+01
2.548211270216604163e+01
2.547378521930779982e+01
2.546546714088913177e+01
2.545715844164196540e+01
2.544885909636232313e+01
2.544056907991005545e+01
2.543228836720870234e+01
2.542401693324532630e+01
2.541575475307027787e+01
2.540750180179708195e+01
2.539925805460219266e+01
2.539102348672485832e+01
2.538279807346691186e+01
2.537458179019265003e+01
2.536637461232856694e+01
2.535817651536325457e+01
2.534998747484718251e+01
2.534180746639254522e+01
2.533363646567308081e+01
2.532547444842388273e+01
2.531732139044125418e+01
2.530917726758251973e+01
2.530104205576582288e+01
2.529291573096999102e+01
2.528479826923440754e+01
2.527668964665872409e+01
2.526858983940278236e+01
2.526049882368641875e+01
2.525241657578927956e+01
2.524434307205071093e+01
2.523627828886949231e+01
2.522822220270376192e+01
2.522017479007079643e+01
2.521213602754686889e+01
2.520410589176707816e+01
2.519608435942516422e+01
2.518807140727339444e+01
2.518006701212234333e+01
2.517207115084074331e+01
2.516408380035537107e+01
2.515610493765079880e+01
2.514813453976930901e+01
2.514017258381073106e+01
2.513221904693218178e+01
2.512427390634805136e+01
2.511633713932973677e+01
2.510840872320552464e+01
2.510048863536044550e+01
2.509257685323604647e+01
2.508467335433034862e+01
2.507677811619759467e+01
2.506889111644813184e+01
2.506101233274825191e+01
2.505314174282003137e+01
2.504527932444119642e+01
2.503742505544492758e+01
2.502957891371977084e+01
2.502174087720942453e+01
2.501391092391262205e+01
2.500608903188295784e+01
2.499827517922874875e+01
2.499046934411289200e+01
2.498267150475270881e+01
2.497488163941977035e+01
2.496709972643980890e+01
2.495932574419251182e+01
2.495155967111139006e+01
2.494380148568362188e+01
2.493605116644994979e+01
2.492830869200450650e+01
2.492057404099463014e+01
2.491284719212078613e+01
2.490512812413638244e+01
2.489741681584763811e+01
2.488971324611343050e+01
2.488201739384516742e+01
2.487432923800664497e+01
2.486664875761386284e+01
2.485897593173494613e+01
2.485131073948996061e+01
2.484365316005079904e+01
2.483600317264101420e+01
2.482836075653570873e+01
2.482072589106136462e+01
2.481309855559572597e+01
2.480547872956765332e+01
2.479786639245700641e+01
2.479026152379446302e+01
2.478266410316142654e+01
2.477507411018988037e+01
2.476749152456221026e+01
2.475991632601112968e+01
2.475234849431952000e+01
2.474478800932026346e+01
2.473723485089617924e+01
2.472968899897985295e+01
2.472215043355344832e+01
2.471461913464868587e+01
2.470709508234665464e+01
2.469957825677763097e+01
2.469206863812104658e+01
2.468456620660527534e+01
2.467707094250758715e+01
2.466958282615389919e+01
2.466210183791877597e+01
2.465462795822520192e+01
2.464716116754452457e+01
2.463970144639625914e+01
2.463224877534803881e+01
2.462480313501540508e+01
2.461736450606176163e+01
2.460993286919818246e+01
2.460250820518333370e+01
2.459509049482330312e+01
2.458767971897152904e+01
2.458027585852864760e+01
2.457287889444235418e+01
2.456548880770730392e+01
2.455810557936498384e+01
2.455072919050360269e+01
2.454335962225791690e+01
2.453599685580920919e+01
2.452864087238505775e+01
2.452129165325927218e+01
2.451394917975179055e+01
2.450661343322849817e+01
2.449928439510118139e+01
2.449196204682735711e+01
2.448464636991017684e+01
2.447733734589829879e+01
2.447003495638577064e+01
2.446273918301192296e+01
2.445545000746124842e+01
2.444816741146328098e+01
2.444089137679248935e+01
2.443362188526814549e+01
2.442635891875422516e+01
2.441910245915928002e+01
2.441185248843635591e+01
2.440460898858282590e+01
2.439737194164032985e+01
2.439014132969462523e+01
2.438291713487549828e+01
2.437569933935661126e+01
2.436848792535547403e+01
2.436128287513324864e+01
2.435408417099465339e+01
2.434689179528790959e+01
2.433970573040458163e+01
2.433252595877945623e+01
2.432535246289046071e+01
2.431818522525857773e+01
2.431102422844767830e+01
2.430386945506444007e+01
2.429672088775829053e+01
2.428957850922119022e+01
2.428244230218762922e+01
2.427531224943446375e+01
2.426818833378083795e+01
2.426107053808805603e+01
2.425395884525950407e+01
2.424685323824052219e+01
2.423975370001831209e+01
2.423266021362181633e+01
2.422557276212162947e+01
2.421849132862993770e+01
2.421141589630029500e+01
2.420434644832766935e+01
2.419728296794821176e+01
2.419022543843925632e+01
2.418317384311915674e+01
2.417612816534720110e+01
2.416908838852351238e+01
2.416205449608896316e+01
2.415502647152504778e+01
2.414800429835381479e+01
2.414098796013773551e+01
2.413397744047961879e+01
2.412697272302253637e+01
2.411997379144967368e+01
2.411298062948431209e+01
2.410599322088961571e+01
2.409901154946865987e+01
2.409203559906423919e+01
2.408506535355883926e+01
2.407810079687448024e+01
2.407114191297268135e+01
2.406418868585431170e+01
2.405724109955953338e+01
2.405029913816769138e+01
2.404336278579721409e+01
2.403643202660556000e+01
2.402950684478906140e+01
2.402258722458287110e+01
2.401567315026087357e+01
2.400876460613556773e+01
2.400186157655801011e+01
2.399496404591769050e+01
2.398807199864244666e+01
2.398118541919838620e+01
2.397430429208979774e+01
2.396742860185905855e+01
2.396055833308652439e+01
2.395369347039045493e+01
2.394683399842694627e+01
2.393997990188981362e+01
2.393313116551051678e+01
2.392628777405804641e+01
2.391944971233888850e+01
2.391261696519688229e+01
2.390578951751317049e+01
2.389896735420610341e+01
2.389215046023113231e+01
2.388533882058075619e+01
2.387853242028442935e+01
2.387173124440844063e+01
2.386493527805587433e+01
2.385814450636651074e+01
2.385135891451672308e+01
2.384457848771943134e+01
2.383780321122397083e+01
2.383103307031606022e+01
2.382426805031767714e+01
2.381750813658699428e+01
2.381075331451830124e+01
2.380400356954191210e+01
2.379725888712409798e+01
2.379051925276696977e+01
2.378378465200845326e+01
2.377705507042218258e+01
2.377033049361737937e+01
2.376361090723884217e+01
2.375689629696682204e+01
2.375018664851696570e+01
2.374348194764022679e+01
2.373678218012275210e+01
2.373008733178590290e+01
2.372339738848606316e+01
2.371671233611462881e+01
2.371003216059790475e+01
2.370335684789704800e+01
2.369668638400796823e+01
2.369002075496128157e+01
2.368335994682218271e+01
2.367670394569042713e+01
2.367005273770021745e+01
2.366340630902014652e+01
2.365676464585311578e+01
2.365012773443626415e+01
2.364349556104089345e+01
2.363686811197238313e+01
2.363024537357011923e+01
2.362362733220744815e+01
2.361701397429156657e+01
2.361040528626347168e+01
2.360380125459789724e+01
2.359720186580317858e+01
2.359060710642128811e+01
2.358401696302766481e+01
2.357743142223118582e+01
2.357085047067410599e+01
2.356427409503196913e+01
2.355770228201353333e+01
2.355113501836071777e+01
2.354457229084851377e+01
2.353801408628492453e+01
2.353146039151093305e+01
2.352491119340034231e+01
2.351836647885978948e+01
2.351182623482865353e+01
2.350529044827895930e+01
2.349875910621538466e+01
2.349223219567507925e+01
2.348570970372768585e+01
2.347919161747526573e+01
2.347267792405217435e+01
2.346616861062508974e+01
2.345966366439282780e+01
2.345316307258638489e+01
2.344666682246879930e+01
2.344017490133513348e+01
2.343368729651237814e+01
2.342720399535940601e+01
2.342072498526689373e+01
2.341425025365725077e+01
2.340777978798460168e+01
2.340131357573466886e+01
2.339485160442471567e+01
2.338839386160352518e+01
2.338194033485130063e+01
2.337549101177959443e+01
2.336904588003130101e+01
2.336260492728050053e+01
2.335616814123251572e+01
2.334973550962373423e+01
2.334330702022165838e+01
2.333688266082472396e+01
2.333046241926236064e+01
2.332404628339482500e+01
2.331763424111323246e+01
2.331122628033941169e+01
2.330482238902593650e+01
2.329842255515598737e+01
2.329202676674329453e+01
2.328563501183218420e+01
2.327924727849736541e+01
2.327286355484399394e+01
2.326648382900756928e+01
2.326010808915384942e+01
2.325373632347883657e+01
2.324736852020870614e+01
2.324100466759975703e+01
2.323464475393832274e+01
2.322828876754075367e+01
2.322193669675334604e+01
2.321558852995227085e+01
2.320924425554355253e+01
2.320290386196296595e+01
2.319656733767603285e+01
2.319023467117793658e+01
2.318390585099346168e+01
2.317758086567696552e+01
2.317125970381229294e+01
2.316494235401274437e+01
2.315862880492102960e+01
2.315231904520916828e+01
2.314601306357850774e+01
2.313971084875959860e+01
2.313341238951218770e+01
2.312711767462515411e+01
2.312082669291645942e+01
2.311453943323306959e+01
2.310825588445094425e+01
2.310197603547496925e+01
2.309569987523886780e+01
2.308942739270523248e+01
2.308315857686537242e+01
2.307689341673935957e+01
2.307063190137589004e+01
2.306437401985232682e+01
2.305811976127455054e+01
2.305186911477701273e+01
2.304562206952256531e+01
2.303937861470254234e+01
2.303313873953660362e+01
2.302690243327275965e+01
2.302066968518727208e+01
2.301444048458463598e+01
2.300821482079752656e+01
2.300199268318673518e+01
2.299577406114113387e+01
2.298955894407762912e+01
2.298334732144111925e+01
2.297713918270443401e+01
2.297093451736829195e+01
2.296473331496126491e+01
2.295853556503970694e+01
2.295234125718775786e+01
2.294615038101721538e+01
2.293996292616757415e+01
2.293377888230593697e+01
2.292759823912696149e+01
2.292142098635283531e+01
2.291524711373323697e+01
2.290907661104527548e+01
2.290290946809344064e+01
2.289674567470958877e+01
2.289058522075284685e+01
2.288442809610961959e+01
2.287827429069354324e+01
2.287212379444540034e+01
2.286597659733310905e+01
2.285983268935166990e+01
2.285369206052312663e+01
2.284755470089654494e+01
2.284142060054791301e+01
2.283528974958015567e+01
2.282916213812306694e+01
2.282303775633327803e+01
2.281691659439420050e+01
2.281079864251600497e+01
2.280468389093557136e+01
2.279857232991643912e+01
2.279246394974877887e+01
2.278635874074934620e+01
2.278025669326143543e+01
2.277415779765486548e+01
2.276806204432590874e+01
2.276196942369726983e+01
2.275587992621802158e+01
2.274979354236361218e+01
2.274371026263577278e+01
2.273763007756252108e+01
2.273155297769811511e+01
2.272547895362296799e+01
2.271940799594367988e+01
2.271334009529296338e+01
2.270727524232959382e+01
2.270121342773839501e+01
2.269515464223019663e+01
2.268909887654179158e+01
2.268304612143588983e+01
2.267699636770112903e+01
2.267094960615194665e+01
2.266490582762864392e+01
2.265886502299727567e+01
2.265282718314966104e+01
2.264679229900331592e+01
2.264076036150142812e+01
2.263473136161282540e+01
2.262870529033195766e+01
2.262268213867881173e+01
2.261666189769891844e+01
2.261064455846331001e+01
2.260463011206847028e+01
2.259861854963631700e+01
2.259260986231415202e+01
2.258660404127465426e+01
2.258060107771581926e+01
2.257460096286091300e+01
2.256860368795850036e+01
2.256260924428232073e+01
2.255661762313133778e+01
2.255062881582966838e+01
2.254464281372654000e+01
2.253865960819628000e+01
2.253267919063826952e+01
2.252670155247692563e+01
2.252072668516165521e+01
2.251475458016679454e+01
2.250878522899169099e+01
2.250281862316048631e+01
2.249685475422226943e+01
2.249089361375090945e+01
2.248493519334512314e+01
2.247897948462837903e+01
2.247302647924886898e+01
2.246707616887952241e+01
2.246112854521794588e+01
2.245518359998637692e+01
2.244924132493169111e+01
2.244330171182533107e+01
2.243736475246332418e+01
2.243143043866621511e+01
2.242549876227904093e+01
2.241956971517131691e+01
2.241364328923698679e+01
2.240771947639441919e+01
2.240179826858636858e+01
2.239587965777992196e+01
2.238996363596649886e+01
2.238405019516182293e+01
2.237813932740588285e+01
2.237223102476290038e+01
2.236632527932130188e+01
2.236042208319372548e+01
2.235452142851693935e+01
2.234862330745181680e+01
2.234272771218340026e+01
2.233683463492073074e+01
2.233094406789694375e+01
2.232505600336915919e+01
2.231917043361851682e+01
2.231328735095011240e+01
2.230740674769296206e+01
2.230152861620001659e+01
2.229565294884809390e+01
2.228977973803788615e+01
2.228390897619391353e+01
2.227804065576448522e+01
2.227217476922171358e+01
2.226631130906146439e+01
2.226045026780331426e+01
2.225459163799056483e+01
2.224873541219018591e+01
2.224288158299281548e+01
2.223703014301269221e+01
2.223118108488768030e+01
2.222533440127923399e+01
2.221949008487233357e+01
2.221364812837550318e+01
2.220780852452078236e+01
2.220197126606367988e+01
2.219613634578317729e+01
2.219030375648166142e+01
2.218447349098497412e+01
2.217864554214229145e+01
2.217281990282619120e+01
2.216699656593259959e+01
2.216117552438070959e+01
2.215535677111305191e+01
2.214954029909542044e+01
2.214372610131684382e+01
2.213791417078957124e+01
2.213210450054909018e+01
2.212629708365401981e+01
2.212049191318617858e+01
2.211468898225048463e+01
2.210888828397500561e+01
2.210308981151086272e+01
2.209729355803227335e+01
2.209149951673649070e+01
2.208570768084380376e+01
2.207991804359749466e+01
2.207413059826382806e+01
2.206834533813205113e+01
2.206256225651431535e+01
2.205678134674572988e+01
2.205100260218426200e+01
2.204522601621078692e+01
2.203945158222904155e+01
2.203367929366556410e+01
2.202790914396974387e+01
2.202214112661375012e+01
2.201637523509251793e+01
2.201061146292375525e+01
2.200484980364789322e+01
2.199909025082808967e+01
2.199333279805018293e+01
2.198757743892268479e+01
2.198182416707677689e+01
2.197607297616627520e+01
2.197032385986758740e+01
2.196457681187976618e+01
2.195883182592438487e+01
2.195308889574562272e+01
2.194734801511017963e+01
2.194160917780726550e+01
2.193587237764861442e+01
2.193013760846842786e+01
2.192440486412337464e+01
2.191867413849256963e+01
2.191294542547757729e+01
2.190721871900232287e+01
2.190149401301316701e+01
2.189577130147883111e+01
2.189005057839037249e+01
2.188433183776121282e+01
2.187861507362707769e+01
2.187290028004599662e+01
2.186718745109827466e+01
2.186147658088649592e+01
2.185576766353548805e+01
2.185006069319229738e+01
2.184435566402621021e+01
2.183865257022867823e+01
2.183295140601336826e+01
2.182725216561605919e+01
2.182155484329473438e+01
2.181585943332944666e+01
2.181016593002240711e+01
2.180447432769789273e+01
2.179878462070226419e+01
2.179309680340396227e+01
2.178741087019342970e+01
2.178172681548318934e+01
2.177604463370774113e+01
2.177036431932358695e+01
2.176468586680920936e+01
2.175900927066506796e+01
2.175333452541354262e+01
2.174766162559896188e+01
2.174199056578758160e+01
2.173632134056750687e+01
2.173065394454879851e+01
2.172498837236332747e+01
2.171932461866484232e+01
2.171366267812892659e+01
2.170800254545297392e+01
2.170234421535619518e+01
2.169668768257959002e+01
2.169103294188593622e+01
2.168537998805975064e+01
2.167972881590732470e+01
2.167407942025666401e+01
2.166843179595748836e+01
2.166278593788122819e+01
2.165714184092098193e+01
2.165149949999151957e+01
2.164585891002928264e+01
2.164022006599234516e+01
2.163458296286040650e+01
2.162894759563477365e+01
2.162331395933835765e+01
2.161768204901562740e+01
2.161205185973266296e+01
2.160642338657707029e+01
2.160079662465799188e+01
2.159517156910611391e+01
2.158954821507360577e+01
2.158392655773415569e+01
2.157830659228293513e+01
2.157268831393656683e+01
2.156707171793313904e+01
2.156145679953217709e+01
2.155584355401464691e+01
2.155023197668289470e+01
2.154462206286070014e+01
2.153901380789321607e+01
2.153340720714695067e+01
2.152780225600979946e+01
2.152219894989096360e+01
2.151659728422101736e+01
2.151099725445182642e+01
2.150539885605654433e+01
2.149980208452966934e+01
2.149420693538691296e+01
2.148861340416529231e+01
2.148302148642305553e+01
2.147743117773969601e+01
2.147184247371591681e+01
2.146625536997365558e+01
2.146066986215601702e+01
2.145508594592731555e+01
2.144950361697301133e+01
2.144392287099974226e+01
2.143834370373528486e+01
2.143276611092854012e+01
2.142719008834953698e+01
2.142161563178940042e+01
2.141604273706034789e+01
2.141047139999568572e+01
2.140490161644978073e+01
2.139933338229804605e+01
2.139376669343695170e+01
2.138820154578397847e+01
2.138263793527763923e+01
2.137707585787742559e+01
2.137151530956385415e+01
2.136595628633838118e+01
2.136039878422344174e+01
2.135484279926243545e+01
2.134928832751968031e+01
2.134373536508043401e+01
2.133818390805085130e+01
2.133263395255801242e+01
2.132708549474987336e+01
2.132153853079525163e+01
2.131599305688384760e+01
2.131044906922620541e+01
2.130490656405371652e+01
2.129936553761857354e+01
2.129382598619380573e+01
2.128828790607322929e+01
2.128275129357145445e+01
2.127721614502387126e+01
2.127168245678661762e+01
2.126615022523659349e+01
2.126061944677143600e+01
2.125509011780950885e+01
2.124956223478989159e+01
2.124403579417234766e+01
2.123851079243734219e+01
2.123298722608600997e+01
2.122746509164016260e+01
2.122194438564225649e+01
2.121642510465537157e+01
2.121090724526323257e+01
2.120539080407016286e+01
2.119987577770108800e+01
2.119436216280156060e+01
2.118884995603765020e+01
2.118333915409601431e+01
2.117782975368387355e+01
2.117232175152899032e+01
2.116681514437961908e+01
2.116130992900456675e+01
2.115580610219311808e+01
2.115030366075506052e+01
2.114480260152063806e+01
2.113930292134059030e+01
2.113380461708607783e+01
2.112830768564871420e+01
2.112281212394053753e+01
2.111731792889400339e+01
2.111182509746195279e+01
2.110633362661764068e+01
2.110084351335467545e+01
2.109535475468703680e+01
2.108986734764906146e+01
2.108438128929541477e+01
2.107889657670109074e+01
2.107341320696139775e+01
2.106793117719194441e+01
2.106245048452862179e+01
2.105697112612759980e+01
2.105149309916530243e+01
2.104601640083840408e+01
2.104054102836382967e+01
2.103506697897871902e+01
2.102959424994042692e+01
2.102412283852646624e+01
2.101865274203459677e+01
2.101318395778270798e+01
2.100771648310885809e+01
2.100225031537125631e+01
2.099678545194824153e+01
2.099132189023825390e+01
2.098585962765987745e+01
2.098039866165175127e+01
2.097493898967261572e+01
2.096948060920127332e+01
2.096402351773657813e+01
2.095856771279742148e+01
2.095311319192273203e+01
2.094765995267143666e+01
2.094220799262247112e+01
2.093675730937476942e+01
2.093130790054721047e+01
2.092585976377864654e+01
2.092041289672788196e+01
2.091496729707365532e+01
2.090952296251461462e+01
2.090407989076929596e+01
2.089863807957617325e+01
2.089319752669355879e+01
