8.826489770998537665e+01
8.816665164552819078e+01
8.806836558835034623e+01
8.797004749609354235e+01
8.787170543248235788e+01
8.777334755154711843e+01
8.767498208209892141e+01
8.757661731250425419e+01
8.747826157580233541e+01
8.737992323520433047e+01
8.728161067001083495e+01
8.718333226197998442e+01
8.708509638217350357e+01
8.698691137830738285e+01
8.688878556262655195e+01
8.679072720032249322e+01
8.669274449850738051e+01
8.659484559575604123e+01
8.649703855222330162e+01
8.639933134034129125e+01
8.630173183609937837e+01
8.620424781090487443e+01
8.610688692402221989e+01
8.600965671558431325e+01
8.591256460016892049e+01
8.581561786092990474e+01
8.571882364427237633e+01
8.562218895505823468e+01
8.552572065232874365e+01
8.542942544552700213e+01
8.533330989120528898e+01
8.523738039019869461e+01
8.514164318524754549e+01
8.504610435904879751e+01
8.495076983271900417e+01
8.485564536464683272e+01
8.476073654971781934e+01
8.466604881889000467e+01
8.457158743910090948e+01
8.447735751348719191e+01
8.438336398189608190e+01
8.428961162167053089e+01
8.419610504868900591e+01
8.410284871864104161e+01
8.400984692852139801e+01
8.391710381832494647e+01
8.382462337292542998e+01
8.373240942412184040e+01
8.364046565283710777e+01
8.354879559145308576e+01
8.345740262626870276e+01
8.336629000006624324e+01
8.327546081477358086e+01
8.318491803420931774e+01
8.309466448689929052e+01
8.300470286895301797e+01
8.291503574699001433e+01
8.282566556110541001e+01
8.273659462786619656e+01
8.264782514332891594e+01
8.255935918607112001e+01
8.247119872022847176e+01
8.238334559853134920e+01
8.229580156533342006e+01
8.220856825962694359e+01
8.212164721803966927e+01
8.203503987780661078e+01
8.194874757971450663e+01
8.186277157101281432e+01
8.177711300828859464e+01
8.169177296030142088e+01
8.160675241077566966e+01
8.152205226114716652e+01
8.143767333326198354e+01
8.135361637202559848e+01
8.126988204800001370e+01
8.118647095994805341e+01
8.110338363732311961e+01
8.102062054270358260e+01
8.093818207417072585e+01
8.085606856763018868e+01
8.077428029907574114e+01
8.069281748679583188e+01
8.061168029352225517e+01
8.053086882852142026e+01
8.045038314962786785e+01
8.037022326522100002e+01
8.029038913614482453e+01
8.021088067757145268e+01
8.013169776080896156e+01
8.005284021505420355e+01
7.997430782909160030e+01
7.989610035293796386e+01
7.981821749943512145e+01
7.974065894579059943e+01
7.966342433506777354e+01
7.958651327762572691e+01
7.950992535251117488e+01
7.943366010880166073e+01
7.935771706690283622e+01
7.928209571979985526e+01
7.920679553426420227e+01
7.913181595201726282e+01
7.905715639085138946e+01
7.898281624571001203e+01
7.890879488972743161e+01
7.883509167522981897e+01
7.876170593469794312e+01
7.868863698169366216e+01
7.861588411175013391e+01
7.854344660322766458e+01
7.847132371813589202e+01
7.839951470292325553e+01
7.832801878923518757e+01
7.825683519464146798e+01
7.818596312333431797e+01
7.811540176679761771e+01
7.804515030444881063e+01
7.797520790425383552e+01
7.790557372331657859e+01
7.783624690844314387e+01
7.776722659668230619e+01
7.769851191584294270e+01
7.763010198498869840e+01
7.756199591491170509e+01
7.749419280858518277e+01
7.742669176159628819e+01
7.735949186255959376e+01
7.729259219351241939e+01
7.722599183029210224e+01
7.715968984289622767e+01
7.709368529582663143e+01
7.702797724841757088e+01
7.696256475514870488e+01
7.689744686594352174e+01
7.683262262645402529e+01
7.676809107833182111e+01
7.670385125948672567e+01
7.663990220433269940e+01
7.657624294402228315e+01
7.651287250666990758e+01
7.644978991756380537e+01
7.638699419936870072e+01
7.632448437231740002e+01
7.626225945439404086e+01
7.620031846150754973e+01
7.613866040765705634e+01
7.607728430508876727e+01
7.601618916444519414e+01
7.595537399490673636e+01
7.589483780432642845e+01
7.583457959935762460e+01
7.577459838557538774e+01
7.571489316759161170e+01
7.565546294916453007e+01
7.559630673330241279e+01
7.553742352236199054e+01
7.547881231814213265e+01
7.542047212197243766e+01
7.536240193479750360e+01
7.530460075725693514e+01
7.524706758976094534e+01
7.518980143256277415e+01
7.513280128582674422e+01
7.507606614969341763e+01
7.501959502434118576e+01
7.496338691004514487e+01
7.490744080723248999e+01
7.485175571653581983e+01
7.479633063884355693e+01
7.474116457534799451e+01
7.468625652759091338e+01
7.463160549750756445e+01
7.457721048746793713e+01
7.452307050031690494e+01
7.446918453941194116e+01
7.441555160865979701e+01
7.436217071255106248e+01
7.430904085619391708e+01
7.425616104534594797e+01
7.420353028644527171e+01
7.415114758664012129e+01
7.409901195381749517e+01
7.404712239663105322e+01
7.399547792452756312e+01
7.394407754777323305e+01
7.389292027747865177e+01
7.384200512562333074e+01
7.379133110507964943e+01
7.374089722963590532e+01
7.369070251401933547e+01
7.364074597391817179e+01
7.359102662600355416e+01
7.354154348795086094e+01
7.349229557846098260e+01
7.344328191728092747e+01
7.339450152522448434e+01
7.334595342419245867e+01
7.329763663719265310e+01
7.324955018835993314e+01
7.320169310297589504e+01
7.315406440748856198e+01
7.310666312953179613e+01
7.305948829794490962e+01
7.301253894279201972e+01
7.296581409538137564e+01
7.291931278828475627e+01
7.287303405535672596e+01
7.282697693175411757e+01
7.278114045395525977e+01
7.273552365977937484e+01
7.269012558840613281e+01
7.264494528039497823e+01
7.259998177770464167e+01
7.255523412371285019e+01
7.251070136323588144e+01
7.246638254254827416e+01
7.242227670940263806e+01
7.237838291304943539e+01
7.233470020425710345e+01
7.229122763533175089e+01
7.224796426013747919e+01
7.220490913411641998e+01
7.216206131430905657e+01
7.211941985937434652e+01
7.207698382961019945e+01
7.203475228697394073e+01
7.199272429510260451e+01
7.195089891933376691e+01
7.190927522672581063e+01
7.186785228607884335e+01
7.182662916795517560e+01
7.178560494470022491e+01
7.174477869046309308e+01
7.170414948121752730e+01
7.166371639478258260e+01
7.162347851084345507e+01
7.158343491097234335e+01
7.154358467864932436e+01
7.150392689928295908e+01
7.146446066023139565e+01
7.142518505082286140e+01
7.138609916237656705e+01
7.134720208822349719e+01
7.130849292372683124e+01
7.126997076630280503e+01
7.123163471544130232e+01
7.119348387272606260e+01
7.115551734185542898e+01
7.111773422866254180e+01
7.108013364113567434e+01
7.104271468943836965e+01
7.100547648592953465e+01
7.096841814518333535e+01
7.093153878400923418e+01
7.089483752147144457e+01
7.085831347890878362e+01
7.082196577995398457e+01
7.078579355055308042e+01
7.074979591898460285e+01
7.071397201587851100e+01
7.067832097423509197e+01
7.064284192944377594e+01
7.060753401930134032e+01
7.057239638403063964e+01
7.053742816629845436e+01
7.050262851123358132e+01
7.046799656644452625e+01
7.043353148203719627e+01
7.039923241063209502e+01
7.036509850738156047e+01
7.033112892998661891e+01
7.029732283871382492e+01
7.026367939641156113e+01
7.023019776852638074e+01
7.019687712311905159e+01
7.016371663088020227e+01
7.013071546514598253e+01
7.009787280191321202e+01
7.006518781985461430e+01
7.003265970033332621e+01
7.000028762741763444e+01
6.996807078789512957e+01
6.993600837128673220e+01
6.990409956986044904e+01
6.987234357864474532e+01
6.984073959544178933e+01
6.980928682084046955e+01
6.977798445822884332e+01
6.974683171380665669e+01
6.971582779659736673e+01
6.968497191845986549e+01
6.965426329410024664e+01
6.962370114108274777e+01
6.959328467984092015e+01
6.956301313368820161e+01
6.953288572882823360e+01
6.950290169436513565e+01
6.947306026231321141e+01
6.944336066760631354e+01
6.941380214810730820e+01
6.938438394461691416e+01
6.935510530088231462e+01
6.932596546360552736e+01
6.929696368245146232e+01
6.926809921005575177e+01
6.923937130203213997e+01
6.921077921697977331e+01
6.918232221648995051e+01
6.915399956515300062e+01
6.912581053056437952e+01
6.909775438333073794e+01
6.906983039707581895e+01
6.904203784844580127e+01
6.901437601711451464e+01
6.898684418578841360e+01
6.895944164021111078e+01
6.893216766916772542e+01
6.890502156448906135e+01
6.887800262105534443e+01
6.885111013679959058e+01
6.882434341271112999e+01
6.879770175283830724e+01
6.877118446429132348e+01
6.874479085724470906e+01
6.871852024493939837e+01
6.869237194368464827e+01
6.866634527285971501e+01
6.864043955491520421e+01
6.861465411537429304e+01
6.858898828283338389e+01
6.856344138896294282e+01
6.853801276850781221e+01
6.851270175928725337e+01
6.848750770219487549e+01
6.846242994119829461e+01
6.843746782333846568e+01
6.841262069872884410e+01
6.838788792055443366e+01
6.836326884507016644e+01
6.833876283159972331e+01
6.831436924253354448e+01
6.829008744332681147e+01
6.826591680249737237e+01
6.824185669162318391e+01
6.821790648533973922e+01
6.819406556133715469e+01
6.817033330035705774e+01
6.814670908618937517e+01
6.812319230566883732e+01
6.809978234867118374e+01
6.807647860810945417e+01
6.805328047992965423e+01
6.803018736310679060e+01
6.800719865964005351e+01
6.798431377454843982e+01
6.796153211586570819e+01
6.793885309463551891e+01
6.791627612490613330e+01
6.789380062372505620e+01
6.787142601113342266e+01
6.784915171016041313e+01
6.782697714681722800e+01
6.780490175009116172e+01
6.778292495193923628e+01
6.776104618728196272e+01
6.773926489399671880e+01
6.771758051291121205e+01
6.769599248779640277e+01
6.767450026535976804e+01
6.765310329523804000e+01
6.763180102999005783e+01
6.761059292508922169e+01
6.758947843891603213e+01
6.756845703275055826e+01
6.754752817076432336e+01
6.752669132001267371e+01
6.750594595042666413e+01
6.748529153480471621e+01
6.746472754880456080e+01
6.744425347093471146e+01
6.742386878254593796e+01
6.740357296782272556e+01
6.738336551377440742e+01
6.736324591022648178e+01
6.734321364981150282e+01
6.732326822796014199e+01
6.730340914289207888e+01
6.728363589560660785e+01
6.726394798987347201e+01
6.724434493222329934e+01
6.722482623193832296e+01
6.720539140104244780e+01
6.718603995429188558e+01
6.716677140916523570e+01
6.714758528585372233e+01
6.712848110725121842e+01
6.710945839894428389e+01
6.709051668920221800e+01
6.707165550896678496e+01
6.705287439184203890e+01
6.703417287408419156e+01
6.701555049459122415e+01
6.699700679489247079e+01
6.697854131913823039e+01
6.696015361408935007e+01
6.694184322910648177e+01
6.692360971613976517e+01
6.690545262971787110e+01
6.688737152693758503e+01
6.686936596745296413e+01
6.685143551346449442e+01
6.683357972970839000e+01
6.681579818344559385e+01
6.679809044445110544e+01
6.678045608500272579e+01
6.676289467987037085e+01
6.674540580630495867e+01
6.672798904402733911e+01
6.671064397521730882e+01
6.669337018450252685e+01
6.667616725894731644e+01
6.665903478804160898e+01
6.664197236368978849e+01
6.662497958019937982e+01
6.660805603427010624e+01
6.659120132498240707e+01
6.657441505378642432e+01
6.655769682449054869e+01
6.654104624325039197e+01
6.652446291855730465e+01
6.650794646122729148e+01
6.649149648438951488e+01
6.647511260347521045e+01
6.645879443620624727e+01
6.644254160258388708e+01
6.642635372487744405e+01
6.641023042761301554e+01
6.639417133756208500e+01
6.637817608373040912e+01
6.636224429734645014e+01
6.634637561185027721e+01
6.633056966288218348e+01
6.631482608827143110e+01
6.629914452802481151e+01
6.628352462431574565e+01
6.626796602147254589e+01
6.625246836596743094e+01
6.623703130640529935e+01
6.622165449351231814e+01
6.620633758012490944e+01
6.619108022117836754e+01
6.617588207369567499e+01
6.616074279677647496e+01
6.614566205158580203e+01
6.613063950134291247e+01
6.611567481131024238e+01
6.610076764878218114e+01
6.608591768307417169e+01
6.607112458551145551e+01
6.605638802941817289e+01
6.604170769010623587e+01
6.602708324486440006e+01
6.601251437294732227e+01
6.599800075556446188e+01
6.598354207586942266e+01
6.596913801894875462e+01
6.595478827181129589e+01
6.594049252337730138e+01
6.592625046446759995e+01
6.591206178779275149e+01
6.589792618794241719e+01
6.588384336137460195e+01
6.586981300640488257e+01
6.585583482319583482e+01
6.584190851374640374e+01
6.582803378188125976e+01
6.581421033324028258e+01
6.580043787526795995e+01
6.578671611720304213e+01
6.577304477006785532e+01
6.575942354665814094e+01
6.574585216153241163e+01
6.573233033100183320e+01
6.571885777311965171e+01
6.570543420767120324e+01
6.569205935616339787e+01
6.567873294181468680e+01
6.566545468954488740e+01
6.565222432596486613e+01
6.563904157936674721e+01
6.562590617971356721e+01
6.561281785862946947e+01
6.559977634938967128e+01
6.558678138691038839e+01
6.557383270773921424e+01
6.556093005004495922e+01
6.554807315360811515e+01
6.553526175981095037e+01
6.552249561162767577e+01
6.550977445361496621e+01
6.549709803190216917e+01
6.548446609418174091e+01
6.547187838969966833e+01
6.545933466924594768e+01
6.544683468514514857e+01
6.543437819124690691e+01
6.542196494291653153e+01
6.540959469702571027e+01
6.539726721194318770e+01
6.538498224752542853e+01
6.537273956510745165e+01
6.536053892749369254e+01
6.534838009894878041e+01
6.533626284518842908e+01
6.532418693337049831e+01
6.531215213208594150e+01
6.530015821134979603e+01
6.528820494259227303e+01
6.527629209864996085e+01
6.526441945375695752e+01
6.525258678353596054e+01
6.524079386498975452e+01
6.522904047649232950e+01
6.521732639778034013e+01
6.520565140994438025e+01
6.519401529542058427e+01
6.518241783798190170e+01
6.517085882272979802e+01
6.515933803608572816e+01
6.514785526578276631e+01
6.513641030085732098e+01
6.512500293164072218e+01
6.511363294975107863e+01
6.510230014808497856e+01
6.509100432080940379e+01
6.507974526335354426e+01
6.506852277240074045e+01
6.505733664588049692e+01
6.504618668296042472e+01
6.503507268403826913e+01
6.502399445073413631e+01
6.501295178588254942e+01
6.500194449352464687e+01
6.499097237890033796e+01
6.498003524844075685e+01
6.496913290976040400e+01
6.495826517164961444e+01
6.494743184406689807e+01
6.493663273813140790e+01
6.492586766611549365e+01
6.491513644143711304e+01
6.490443887865251327e+01
6.489377479344878452e+01
6.488314400263661241e+01
6.487254632414285993e+01
6.486198157700341937e+01
6.485144958135593640e+01
6.484095015843269039e+01
6.483048313055346057e+01
6.482004832111844905e+01
6.480964555460118959e+01
6.479927465654162688e+01
6.478893545353905381e+01
6.477862777324538968e+01
6.476835144435807479e+01
6.475810629661340556e+01
6.474789216077965648e+01
6.473770886865041518e+01
6.472755625303771865e+01
6.471743414776562986e+01
6.470734238766335977e+01
6.469728080855888663e+01
6.468724924727222003e+01
6.467724754160909129e+01
6.466727553035433118e+01
6.465733305326551772e+01
6.464741995106663808e+01
6.463753606544158004e+01
6.462768123902797868e+01
6.461785531541094940e+01
6.460805813911679252e+01
6.459828955560675467e+01
6.458854941127106031e+01
6.457883755342263044e+01
6.456915383029104305e+01
6.455949809101660719e+01
6.454987018564426648e+01
6.454026996511760217e+01
6.453069728127300664e+01
6.452115198683384278e+01
6.451163393540443280e+01
6.450214298146435965e+01
6.449267898036271163e+01
6.448324178831229858e+01
6.447383126238396756e+01
6.446444726050097529e+01
6.445508964143331809e+01
6.444575826479217540e+01
6.443645299102432489e+01
6.442717368140669976e+01
6.441792019804083225e+01
6.440869240384745353e+01
6.439949016256105097e+01
6.439031333872452478e+01
6.438116179768381642e+01
6.437203540558267889e+01
6.436293402935736196e+01
6.435385753673128306e+01
6.434480579621002505e+01
6.433577867707595033e+01
6.432677604938335492e+01
6.431779778395301150e+01
6.430884375236739459e+01
6.429991382696550772e+01
6.429100788083798079e+01
6.428212578782196829e+01
6.427326742249634606e+01
6.426443266017673750e+01
6.425562137691073872e+01
6.424683344947294472e+01
6.423806875536020300e+01
6.422932717278693815e+01
6.422060858068030598e+01
6.421191285867547549e+01
6.420323988711103880e+01
6.419458954702434994e+01
6.418596172014679269e+01
6.417735628889933253e+01
6.416877313638796920e+01
6.416021214639910397e+01
6.415167320339517687e+01
6.414315619251001976e+01
6.413466099954469257e+01
6.412618751096289316e+01
6.411773561388656617e+01
6.410930519609166822e+01
6.410089614600387620e+01
6.409250835269412505e+01
6.408414170587457193e+01
6.407579609589420500e+01
6.406747141373472232e+01
6.405916755100638227e+01
6.405088439994378291e+01
6.404262185340182612e+01
6.403437980485162484e+01
6.402615814837638197e+01
6.401795677866743972e+01
6.400977559102022951e+01
6.400161448133036401e+01
6.399347334608953730e+01
6.398535208238178740e+01
6.397725058787948171e+01
6.396916876083952275e+01
6.396110650009945431e+01
6.395306370507365301e+01
6.394504027574958371e+01
6.393703611268398390e+01
6.392905111699914045e+01
6.392108519037921610e+01
6.391313823506654046e+01
6.390521015385787962e+01
6.389730085010093319e+01
6.388941022769060396e+01
6.388153819106553044e+01
6.387368464520437783e+01
6.386584949562240610e+01
6.385803264836795989e+01
6.385023401001892296e+01
6.384245348767929329e+01
6.383469098897572991e+01
6.382694642205412805e+01
6.381921969557625829e+01
6.381151071871633462e+01
6.380381940115774597e+01
6.379614565308965268e+01
6.378848938520375356e+01
6.378085050869096762e+01
6.377322893523817982e+01
6.376562457702504361e+01
6.375803734672068401e+01
6.375046715748062809e+01
6.374291392294355063e+01
6.373537755722814779e+01
6.372785797493002491e+01
6.372035509111859852e+01
6.371286882133400553e+01
6.370539908158403364e+01
6.369794578834112286e+01
6.369050885853927468e+01
6.368308820957115302e+01
6.367568375928499336e+01
6.366829542598181035e+01
6.366092312841224299e+01
6.365356678577386162e+01
6.364622631770811267e+01
6.363890164429755458e+01
6.363159268606288066e+01
6.362429936396025454e+01
6.361702159937831880e+01
6.360975931413551621e+01
6.360251243047726177e+01
6.359528087107321426e+01
6.358806455901450505e+01
6.358086341781105943e+01
6.357367737138885389e+01
6.356650634408725864e+01
6.355935026065639448e+01
6.355220904625446110e+01
6.354508262644508676e+01
6.353797092719475614e+01
6.353087387487025239e+01
6.352379139623600679e+01
6.351672341845156211e+01
6.350966986906909995e+01
6.350263067603088984e+01
6.349560576766671005e+01
