1.316725982106257788e+02
1.312458832512833453e+02
1.308155774143546637e+02
1.303812566911056763e+02
1.299424610903434143e+02
1.294986905052466568e+02
1.290494000180795240e+02
1.285939945540519318e+02
1.281318227797492284e+02
1.276621701225806760e+02
1.271842507649151202e+02
1.266971984391566792e+02
1.262000558169588231e+02
1.256917622458155819e+02
1.251711395378929979e+02
1.246368754572784070e+02
1.240875044805374188e+02
1.235213853187624693e+02
1.229366745837727279e+02
1.223312958526738612e+02
1.217029032287265551e+02
1.210488383067094560e+02
1.203660792211913275e+02
1.196511801793119218e+02
1.189001995486837586e+02
1.181086141798102318e+02
1.172712171879770864e+02
1.163819959057026807e+02
1.154339861605534594e+02
1.144190984756450291e+02
1.133279113152158430e+02
1.121494262616872106e+02
1.108707802912250742e+02
1.094769115873792629e+02
1.079501783873724463e+02
1.062699364709751677e+02
1.044120920801621111e+02
1.023486663148877227e+02
1.000474386790580468e+02
9.747178702726647259e+01
9.458091474812492550e+01
9.133075743638123356e+01
8.767598554958460966e+01
8.357363976406675476e+01
7.898898240308014351e+01
7.390398607972251455e+01
6.832830717943386389e+01
6.231141281736422854e+01
5.595278100036789226e+01
4.940539240679454025e+01
4.286746624628514724e+01
3.656013168086994369e+01
3.069457248017198125e+01
2.543830889516831917e+01
2.089213280629702041e+01
1.708462154676956146e+01
1.398307433816976086e+01
1.151366157266719270e+01
9.582566195885961591e+00
8.092714997767245677e+00
6.954347198373645789e+00
6.090142018031293958e+00
5.436574053060810208e+00
4.943115296913981993e+00
4.570463406179552379e+00
4.288513981566044464e+00
4.074448471046786757e+00
3.911092182708214793e+00
3.785577794228338178e+00
3.688292986555507191e+00
3.612069267192792754e+00
3.551565344441335537e+00
3.502802633248913722e+00
3.462817402818409551e+00
3.429401226801596092e+00
3.400907737089635230e+00
3.376108905246587355e+00
3.354088203501542242e+00
3.334161178380586232e+00
3.315816383087332397e+00
3.298671426741785151e+00
3.282440250639240720e+00
3.266908746639507921e+00
3.251916578103712929e+00
3.237343615953112153e+00
3.223099811361918032e+00
3.209117629526480275e+00
3.195346393476922842e+00
3.181748053432369439e+00
3.168294020830729085e+00
3.154962798026291981e+00
3.141738202969933003e+00
3.128608039045696732e+00
3.115563098131608033e+00
3.102596413208586146e+00
3.089702697929006980e+00
3.076877926304135702e+00
3.064119017438306614e+00
3.051423599038095347e+00
3.038789830008838067e+00
3.026216267379930880e+00
3.013701766491418965e+00
3.001245406140533145e+00
2.988846432459644209e+00
2.976504216851676876e+00
2.964218224474839847e+00
2.951987990643285542e+00
2.939813103166767139e+00
2.927693189144945141e+00
2.915627905102109008e+00
2.903616929625677301e+00
2.891659957880443166e+00
2.879756697527205311e+00
2.867906865692128271e+00
2.856110186721310562e+00
2.844366390521829491e+00
2.832675211339763077e+00
2.821036386863814638e+00
2.809449657570513459e+00
2.797914766248805751e+00
2.786431457656974420e+00
2.774999478277218934e+00
2.763618576141764649e+00
2.752288500711276509e+00
2.741009002791127358e+00
2.729779834475048794e+00
2.718600749108102566e+00
2.707471501263493785e+00
2.696391846728737107e+00
2.685361542498317711e+00
2.674380346770521832e+00
2.663448018946890095e+00
2.652564319633114565e+00
2.641729010640732955e+00
2.630941854988944062e+00
2.620202616906218474e+00
2.609511061831552237e+00
2.598866956415175178e+00
2.588270068518617073e+00
2.577720167214196056e+00
2.567217022783823133e+00
2.556760406717254241e+00
2.546350091709760122e+00
2.535985851659276591e+00
2.525667461663095636e+00
2.515394698014115527e+00
2.505167338196720994e+00
2.494985160882325470e+00
2.484847945924646417e+00
2.474755474354668472e+00
2.464707528375454704e+00
2.454703891356698975e+00
2.444744347829176156e+00
2.434828683479003164e+00
2.424956685141822721e+00
2.415128140796877876e+00
2.405342839560992818e+00
2.395600571682504842e+00
2.385901128535143911e+00
2.376244302611873582e+00
2.366629887518723496e+00
2.357057677968517062e+00
2.347527469774724818e+00
2.338039059845189893e+00
2.328592246175932079e+00
2.319186827844886167e+00
2.309822605005734442e+00
2.300499378881686763e+00
2.291216951759307729e+00
2.281975126982362045e+00
2.272773708945656335e+00
2.263612503088964001e+00
2.254491315890891912e+00
2.245409954862862101e+00
2.236368228543068160e+00
2.227365946490458271e+00
2.218402919278796848e+00
2.209478958490701306e+00
2.200593876711771202e+00
2.191747487524668081e+00
2.182939605503328107e+00
2.174170046207128504e+00
2.165438626175121950e+00
2.156745162920312708e+00
2.148089474923938980e+00
2.139471381629820979e+00
2.130890703438701017e+00
2.122347261702707044e+00
2.113840878719699834e+00
2.105371377727817794e+00
2.096938582899952053e+00
2.088542319338295705e+00
2.080182413068889513e+00
2.071858691036268407e+00
2.063570981098084456e+00
2.055319112019767136e+00
2.047102913469271979e+00
2.038922216011768818e+00
2.030776851104461489e+00
2.022666651091379109e+00
2.014591449198207762e+00
2.006551079527177706e+00
1.998545377051968774e+00
1.990574177612627782e+00
1.982637317910571628e+00
1.974734635503567093e+00
1.966865968800761255e+00
1.959031157057769423e+00
1.951230040371736196e+00
1.943462459676494447e+00
1.935728256737709208e+00
1.928027274148070180e+00
1.920359355322505790e+00
1.912724344493430761e+00
1.905122086706044771e+00
1.897552427813598230e+00
1.890015214472801519e+00
1.882510294139101426e+00
1.875037515062168980e+00
1.867596726281264274e+00
1.860187777620712968e+00
1.852810519685392343e+00
1.845464803856240454e+00
1.838150482285795473e+00
1.830867407893760790e+00
1.823615434362611865e+00
1.816394416133204848e+00
1.809204208400456926e+00
1.802044667108976705e+00
1.794915648948820053e+00
1.787817011351201524e+00
1.780748612484240656e+00
1.773710311248775318e+00
1.766701967274154850e+00
1.759723440914083614e+00
1.752774593242495405e+00
1.745855286049431854e+00
1.738965381836954149e+00
1.732104743815111814e+00
1.725273235897884838e+00
1.718470722699174003e+00
1.711697069528846482e+00
1.704952142388746150e+00
1.698235807968777822e+00
1.691547933642994828e+00
1.684888387465729886e+00
1.678257038167691118e+00
1.671653755152181287e+00
1.665078408491252882e+00
1.658530868921922474e+00
1.652011007842413282e+00
1.645518697308413270e+00
1.639053810029348135e+00
1.632616219364700694e+00
1.626205799320328049e+00
1.619822424544796080e+00
1.613465970325804744e+00
1.607136312586515903e+00
1.600833327882025259e+00
1.594556893395776331e+00
1.588306886936018847e+00
1.582083186932306873e+00
1.575885672432008278e+00
1.569714223096815520e+00
1.563568719199287971e+00
1.557449041619448638e+00
1.551355071841353572e+00
1.545286691949718350e+00
1.539243784626534106e+00
1.533226233147735096e+00
1.527233921379869797e+00
1.521266733776780899e+00
1.515324555376352356e+00
1.509407271797204242e+00
1.503514769235480220e+00
1.497646934461605017e+00
1.491803654817079661e+00
1.485984818211302461e+00
1.480190313118408652e+00
1.474420028574103592e+00
1.468673854172546145e+00
1.462951680063249160e+00
1.457253396947970403e+00
1.451578896077664327e+00
1.445928069249410308e+00
1.440300808803387511e+00
1.434697007619856857e+00
1.429116559116179852e+00
1.423559357243812773e+00
1.418025296485379894e+00
1.412514271851691428e+00
1.407026178878860501e+00
1.401560913625367721e+00
1.396118372669189256e+00
1.390698453104912691e+00
1.385301052540893307e+00
1.379926069096409247e+00
1.374573401398857309e+00
1.369242948580926544e+00
1.363934610277834913e+00
1.358648286624558166e+00
1.353383878253055395e+00
1.348141286289576746e+00
1.342920412351893189e+00
1.337721158546645084e+00
1.332543427466617914e+00
1.327387122188092405e+00
1.322252146268195094e+00
1.317138403742233344e+00
1.312045799121110523e+00
1.306974237388695226e+00
1.301923623999239110e+00
1.296893864874807623e+00
1.291884866402712273e+00
1.286896535432962896e+00
1.281928779275763652e+00
1.276981505698966401e+00
1.272054622925607337e+00
1.267148039631387668e+00
1.262261664942242234e+00
1.257395408431854378e+00
1.252549180119242100e+00
1.247722890466313350e+00
1.242916450375475934e+00
1.238129771187222117e+00
1.233362764677766288e+00
1.228615343056668863e+00
1.223887418964490381e+00
1.219178905470438945e+00
1.214489716070054959e+00
1.209819764682912524e+00
1.205168965650303736e+00
1.200537233732957398e+00
1.195924484108778163e+00
1.191330632370593889e+00
1.186755594523895452e+00
1.182199286984625397e+00
1.177661626576950393e+00
1.173142530531065209e+00
1.168641916480995357e+00
1.164159702462431278e+00
1.159695806910548743e+00
1.155250148657884335e+00
1.150822646932156967e+00
1.146413221354181333e+00
1.142021791935730946e+00
1.137648279077446922e+00
1.133292603566750101e+00
1.128954686575752486e+00
1.124634449659219548e+00
1.120331814752484556e+00
1.116046704169446624e+00
1.111779040600507695e+00
1.107528747110584577e+00
1.103295747137086114e+00
1.099079964487936767e+00
1.094881323339582879e+00
1.090699748235036459e+00
1.086535164081908533e+00
1.082387496150472028e+00
1.078256670071719769e+00
1.074142611835448902e+00
1.070045247788342202e+00
1.065964504632078258e+00
1.061900309421428101e+00
1.057852589562397139e+00
1.053821272810334220e+00
1.049806287268099325e+00
1.045807561384199502e+00
1.041825023950964102e+00
1.037858604102720239e+00
1.033908231313979798e+00
1.029973835397631321e+00
1.026055346503155219e+00
1.022152695114840304e+00
1.018265812050011876e+00
1.014394628457269354e+00
1.010539075814739451e+00
1.006699085928331128e+00
1.002874590930009635e+00
9.990655232760715654e-01
9.952718157454445436e-01
9.914934014379731542e-01
9.877302137727312914e-01
9.839821864863607104e-01
9.802492536313703875e-01
9.765313495744927241e-01
9.728284089950304248e-01
9.691403668832173635e-01
9.654671585385730115e-01
9.618087195682968327e-01
9.581649858856339241e-01
9.545358937082938366e-01
9.509213795568376426e-01
9.473213802530963124e-01
9.437358329186028572e-01
9.401646749730075969e-01
9.366078441325399462e-01
9.330652784084362272e-01
9.295369161054173324e-01
9.260226958201486225e-01
9.225225564397167011e-01
9.190364371401198440e-01
9.155642773847538773e-01
9.121060169229204817e-01
9.086615957883416028e-01
9.052309542976663126e-01
9.018140330490209688e-01
8.984107729205302872e-01
8.950211150688571760e-01
8.916450009277774313e-01
8.882823722067190175e-01
8.849331708893576343e-01
8.815973392321616586e-01
8.782748197630104725e-01
8.749655552797656055e-01
8.716694888488930593e-01
8.683865638040527690e-01
8.651167237447388025e-01
8.618599125348859191e-01
8.586160743015140984e-01
8.553851534333647422e-01
8.521670945795690733e-01
8.489618426482666846e-01
8.457693428053112417e-01
8.425895404729195626e-01
8.394223813283546720e-01
8.362678113026206228e-01
8.331257765791439951e-01
8.299962235924974729e-01
8.268790990270853403e-01
8.237743498158710542e-01
8.206819231391092595e-01
8.176017664230659232e-01
8.145338273387588979e-01
8.114780538007054789e-01
8.084343939656755129e-01
8.054027962314486144e-01
8.023832092355847045e-01
7.993755818541954383e-01
7.963798632007221823e-01
7.933960026247253161e-01
7.904239497106857470e-01
7.874636542767867731e-01
7.845150663737522345e-01
7.815781362836279333e-01
7.786528145186265570e-01
7.757390518199410723e-01
7.728367991565872064e-01
7.699460077242401557e-01
7.670666289440877250e-01
7.641986144616780274e-01
7.613419161457819495e-01
7.584964860872549508e-01
7.556622765979211787e-01
7.528392402094388203e-01
7.500273296721992056e-01
7.472264979542102559e-01
7.444366982399897026e-01
7.416578839294848402e-01
7.388900086369694087e-01
7.361330261899592386e-01
7.333868906281412192e-01
7.306515562023055965e-01
7.279269773732616189e-01
7.252131088108023649e-01
7.225099053926268278e-01
7.198173222033092955e-01
7.171353145332506340e-01
7.144638378776365650e-01
7.118028479354170379e-01
7.091523006082723901e-01
7.065121519996033772e-01
7.038823584135051048e-01
7.012628763537652743e-01
6.986536625228677577e-01
6.960546738209849593e-01
6.934658673449873856e-01
6.908872003874724221e-01
6.883186304357556962e-01
6.857601151709263876e-01
6.832116124668571322e-01
6.806730803892440118e-01
6.781444771946525396e-01
6.756257613295567621e-01
6.731168914293967909e-01
6.706178263176348908e-01
6.681285250048019098e-01
6.656489466875947780e-01
6.631790507479197183e-01
6.607187967519801974e-01
6.582681444493652112e-01
6.558270537721251348e-01
6.533954848338718868e-01
6.509733979288671035e-01
6.485607535311445071e-01
6.461575122935886428e-01
6.437636350470676838e-01
6.413790827995435873e-01
6.390038167351890230e-01
6.366377982135243974e-01
6.342809887685381121e-01
6.319333501078304716e-01
6.295948441117468208e-01
6.272654328325298900e-01
6.249450784934686975e-01
6.226337434880451216e-01
6.203313903791002337e-01
6.180379818979989670e-01
6.157534809438025558e-01
6.134778505824195483e-01
6.112110540458062236e-01
6.089530547311471365e-01
6.067038162000190082e-01
6.044633021776115722e-01
6.022314765518932411e-01
6.000083033728420556e-01
5.977937468516182351e-01
5.955877713597883538e-01
5.933903414285388589e-01
5.912014217478899214e-01
5.890209771659056237e-01
5.868489726879377866e-01
5.846853734758400423e-01
5.825301448472097743e-01
5.803832522746191769e-01
5.782446613848619688e-01
5.761143379581962209e-01
5.739922479275935130e-01
5.718783573779939733e-01
5.697726325455619856e-01
5.676750398169514433e-01
5.655855457285690058e-01
5.635041169658433491e-01
5.614307203624991915e-01
5.593653228998356486e-01
5.573078917059984816e-01
5.552583940552866526e-01
5.532167973674192440e-01
5.511830692068366844e-01
5.491571772819973107e-01
5.471390894446842568e-01
5.451287736892894698e-01
5.431261981521476878e-01
5.411313311108283397e-01
5.391441409834552001e-01
5.371645963280314851e-01
5.351926658417590632e-01
5.332283183603525600e-01
5.312715228573919868e-01
5.293222484436359565e-01
5.273804643663645431e-01
5.254461400087316880e-01
5.235192448890790828e-01
5.215997486603221045e-01
5.196876211092608111e-01
5.177828321559683200e-01
5.158853518531283378e-01
5.139951503854029990e-01
5.121121980687888264e-01
5.102364653499995573e-01
5.083679228058203270e-01
5.065065411425008213e-01
5.046522911951100143e-01
5.028051439269403122e-01
5.009650704288746148e-01
4.991320419187781354e-01
4.973060297409003794e-01
4.954870053652480899e-01
4.936749403870008268e-01
4.918698065258987895e-01
4.900715756256593392e-01
4.882802196533700956e-01
4.864957106989014624e-01
4.847180209743330304e-01
4.829471228133483951e-01
4.811829886706658344e-01
4.794255911214614918e-01
4.776749028607918945e-01
4.759308967030195237e-01
4.741935455812444911e-01
4.724628225467461529e-01
4.707387007684062930e-01
4.690211535321625602e-01
4.673101542404397568e-01
4.656056764116077717e-01
4.639076936794143680e-01
4.622161797924583815e-01
4.605311086136208432e-01
4.588524541195370676e-01
4.571801904000514227e-01
4.555142916576817025e-01
4.538547322070879408e-01
4.522014864745304008e-01
4.505545289973563738e-01
4.489138344234521183e-01
4.472793775107486991e-01
4.456511331266751474e-01
4.440290762476535313e-01
4.424131819585829795e-01
4.408034254523222617e-01
4.391997820291863586e-01
4.376022270964298189e-01
4.360107361677532101e-01
4.344252848627994101e-01
4.328458489066427384e-01
4.312724041293053423e-01
4.297049264652558764e-01
4.281433919529220034e-01
4.265877767341957338e-01
4.250380570539502578e-01
4.234942092595627150e-01
4.219562098004158712e-01
4.204240352274331571e-01
4.188976621925976085e-01
4.173770674484760246e-01
4.158622278477503431e-01
4.143531203427459619e-01
4.128497219849625033e-01
4.113520099246168460e-01
4.098599614101730015e-01
4.083735537878888100e-01
4.068927645013501460e-01
4.054175710910238317e-01
4.039479511938034451e-01
4.024838825425547939e-01
4.010253429656734925e-01
3.995723103866323789e-01
3.981247628235445313e-01
3.966826783887191232e-01
3.952460352882182781e-01
3.938148118214294668e-01
3.923889863806230838e-01
3.909685374505246780e-01
3.895534436078801344e-01
3.881436835210358982e-01
3.867392359494992160e-01
3.853400797435319047e-01
3.839461938437158661e-01
3.825575572805388624e-01
3.811741491739777388e-01
3.797959487330788697e-01
3.784229352555539827e-01
3.770550881273604382e-01
3.756923868222955543e-01
3.743348109015920411e-01
3.729823400135123812e-01
3.716349538929450969e-01
3.702926323610004622e-01
3.689553553246244788e-01
3.676231027761848180e-01
3.662958547930929565e-01
3.649735915374024975e-01
3.636562932554220917e-01
3.623439402773208085e-01
3.610365130167449421e-01
3.597339919704471423e-01
3.584363577178773519e-01
3.571435909208212633e-01
3.558556723230158481e-01
3.545725827497746563e-01
3.532943031076082319e-01
3.520208143838548520e-01
3.507520976463076035e-01
3.494881340428447336e-01
3.482289048010644983e-01
3.469743912279143472e-01
3.457245747093358745e-01
3.444794367098938381e-01
3.432389587724180013e-01
3.420031225176498602e-01
3.407719096438803219e-01
3.395453019265968764e-01
3.383232812181303228e-01
3.371058294473050498e-01
3.358929286190862618e-01
3.346845608142344219e-01
3.334807081889633040e-01
3.322813529745811123e-01
3.310864774771691277e-01
3.298960640772250485e-01
3.287100952293249279e-01
3.275285534617915495e-01
3.263514213763612504e-01
3.251786816478364206e-01
3.240103170237675911e-01
3.228463103241095977e-01
3.216866444409076653e-01
3.205313023379547377e-01
3.193802670504752861e-01
3.182335216847944626e-01
3.170910494180218531e-01
3.159528334977276254e-01
3.148188572416181219e-01
3.136891040372272177e-01
3.125635573415916912e-01
3.114422006809419163e-01
3.103250176503876134e-01
3.092119919135994932e-01
3.081031072025117723e-01
3.069983473170047050e-01
3.058976961245945536e-01
3.048011375601379358e-01
3.037086556255212400e-01
3.026202343893601987e-01
3.015358579866947442e-01
3.004555106186948543e-01
2.993791765523611814e-01
2.983068401202274011e-01
2.972384857200629504e-01
2.961740978145824821e-01
2.951136609311553194e-01
2.940571596615075278e-01
2.930045786614383085e-01
2.919559026505345045e-01
2.909111164118712844e-01
2.898702047917428026e-01
2.888331526993678788e-01
2.877999451066139414e-01
2.867705670477095348e-01
2.857450036189719822e-01
2.847232399785205037e-01
2.837052613460070427e-01
2.826910530023368784e-01
2.816806002893982308e-01
2.806738886097807084e-01
2.796709034265134619e-01
2.786716302627890718e-01
2.776760547016990932e-01
2.766841623859599975e-01
2.756959390176556002e-01
2.747113703579618926e-01
2.737304422268929671e-01
2.727531405030322875e-01
2.717794511232731747e-01
2.708093600825614011e-01
2.698428534336320128e-01
2.688799172867549214e-01
2.679205378094824397e-01
2.669647012263836050e-01
2.660123938188004855e-01
2.650636019245934394e-01
2.641183119378898159e-01
2.631765103088275493e-01
2.622381835433195696e-01
2.613033182027953427e-01
2.603719009039539567e-01
2.594439183185308084e-01
2.585193571730405870e-01
2.575982042485408519e-01
2.566804463803873393e-01
2.557660704579985955e-01
2.548550634246133928e-01
2.539474122770494779e-01
2.530431040654701480e-01
2.521421258931527132e-01
2.512444649162438037e-01
2.503501083435328844e-01
2.494590434362188580e-01
2.485712575076775843e-01
2.476867379232260413e-01
2.468054720999094398e-01
2.459274475062539489e-01
2.450526516620562534e-01
2.441810721381411087e-01
2.433126965561487609e-01
2.424475125883136517e-01
2.415855079572304109e-01
2.407266704356370024e-01
2.398709878461981471e-01
2.390184480612830842e-01
2.381690390027460802e-01
2.373227486417079646e-01
2.364795649983466586e-01
2.356394761416717720e-01
2.348024701893195731e-01
2.339685353073370777e-01
2.331376597099636960e-01
2.323098316594278401e-01
2.314850394657359256e-01
2.306632714864571276e-01
2.298445161265224856e-01
2.290287618380119072e-01
2.282159971199540227e-01
2.274062105181128834e-01
2.265993906247920076e-01
2.257955260786253249e-01
2.249946055643774478e-01
2.241966178127427212e-01
2.234015516001429391e-01
2.226093957485273112e-01
2.218201391251779231e-01
2.210337706425083704e-01
2.202502792578677482e-01
2.194696539733475005e-01
2.186918838355829675e-01
2.179169579355627606e-01
2.171448654084321694e-01
2.163755954333050902e-01
2.156091372330736500e-01
2.148454800742090054e-01
2.140846132665814028e-01
2.133265261632727450e-01
2.125712081603804982e-01
2.118186486968361981e-01
2.110688372542200986e-01
2.103217633565739875e-01
2.095774165702226632e-01
2.088357865035807837e-01
2.080968628069788939e-01
2.073606351724807673e-01
2.066270933337011062e-01
2.058962270656208016e-01
2.051680261844222031e-01
2.044424805472961348e-01
2.037195800522714206e-01
2.029993146380391078e-01
2.022816742837774961e-01
2.015666490089706997e-01
2.008542288732422521e-01
2.001444039761809401e-01
1.994371644571633351e-01
1.987325004951853991e-01
1.980304023086963960e-01
1.973308601554228381e-01
1.966338643321975665e-01
1.959394051748005738e-01
1.952474730577840045e-01
1.945580583943066211e-01
1.938711516359670484e-01
1.931867432726442901e-01
1.925048238323278926e-01
1.918253838809507172e-01
1.911484140222388939e-01
1.904739048975341020e-01
1.898018471856444678e-01
1.891322316026788630e-01
1.884650489018832309e-01
1.878002898734893455e-01
1.871379453445525809e-01
1.864780061787930376e-01
1.858204632764400288e-01
1.851653075740735122e-01
1.845125300444737104e-01
1.838621216964628213e-01
1.832140735747500027e-01
1.825683767597793550e-01
1.819250223675768774e-01
1.812840015496047230e-01
1.806453054925955259e-01
1.800089254184153442e-01
1.793748525839120034e-01
1.787430782807561125e-01
1.781135938353026471e-01
1.774863906084438725e-01
1.768614599954520250e-01
1.762387934258433375e-01
1.756183823632262719e-01
1.750002183051608817e-01
1.743842927830096257e-01
1.737705973617984512e-01
1.731591236400663869e-01
1.725498632497365903e-01
1.719428078559559481e-01
1.713379491569707591e-01
1.707352788839791857e-01
1.701347888009896447e-01
1.695364707046821129e-01
1.689403164242773425e-01
1.683463178213886746e-01
1.677544667898876185e-01
1.671647552557721794e-01
1.665771751770235842e-01
1.659917185434799103e-01
1.654083773766914511e-01
1.648271437297900155e-01
1.642480096873634721e-01
1.636709673653067854e-01
1.630960089107050537e-01
1.625231265016933435e-01
1.619523123473275705e-01
1.613835586874545480e-01
1.608168577925808695e-01
1.602522019637457884e-01
1.596895835323886570e-01
1.591289948602254145e-01
1.585704283391174418e-01
1.580138763909459121e-01
1.574593314674858913e-01
1.569067860502786627e-01
1.563562326505098798e-01
1.558076638088797539e-01
1.552610720954850920e-01
1.547164501096894851e-01
1.541737904800057901e-01
1.536330858639695929e-01
1.530943289480191372e-01
1.525575124473749766e-01
1.520226291059163515e-01
1.514896716960644207e-01
1.509586330186586667e-01
1.504295059028388226e-01
1.499022832059336285e-01
1.493769578133258558e-01
1.488535226383571330e-01
1.483319706221885304e-01
1.478122947337018323e-01
1.472944879693732501e-01
1.467785433531614558e-01
1.462644539363896212e-01
1.457522127976402515e-01
1.452418130426268439e-01
1.447332478040956050e-01
1.442265102416995792e-01
1.437215935418947599e-01
1.432184909178268739e-01
1.427171956092171679e-01
1.422177008822504418e-01
1.417200000294716877e-01
1.412240863696715421e-01
1.407299532477739867e-01
1.402375940347343197e-01
1.397470021274253016e-01
1.392581709485311570e-01
1.387710939464433524e-01
1.382857645951449110e-01
1.378021763941131572e-01
1.373203228682124133e-01
1.368401975675838933e-01
1.363617940675421192e-01
1.358851059684708096e-01
1.354101268957239312e-01
1.349368504995118734e-01
1.344652704548085498e-01
1.339953804612415700e-01
1.335271742429924025e-01
1.330606455486952333e-01
1.325957881513362968e-01
1.321325958481495422e-01
1.316710624605214597e-01
1.312111818338856650e-01
1.307529478376263099e-01
1.302963543649791611e-01
1.298413953329323745e-01
1.293880646821266023e-01
1.289363563767608190e-01
1.284862644044933999e-01
1.280377827763435894e-01
1.275909055265946057e-01
1.271456267127030193e-01
1.267019404151971396e-01
1.262598407375851994e-01
1.258193218062589047e-01
1.253803777703972888e-01
1.249430028018820443e-01
1.245071910951892069e-01
1.240729368673074984e-01
1.236402343576433055e-01
1.232090778279251453e-01
1.227794615621140423e-01
1.223513798663143914e-01
1.219248270686770358e-01
1.214997975193130297e-01
1.210762855902037805e-01
1.206542856751088022e-01
1.202337921894766765e-01
1.198147995703570806e-01
1.193973022763102354e-01
1.189812947873228471e-01
1.185667716047157927e-01
1.181537272510557041e-01
1.177421562700735475e-01
1.173320532265754307e-01
1.169234127063524531e-01
1.165162293160978968e-01
1.161104976833218644e-01
1.157062124562687894e-01
1.153033683038261065e-01
1.149019599154421506e-01
1.145019820010468037e-01
1.141034292909619136e-01
1.137062965358198036e-01
1.133105785064805054e-01
1.129162699939504910e-01
1.125233658092970185e-01
1.121318607835696535e-01
1.117417497677176547e-01
1.113530276325063739e-01
1.109656892684404289e-01
1.105797295856813106e-01
1.101951435139656571e-01
1.098119260025288146e-01
1.094300720200218763e-01
1.090495765544362283e-01
1.086704346130200338e-01
1.082926412222069285e-01
1.079161914275310052e-01
1.075410802935505145e-01
1.071673029037750052e-01
1.067948543605837936e-01
1.064237297851494679e-01
1.060539243173649060e-01
1.056854331157628946e-01
1.053182513574451029e-01
1.049523742380007174e-01
1.045877969714361089e-01
1.042245147901006141e-01
1.038625229446086817e-01
1.035018167037675269e-01
1.031423913545027327e-01
1.027842422017859331e-01
1.024273645685632311e-01
1.020717537956770393e-01
1.017174052417992580e-01
1.013643142833553085e-01
1.010124763144540083e-01
1.006618867468163786e-01
1.003125410097056719e-01
9.996443454984729748e-02
9.961756283137476742e-02
9.927192133574599953e-02
9.892750556167557996e-02
9.858431102506999555e-02
9.824233325895323499e-02
9.790156781340085546e-02
9.756201025546942796e-02
9.722365616912646835e-02
9.688650115519004125e-02
9.655054083124876840e-02
9.621577083160572086e-02
9.588218680720184128e-02
9.554978442555386864e-02
9.521855937069023668e-02
9.488850734307553714e-02
9.455962405955557759e-02
9.423190525328083156e-02
9.390534667364903998e-02
9.357994408623558635e-02
9.325569327272954789e-02
9.293259003086970504e-02
9.261063017437798361e-02
9.228980953289732392e-02
9.197012395192699641e-02
9.165156929275904141e-02
9.133414143241432026e-02
9.101783626358032897e-02
9.070264969454561177e-02
9.038857764914431936e-02
9.007561606668512688e-02
8.976376090189433499e-02
8.945300812485179609e-02
8.914335372093157295e-02
8.883479369074090415e-02
8.852732405005589444e-02
8.822094082976256191e-02
8.791564007579746876e-02
8.761141784908847707e-02
8.730827022549006444e-02
8.700619329572793770e-02
8.670518316533781800e-02
8.640523595460908313e-02
8.610634779851880638e-02
8.580851484668225448e-02
8.551173326328748159e-02
8.521599922703999852e-02
8.492130893110608203e-02
8.462765858304954758e-02
8.433504440478339914e-02
8.404346263250309090e-02
8.375290951663678929e-02
8.346338132178406088e-02
8.317487432666241520e-02
8.288738482405022534e-02
8.260090912072790004e-02
8.231544353742681341e-02
8.203098440877200359e-02
8.174752808322523212e-02
8.146507092302950059e-02
8.118360930416095023e-02
8.090313961626448280e-02
8.062365826260650681e-02
8.034516166001755277e-02
8.006764623884055077e-02
7.979110844287554127e-02
7.951554472932537143e-02
7.924095156874567947e-02
7.896732544498868966e-02
7.869466285515328008e-02
7.842296030952941588e-02
7.815221433154936892e-02
7.788242145772998615e-02
7.761357823762994601e-02
7.734568123378861293e-02
7.707872702167865853e-02
7.681271218965801673e-02
7.654763333891263788e-02
7.628348708341130269e-02
7.602027004985073555e-02
7.575797887760633842e-02
7.549661021868522837e-02
7.523616073767357137e-02
7.497662711168555372e-02
7.471800603031659993e-02
7.446029419559219154e-02
7.420348832192012745e-02
7.394758513604245131e-02
7.369258137698286859e-02
7.343847379600026981e-02
7.318525915654527925e-02
7.293293423420381394e-02
7.268149581665456216e-02
7.243094070362082748e-02
7.218126570681987486e-02
7.193246764992131115e-02
7.168454336849322539e-02
7.143748970996244285e-02
7.119130353356130370e-02
7.094598171028576594e-02
7.070152112284737445e-02
7.045791866562640948e-02
7.021517124462656190e-02
6.997327577743125970e-02
6.973222919315499868e-02
6.949202843239990490e-02
6.925267044720993803e-02
6.901415220102553871e-02
6.877647066864084335e-02
6.853962283615679107e-02
6.830360570093708950e-02
6.806841627156572094e-02
6.783405156780251966e-02
6.760050862053551546e-02
6.736778447174229800e-02
6.713587617444528866e-02
6.690478079266726219e-02
6.667449540138897790e-02
6.644501708650378535e-02
6.621634294477994620e-02
6.598847008381396317e-02
6.576139562199023736e-02
6.553511668843668703e-02
6.530963042298562615e-02
6.508493397612898079e-02
6.486102450897904270e-02
6.463789919322494859e-02
6.441555521109383620e-02
6.419398975530613005e-02
6.397320002903786329e-02
6.375318324587667118e-02
6.353393662978704115e-02
6.331545741506021396e-02
6.309774284628362484e-02
6.288079017829398265e-02
6.266459667614146523e-02
6.244915961504650392e-02
6.223447628036368751e-02
6.202054396753831772e-02
6.180735998207092380e-02
6.159492163947535848e-02
6.138322626524096715e-02
6.117227119479304309e-02
6.096205377345469134e-02
6.075257135640955292e-02
6.054382130865889472e-02
6.033580100499096738e-02
6.012850782993489629e-02
5.992193917772715983e-02
5.971609245227417484e-02
5.951096506711337636e-02
5.930655444537601129e-02
5.910285801974855119e-02
5.889987323243964235e-02
5.869759753513704298e-02
5.849602838897726559e-02
5.829516326450459585e-02
5.809499964163470503e-02
5.789553500962221072e-02
5.769676686701814133e-02
5.749869272163986300e-02
5.730131009053244379e-02
5.710461649993077426e-02
5.690860948523072255e-02
5.671328659094439228e-02
5.651864537067222138e-02
5.632468338706524136e-02
5.613139821178858568e-02
5.593878742548991784e-02
5.574684861776069145e-02
5.555557938710540405e-02
5.536497734090358586e-02
5.517504009537890081e-02
5.498576527556100352e-02
5.479715051525555630e-02
5.460919345700838978e-02
5.442189175207187007e-02
5.423524306036988513e-02
5.404924505046602989e-02
5.386389539953208988e-02
5.367919179330934293e-02
5.349513192608187917e-02
5.331171350063848569e-02
5.312893422824265660e-02
5.294679182859764188e-02
5.276528402981811583e-02
5.258440856839287358e-02
5.240416318915614574e-02
5.222454564525222387e-02
5.204555369810676124e-02
5.186718511739324411e-02
5.168943768100091318e-02
5.151230917500219247e-02
5.133579739362528760e-02
5.115990013921829088e-02
5.098461522222058617e-02
5.080994046112917439e-02
5.063587368247088327e-02
5.046241272077068435e-02
5.028955541851790750e-02
5.011729962613958866e-02
4.994564320196803048e-02
4.977458401221152018e-02
4.960411993092134902e-02
4.943424883996476449e-02
4.926496862899373830e-02
4.909627719541762025e-02
4.892817244436467594e-02
4.876065228866664075e-02
4.859371464881513669e-02
4.842735745294131366e-02
4.826157863678310483e-02
4.809637614365742248e-02
4.793174792442819743e-02
4.776769193748139908e-02
4.760420614869525363e-02
4.744128853140858193e-02
4.727893706639622190e-02
4.711714974183712351e-02
4.695592455328842507e-02
4.679525950365738540e-02
4.663515260316992983e-02
4.647560186934782123e-02
4.631660532697669946e-02
4.615816100807845768e-02
4.600026695188601245e-02
4.584292120481447963e-02
4.568612182043387676e-02
4.552986685944127726e-02
4.537415438963277731e-02
4.521898248587958441e-02
4.506434923009694504e-02
4.491025271122197488e-02
4.475669102518156639e-02
4.460366227486915747e-02
4.445116457011883543e-02
4.429919602767423692e-02
4.414775477116816144e-02
4.399683893109278265e-02
4.384644664477407167e-02
4.369657605634496428e-02
4.354722531672187980e-02
4.339839258357661850e-02
4.325007602131143714e-02
4.310227380103374972e-02
4.295498410052907279e-02
4.280820510423879316e-02
4.266193500323200993e-02
4.251617199517971485e-02
4.237091428433219925e-02
4.222616008149431693e-02
4.208190760399824204e-02
4.193815507567771189e-02
4.179490072684746010e-02
4.165214279427758431e-02
4.150987952116409752e-02
4.136810915711107428e-02
4.122682995810258294e-02
4.108604018648014111e-02
4.094573811091592463e-02
4.080592200639308886e-02
4.066659015417761064e-02
4.052774084179815162e-02
4.038937236301710226e-02
4.025148301781435178e-02
4.011407111235648637e-02
3.997713495897782521e-02
3.984067287615564862e-02
3.970468318848616174e-02
3.956916422666381661e-02
3.943411432745446560e-02
3.929953183367607128e-02
3.916541509417433703e-02
3.903176246379769926e-02
3.889857230337858546e-02
3.876584297970839948e-02
3.863357286551500486e-02
3.850176033944113091e-02
3.837040378602173119e-02
3.823950159566075202e-02
3.810905216461080852e-02
3.797905389494953682e-02
3.784950519455786144e-02
3.772040447709850558e-02
3.759175016199431396e-02
3.746354067440604146e-02
3.733577444521009314e-02
3.720844991097881777e-02
3.708156551395748457e-02
3.695511970204268248e-02
3.682911092876189896e-02
3.670353765325287676e-02
3.657839834023988990e-02
3.645369146001588984e-02
3.632941548841910062e-02
3.620556890681354834e-02
3.608215020206731460e-02
3.595915786653256646e-02
3.583659039802469110e-02
3.571444629979991792e-02
3.559272408053942155e-02
3.547142225432398793e-02
3.535053934061511971e-02
3.523007386423712695e-02
3.511002435535488103e-02
3.499038934945322005e-02
3.487116738731780435e-02
3.475235701501613872e-02
3.463395678387534010e-02
3.451596525046491531e-02
3.439838097657644395e-02
3.428120252920107552e-02
3.416442848051393089e-02
3.404805740785420837e-02
3.393208789370250056e-02
3.381651852566433525e-02
3.370134789645146817e-02
3.358657460385976179e-02
3.347219725075325364e-02
3.335821444504336736e-02
3.324462479966911604e-02
3.313142693258126076e-02
3.301861946672169507e-02
3.290620103000319735e-02
3.279417025529413054e-02
3.268252578039702178e-02
3.257126624803227677e-02
3.246039030581843177e-02
3.234989660625354341e-02
3.223978380669807048e-02
3.213005056935486908e-02
3.202069556125447525e-02
3.191171745423307393e-02
3.180311492491690734e-02
3.169488665470372724e-02
3.158703132974526734e-02
3.147954764092809193e-02
3.137243428385872585e-02
3.126568995884266428e-02
3.115931337086953051e-02
3.105330322959341458e-02
3.094765824931762846e-02
3.084237714897613766e-02
3.073745865211414269e-02
3.063290148687710865e-02
3.052870438598581995e-02
3.042486608672514622e-02
3.032138533092390217e-02
3.021826086493866956e-02
3.011549143963913530e-02
3.001307581038735461e-02
2.991101273702309604e-02
2.980930098384769120e-02
2.970793931960540035e-02
2.960692651747050957e-02
2.950626135502573688e-02
2.940594261425041531e-02
2.930596908150092869e-02
2.920633954749670205e-02
2.910705280730258721e-02
2.900810766031281657e-02
2.890950291023604291e-02
2.881123736507715596e-02
2.871330983712299875e-02
2.861571914292662666e-02
2.851846410328937390e-02
2.842154354324802346e-02
2.832495629205650234e-02
2.822870118317082413e-02
2.813277705423505165e-02
2.803718274706324884e-02
2.794191710762676181e-02
2.784697898603586894e-02
2.775236723652609733e-02
2.765808071744359567e-02
2.756411829122749207e-02
2.747047882439743877e-02
2.737716118753544606e-02
2.728416425527423542e-02
2.719148690628008305e-02
2.709912802323645800e-02
2.700708649283456095e-02
2.691536120575054036e-02
2.682395105663814422e-02
2.673285494410955129e-02
2.664207177072203808e-02
2.655160044296276875e-02
2.646143987123652369e-02
2.637158896984717962e-02
2.628204665698752329e-02
2.619281185472076973e-02
2.610388348897083738e-02
2.601526048950254105e-02
2.592694178991299808e-02
2.583892632761234168e-02
2.575121304381458240e-02
2.566380088351955316e-02
2.557668879550042615e-02
2.548987573229037629e-02
2.540336065016634767e-02
2.531714250913881178e-02
2.523122027293590516e-02
2.514559290898740404e-02
2.506025938841715747e-02
2.497521868602270087e-02
2.489046978026557971e-02
2.480601165325773891e-02
2.472184329074633355e-02
2.463796368210224852e-02
2.455437182030372270e-02
2.447106670192756780e-02
2.438804732713143603e-02
2.430531269964321742e-02
2.422286182674776578e-02
2.414069371927176494e-02
2.405880739157311571e-02
2.397720186152683258e-02
2.389587615051178351e-02
2.381482928339797092e-02
2.373406028853458638e-02
2.365356819773540079e-02
2.357335204626800906e-02
2.349341087283902257e-02
2.341374371958329648e-02
2.333434963205103727e-02
2.325522765919271068e-02
2.317637685335100645e-02
2.309779627024344945e-02
2.301948496895477383e-02
2.294144201191997481e-02
2.286366646491561419e-02
2.278615739704486012e-02
2.270891388072806411e-02
2.263193499168773826e-02
2.255521980893752249e-02
2.247876741477096776e-02
2.240257689474887612e-02
2.232664733768593285e-02
2.225097783564100248e-02
2.217556748390398305e-02
2.210041538098311137e-02
2.202552062859671617e-02
2.195088233165572514e-02
2.187649959825715973e-02
2.180237153966964672e-02
2.172849727032241662e-02
2.165487590779387531e-02
2.158150657280082096e-02
2.150838838918467041e-02
2.143552048390221301e-02
2.136290198701329066e-02
2.129053203166919594e-02
2.121840975410275998e-02
2.114653429361350659e-02
2.107490479256200061e-02
2.100352039635312168e-02
2.093238025342865349e-02
2.086148351525305561e-02
2.079082933630638230e-02
2.072041687406962762e-02
2.065024528901511849e-02
2.058031374459554433e-02
2.051062140723372562e-02
2.044116744630989149e-02
2.037195103415327321e-02
2.030297134602921175e-02
2.023422756012963411e-02
2.016571885756190605e-02
2.009744442233809061e-02
2.002940344136406453e-02
1.996159510443092783e-02
1.989401860420134810e-02
1.982667313620076199e-02
1.975955789880798341e-02
1.969267209324219309e-02
1.962601492355372026e-02
1.955958559661579929e-02
1.949338332211041774e-02
1.942740731252093345e-02
1.936165678312028182e-02
1.929613095196332229e-02
1.923082903987185718e-02
1.916575027042979537e-02
1.910089386996963526e-02
1.903625906756426303e-02
1.897184509501454591e-02
1.890765118684402391e-02
1.884367658028366505e-02
1.877992051526506875e-02
1.871638223440962034e-02
1.865306098302039681e-02
1.858995600906938883e-02
1.852706656318950026e-02
1.846439189866570449e-02
1.840193127142323790e-02
1.833968394002078936e-02
1.827764916563771186e-02
1.821582621206619887e-02
1.815421434570231932e-02
1.809281283553588679e-02
1.803162095314049529e-02
1.797063797266411009e-02
1.790986317082146270e-02
1.784929582688234498e-02
1.778893522266412203e-02
1.772878064252103592e-02
1.766883137333657636e-02
1.760908670451267338e-02
1.754954592796143659e-02
1.749020833809624212e-02
1.743107323182162965e-02
1.737213990852548920e-02
1.731340767006873255e-02
1.725487582077787213e-02
1.719654366743485555e-02
1.713841051926844397e-02
1.708047568794465385e-02
1.702273848756023777e-02
1.696519823463116250e-02
1.690785424808464998e-02
1.685070584925194362e-02
1.679375236185677578e-02
1.673699311200963977e-02
1.668042742819714902e-02
1.662405464127366533e-02
1.656787408445400608e-02
1.651188509330277568e-02
1.645608700572819688e-02
1.640047916197126185e-02
1.634506090459934488e-02
1.628983157849655042e-02
1.623479053085553209e-02
1.617993711116962399e-02
1.612527067122393812e-02
1.607079056508653458e-02
1.601649614910250624e-02
1.596238678188181132e-02
1.590846182429582478e-02
1.585472063946476162e-02
1.580116259275273286e-02
1.574778705175743435e-02
1.569459338630305525e-02
1.564158096843301649e-02
1.558874917240051124e-02
1.553609737466055997e-02
1.548362495386367346e-02
1.543133129084610193e-02
1.537921576862210510e-02
1.532727777237822241e-02
1.527551668946209966e-02
1.522393190937749302e-02
1.517252282377493447e-02
1.512128882644380237e-02
1.507022931330721793e-02
1.501934368240952743e-02
1.496863133391417022e-02
1.491809167009115755e-02
1.486772409531335846e-02
1.481752801604467769e-02
1.476750284083829662e-02
1.471764798032317544e-02
1.466796284720005457e-02
1.461844685623365538e-02
1.456909942424397530e-02
1.451991997009972370e-02
1.447090791471142626e-02
1.442206268102263697e-02
1.437338369400404867e-02
1.432487038064507792e-02
1.427652216994748299e-02
1.422833849291760960e-02
1.418031878255847193e-02
1.413246247386478957e-02
1.408476900381317766e-02
1.403723781135663047e-02
1.398986833741699964e-02
1.394266002487770141e-02
1.389561231857750108e-02
1.384872466530119063e-02
1.380199651377577406e-02
1.375542731466134275e-02
1.370901652054453551e-02
1.366276358593181486e-02
1.361666796724244136e-02
1.357072912280195449e-02
1.352494651283395709e-02
1.347931959945580620e-02
1.343384784666909124e-02
1.338853072035441592e-02
1.334336768826456868e-02
1.329835822001771556e-02
1.325350178708977270e-02
1.320879786280915874e-02
1.316424592234886198e-02
1.311984544272070535e-02
1.307559590276828436e-02
1.303149678316105169e-02
1.298754756638641379e-02
1.294374773674515644e-02
1.290009678034179097e-02
1.285659418508243099e-02
1.281323944066452454e-02
1.277003203857222935e-02
1.272697147207022504e-02
1.268405723619530842e-02
1.264128882775345485e-02
1.259866574530991989e-02
1.255618748918532583e-02
1.251385356144758126e-02
1.247166346590784618e-02
1.242961670811162933e-02
1.238771279533604740e-02
1.234595123657865334e-02
1.230433154255681713e-02
1.226285322569753249e-02
1.222151580013234977e-02
1.218031878169234354e-02
1.213926168790078162e-02
1.209834403796775960e-02
1.205756535278411888e-02
1.201692515491429268e-02
1.197642296859249660e-02
1.193605831971482345e-02
1.189583073583341116e-02
1.185573974615233145e-02
1.181578488151923192e-02
1.177596567442146767e-02
1.173628165897917276e-02
1.169673237093929105e-02
1.165731734767041713e-02
1.161803612815706828e-02
1.157888825299295196e-02
1.153987326437546160e-02
1.150099070610122870e-02
1.146224012355903307e-02
1.142362106372383536e-02
1.138513307515314973e-02
1.134677570797905898e-02
1.130854851390359142e-02
1.127045104619373711e-02
1.123248285967430246e-02
1.119464351072347458e-02
1.115693255726774025e-02
1.111934955877483082e-02
1.108189407624955193e-02
1.104456567222757840e-02
1.100736391076980424e-02
1.097028835745818623e-02
1.093333857938878599e-02
1.089651414516652241e-02
1.085981462490159984e-02
1.082323959020194647e-02
1.078678861416855483e-02
1.075046127139068358e-02
1.071425713793981542e-02
1.067817579136534807e-02
1.064221681068827988e-02
1.060637977639616522e-02
1.057066427043900150e-02
1.053506987622222259e-02
1.049959617860260312e-02
1.046424276388346550e-02
1.042900921980804280e-02
1.039389513555624700e-02
1.035890010173815684e-02
1.032402371038889863e-02
1.028926555496455057e-02
1.025462523033645809e-02
1.022010233278600883e-02
1.018569646000019695e-02
1.015140721106615879e-02
1.011723418646612478e-02
1.008317698807325961e-02
1.004923521914525240e-02
1.001540848432094788e-02
9.981696389614623521e-03
9.948098542410709066e-03
9.914614551460417674e-03
9.881244026874179062e-03
9.847986580120314179e-03
9.814841824017352112e-03
9.781809372730373292e-03
9.748888841766320534e-03
9.716079847968812216e-03
9.683382009514259967e-03
9.650794945905124059e-03
9.618318277968008687e-03
9.585951627846684905e-03
9.553694618997972399e-03
9.521546876188273500e-03
9.489508025487045431e-03
9.457577694263587589e-03
9.425755511181528601e-03
9.394041106195415852e-03
9.362434110544600591e-03
9.330934156749341735e-03
9.299540878607532451e-03
9.268253911186744715e-03
9.237072890824454818e-03
9.205997455119097408e-03
9.175027242928986485e-03
9.144161894365222115e-03
9.113401050789017230e-03
9.082744354806802228e-03
9.052191450264639172e-03
9.021741982246223382e-03
8.991395597066270673e-03
8.961151942266914333e-03
8.931010666613847099e-03
8.900971420091935773e-03
8.871033853899493171e-03
8.841197620445530314e-03
8.811462373345292989e-03
8.781827767415059313e-03
8.752293458669032841e-03
8.722859104314056866e-03
8.693524362746255993e-03
8.664288893545814621e-03
8.635152357474052201e-03
8.606114416468659684e-03
8.577174733638824947e-03
8.548332973262432952e-03
8.519588800780551058e-03
8.490941882794564993e-03
8.462391887061019788e-03
8.433938482488516353e-03
8.405581339132585372e-03
8.377320128192604701e-03
8.349154522006912646e-03
8.321084194049276073e-03
8.293108818925507691e-03
8.265228072367557591e-03
8.237441631231445446e-03
8.209749173492156965e-03
8.182150378240190050e-03
8.154644925677868514e-03
8.127232497114934145e-03
8.099912774964213372e-03
8.072685442738364650e-03
8.045550185046464534e-03
8.018506687589013401e-03
7.991554637154514584e-03
7.964693721616268596e-03
7.937923629927323352e-03
7.911244052117929332e-03
7.884654679290890519e-03
7.858155203617569334e-03
7.831745318335246384e-03
7.805424717742728141e-03
7.779193097195599010e-03
7.753050153104426752e-03
7.726995582929533160e-03
7.701029085178003400e-03
7.675150359399572977e-03
7.649359106183801875e-03
7.623655027154605836e-03
7.598037824968908484e-03
7.572507203311286232e-03
7.547062866891083438e-03
7.521704521438740861e-03
7.496431873701242012e-03
7.471244631440931809e-03
7.446142503429139733e-03
7.421125199444207447e-03
7.396192430267537962e-03
7.371343907680362115e-03
7.346579344459877939e-03
7.321898454375401315e-03
7.297300952185966846e-03
7.272786553635688343e-03
7.248354975450952038e-03
7.224005935336702544e-03
7.199739151973230146e-03
7.175554345012123691e-03
7.151451235074104788e-03
7.127429543743997106e-03
7.103488993568559708e-03
7.079629308052662849e-03
7.055850211656284308e-03
7.032151429789950531e-03
7.008532688812259444e-03
6.984993716027728533e-03
6.961534239680965304e-03
6.938153988955635121e-03
6.914852693969285660e-03
6.891630085771993826e-03
6.868485896340926523e-03
6.845419858578580784e-03
6.822431706309810447e-03
6.799521174277491954e-03
6.776687998138926534e-03
6.753931914464674467e-03
6.731252660732964938e-03
6.708649975329160006e-03
6.686123597539239856e-03
6.663673267549396866e-03
6.641298726442381416e-03
6.618999716192727062e-03
6.596775979665674139e-03
6.574627260612878922e-03
6.552553303668995355e-03
6.530553854349699199e-03
6.508628659048578541e-03
6.486777465032208916e-03
6.465000020439332779e-03
6.443296074276798520e-03
6.421665376415648663e-03
6.400107677590413831e-03
6.378622729393774136e-03
6.357210284274257203e-03
6.335870095534050679e-03
6.314601917324676704e-03
6.293405504645463618e-03
6.272280613339528341e-03
6.251227000090429226e-03
6.230244422421104405e-03
6.209332638689070948e-03
6.188491408083425516e-03
6.167720490623966600e-03
6.147019647156273976e-03
6.126388639349105748e-03
6.105827229693089504e-03
6.085335181495603145e-03
6.064912258878836331e-03
6.044558226778030605e-03
6.024272850937171207e-03
6.004055897906030240e-03
5.983907135038941949e-03
5.963826330490590820e-03
5.943813253213111117e-03
5.923867672954673085e-03
5.903989360255584157e-03
5.884178086444913185e-03
5.864433623639771394e-03
5.844755744740289492e-03
5.825144223428526530e-03
5.805598834165106269e-03
5.786119352186416473e-03
5.766705553501926158e-03
5.747357214891520190e-03
5.728074113902958779e-03
5.708856028848685593e-03
5.689702738804486813e-03
5.670614023604539367e-03
5.651589663841083931e-03
5.632629440860397775e-03
5.613733136760412114e-03
5.594900534388199363e-03
5.576131417337739683e-03
5.557425569946639748e-03
5.538782777293614797e-03
5.520202825196164967e-03
5.501685500208142350e-03
5.483230589616966758e-03
5.464837881440903940e-03
5.446507164426283090e-03
5.428238228045976360e-03
5.410030862495932881e-03
5.391884858692986941e-03
5.373800008271666095e-03
5.355776103583564061e-03
5.337812937692183388e-03
5.319910304372918973e-03
5.302067998108590287e-03
5.284285814088536710e-03
5.266563548205273858e-03
5.248900997051749243e-03
5.231297957920670941e-03
5.213754228798743971e-03
5.196269608368241089e-03
5.178843896001961676e-03
5.161476891760407616e-03
5.144168396392497129e-03
5.126918211329034407e-03
5.109726138683880550e-03
5.092591981249581200e-03
5.075515542495410634e-03
5.058496626564840809e-03
5.041535038274068577e-03
5.024630583109136912e-03
5.007783067222827157e-03
4.990992297433536652e-03
4.974258081222197002e-03
4.957580226730362409e-03
4.940958542757755041e-03
4.924392838759996879e-03
4.907882924846001561e-03
4.891428611776411396e-03
4.875029710960867776e-03
4.858686034455314551e-03
4.842397394961059538e-03
4.826163605820682316e-03
4.809984481017545027e-03
4.793859835172956975e-03
4.777789483542284506e-03
4.761773242016592925e-03
4.745810927116595780e-03
4.729902355992139651e-03
4.714047346419915178e-03
4.698245716801762242e-03
4.682497286161200513e-03
4.666801874142040805e-03
4.651159301006859391e-03
4.635569387633640438e-03
4.620031955514065578e-03
4.604546826751950914e-03
4.589113824060088963e-03
4.573732770758831383e-03
4.558403490774466139e-03
4.543125808635406319e-03
4.527899549471926452e-03
4.512724539012967148e-03
4.497600603584545227e-03
4.482527570107300817e-03
4.467505266094861510e-03
4.452533519651234208e-03
4.437612159469417339e-03
4.422741014829260214e-03
4.407919915594141896e-03
4.393148692210919158e-03
4.378427175706776225e-03
4.363755197687024280e-03
4.349132590333783938e-03
4.334559186403501123e-03
4.320034819225176785e-03
4.305559322698140380e-03
4.291132531290433975e-03
4.276754280036444353e-03
4.262424404535209918e-03
4.248142740948064079e-03
4.233909125997635178e-03
4.219723396964554854e-03
4.205585391686668742e-03
4.191494948556443063e-03
4.177451906519071174e-03
4.163456105071080583e-03
4.149507384257560862e-03
4.135605584671232966e-03
4.121750547450102158e-03
4.107942114274826424e-03
4.094180127368421580e-03
4.080464429492780543e-03
4.066794863948018472e-03
4.053171274569685942e-03
4.039593505727511261e-03
4.026061402323402073e-03
4.012574809789561450e-03
3.999133574086661223e-03
3.985737541701679654e-03
3.972386559646883149e-03
3.959080475457003000e-03
3.945819137188020208e-03
3.932602393415801124e-03
3.919430093233100716e-03
3.906302086248649233e-03
3.893218222585403173e-03
3.880178352877733730e-03
3.867182328271428094e-03
3.854230000420032221e-03
3.841321221484626184e-03
3.828455844130892929e-03
3.815633721527975086e-03
3.802854707347219903e-03
3.790118655758606143e-03
3.777425421431554204e-03
3.764774859531308353e-03
3.752166825717575399e-03
3.739601176143666876e-03
3.727077767453810652e-03
3.714596456781307354e-03
3.702157101748393322e-03
3.689759560462902137e-03
3.677403691516911103e-03
3.665089353985876916e-03
3.652816407425842331e-03
3.640584711873175085e-03
3.628394127840911532e-03
3.616244516319795741e-03
3.604135738773018519e-03
3.592067657138652524e-03
3.580040133824831904e-03
3.568053031709688978e-03
3.556106214139552295e-03
3.544199544926491998e-03
3.532332888347852317e-03
3.520506109143904053e-03
3.508719072516788568e-03
3.496971644127858450e-03
3.485263690097688792e-03
3.473595077002952086e-03
3.461965671876079519e-03
3.450375342202503630e-03
3.438823955920124881e-03
3.427311381417216980e-03
3.415837487530808819e-03
3.404402143545743817e-03
3.393005219192016253e-03
3.381646584644552259e-03
3.370326110520712251e-03
3.359043667879007232e-03
3.347799128217731398e-03
3.336592363473353182e-03
3.325423246019078034e-03
3.314291648663197400e-03
3.303197444647480632e-03
3.292140507646077775e-03
3.281120711763456550e-03
3.270137931533836397e-03
3.259192041918701314e-03
3.248282918305373922e-03
3.237410436506642057e-03
3.226574472758218272e-03
3.215774903717544611e-03
3.205011606462368837e-03
3.194284458489939516e-03
3.183593337714049620e-03
3.172938122464773712e-03
3.162318691487244534e-03
3.151734923939187964e-03
3.141186699390120709e-03
3.130673897820073111e-03
3.120196399617796747e-03
3.109754085579473793e-03
3.099346836907422055e-03
3.088974535208498153e-03
3.078637062493021562e-03
3.068334301172960087e-03
3.058066134060794059e-03
3.047832444368177122e-03
3.037633115704368916e-03
3.027468032075165180e-03
3.017337077881195560e-03
3.007240137916773921e-03
2.997177097368246453e-03
2.987147841813327705e-03
2.977152257218798614e-03
2.967190229939824751e-03
2.957261646718806637e-03
2.947366394682788496e-03
2.937504361344289629e-03
2.927675434597354440e-03
2.917879502718822692e-03
2.908116454364935086e-03
2.898386178571475506e-03
2.888688564750954268e-03
2.879023502693402615e-03
2.869390882563040319e-03
2.859790594898018075e-03
2.850222530609067880e-03
2.840686580978180747e-03
2.831182637656888892e-03
2.821710592665689805e-03
2.812270338392261221e-03
2.802861767590207782e-03
2.793484773378310769e-03
2.784139249238972488e-03
2.774825089016242155e-03
2.765542186915731764e-03
2.756290437503093431e-03
2.747069735702311558e-03
2.737879976794190592e-03
2.728721056416765281e-03
2.719592870561770084e-03
2.710495315575572016e-03
2.701428288156330904e-03
2.692391685354094798e-03
2.683385404568287662e-03
2.674409343547439616e-03
2.665463400387808272e-03
2.656547473531919827e-03
2.647661461767533871e-03
2.638805264226652854e-03
2.629978780383949132e-03
2.621181910055689433e-03
2.612414553398891351e-03
2.603676610909822810e-03
2.594967983422777347e-03
2.586288572109388031e-03
2.577638278476845901e-03
2.569017004367063831e-03
2.560424651955685998e-03
2.551861123750574344e-03
2.543326322590743014e-03
2.534820151645663603e-03
2.526342514413544311e-03
2.517893314720232294e-03
2.509472456718849810e-03
2.501079844887694765e-03
2.492715384029474401e-03
2.484378979270859909e-03
2.476070536060027884e-03
2.467789960166514186e-03
2.459537157680274141e-03
2.451312035009956935e-03
2.443114498881667450e-03
2.434944456338797129e-03
2.426801814740296628e-03
2.418686481759660997e-03
2.410598365383432619e-03
2.402537373911416748e-03
2.394503415954334861e-03
2.386496400432800737e-03
2.378516236577254538e-03
2.370562833926155230e-03
2.362636102324748490e-03
2.354735951924485579e-03
2.346862293181985540e-03
2.339015036857641349e-03
2.331194094014700513e-03
2.323399376018295791e-03
2.315630794534512781e-03
2.307888261528871169e-03
2.300171689265989063e-03
2.292480990308407279e-03
2.284816077514675511e-03
2.277176864039598229e-03
2.269563263332551560e-03
2.261975189136523120e-03
2.254412555487029114e-03
2.246875276711640754e-03
2.239363267428095151e-03
2.231876442543922773e-03
2.224414717255657290e-03
2.216978007047063978e-03
2.209566227688917247e-03
2.202179295237423774e-03
2.194817126033646575e-03
2.187479636702432083e-03
2.180166744151315096e-03
2.172878365569797573e-03
2.165614418427893196e-03
2.158374820475804715e-03
2.151159489742445526e-03
2.143968344534846835e-03
2.136801303436873089e-03
2.129658285308616995e-03
2.122539209285183043e-03
2.115443994775729510e-03
2.108372561463034336e-03
2.101324829301702730e-03
2.094300718517859688e-03
2.087300149608186783e-03
2.080323043338539162e-03
2.073369320744018404e-03
2.066438903126455867e-03
2.059531712055022012e-03
2.052647669364846428e-03
2.045786697155450515e-03
2.038948717790711480e-03
2.032133653897504923e-03
2.025341428364945892e-03
2.018571964343230524e-03
2.011825185243444353e-03
2.005101014735605116e-03
1.998399376749016194e-03
1.991720195470152426e-03
1.985063395342650128e-03
1.978428901065740642e-03
1.971816637594337503e-03
1.965226530137250977e-03
1.958658504156514119e-03
1.952112485366961888e-03
1.945588399735066060e-03
1.939086173477754102e-03
1.932605733061931036e-03
1.926147005203846267e-03
1.919709916867603020e-03
1.913294395264849993e-03
1.906900367853734237e-03
1.900527762338011240e-03
1.894176506666213995e-03
1.887846529030881701e-03
1.881537757867760919e-03
1.875250121854936695e-03
1.868983549911863934e-03
1.862737971198660716e-03
1.856513315115563157e-03
1.850309511301258779e-03
1.844126489633272263e-03
1.837964180226078293e-03
1.831822513430975997e-03
1.825701419834732837e-03
1.819600830259379687e-03
1.813520675760840186e-03
1.807460887628741008e-03
1.801421397384859275e-03
1.795402136782927194e-03
1.789403037807857063e-03
1.783424032674289089e-03
1.777465053826624572e-03
1.771526033937627712e-03
1.765606905907975231e-03
1.759707602865676328e-03
1.753828058164414935e-03
1.747968205383875840e-03
1.742127978328163922e-03
1.736307311025862268e-03
1.730506137727693978e-03
1.724724392908197259e-03
1.718962011262464579e-03
1.713218927707064673e-03
1.707495077378463292e-03
1.701790395632692739e-03
1.696104818044378258e-03
1.690438280405958706e-03
1.684790718727435452e-03
1.679162069234913261e-03
1.673552268369747024e-03
1.667961252789099038e-03
1.662388959364105405e-03
1.656835325179025582e-03
1.651300287530961357e-03
1.645783783929534406e-03
1.640285752095047705e-03
1.634806129958570097e-03
1.629344855661279696e-03
1.623901867553307265e-03
1.618477104193196498e-03
1.613070504347318768e-03
1.607682006989095318e-03
1.602311551297978982e-03
1.596959076659247318e-03
1.591624522662974566e-03
1.586307829103757562e-03
1.581008935978985789e-03
1.575727783489792649e-03
1.570464312038797293e-03
1.565218462229947191e-03
1.559990174868539168e-03
1.554779390959364982e-03
1.549586051706767706e-03
1.544410098513943931e-03
1.539251472981924187e-03
1.534110116909168748e-03
1.528985972290687048e-03
1.523878981317649314e-03
1.518789086376359397e-03
1.513716230047942955e-03
1.508660355107574848e-03
1.503621404523564509e-03
1.498599321456981458e-03
1.493594049260976372e-03
1.488605531480059882e-03
1.483633711849419081e-03
1.478678534294315151e-03
1.473739942929323116e-03
1.468817882057792774e-03
1.463912296171687158e-03
1.459023129949729193e-03
1.454150328257845792e-03
1.449293836148218741e-03
1.444453598858464177e-03
1.439629561811347006e-03
1.434821670613645964e-03
1.430029871055887337e-03
1.425254109111968089e-03
1.420494330937854821e-03
1.415750482871565123e-03
1.411022511432200900e-03
1.406310363319331460e-03
1.401613985412759975e-03
1.396933324771314384e-03
1.392268328632948002e-03
1.387618944413300352e-03
1.382985119705831389e-03
1.378366802281045427e-03
1.373763940085232166e-03
1.369176481240879338e-03
1.364604374045451460e-03
1.360047566970729559e-03
1.355506008662928476e-03
1.350979647940986003e-03
1.346468433796869273e-03
1.341972315394787630e-03
1.337491242070587864e-03
1.333025163330583268e-03
1.328574028852004454e-03
1.324137788481704377e-03
1.319716392235916998e-03
1.315309790299274990e-03
1.310917933024751411e-03
1.306540770932789093e-03
1.302178254710758100e-03
1.297830335212209803e-03
1.293496963456964048e-03
1.289178090629710966e-03
1.284873668079955684e-03
1.280583647321374740e-03
1.276307980031213480e-03
1.272046618049487657e-03
1.267799513379141508e-03
1.263566618184493867e-03
1.259347884791708070e-03
1.255143265687506948e-03
1.250952713518634855e-03
1.246776181092206122e-03
1.242613621373949958e-03
1.238464987488206758e-03
1.234330232717945454e-03
1.230209310503066521e-03
1.226102174440945594e-03
1.222008778285141100e-03
1.217929075945543230e-03
1.213863021486635092e-03
1.209810569128854686e-03
1.205771673246446452e-03
1.201746288367423754e-03
1.197734369173285686e-03
1.193735870498332293e-03
1.189750747329117262e-03
1.185778954804002751e-03
1.181820448212361633e-03
1.177875182994541498e-03
1.173943114741126748e-03
1.170024199192278317e-03
1.166118392237445274e-03
1.162225649914660087e-03
1.158345928410261724e-03
1.154479184058145817e-03
1.150625373339320568e-03
1.146784452881914780e-03
1.142956379459824983e-03
1.139141109992706548e-03
1.135338601545463457e-03
1.131548811327765403e-03
1.127771696693250034e-03
1.124007215139489991e-03
1.120255324307265410e-03
1.116515981979964139e-03
1.112789146083447735e-03
1.109074774685059632e-03
1.105372825993662222e-03
1.101683258358964433e-03
1.098006030270746525e-03
1.094341100358907576e-03
1.090688427392544346e-03
1.087047970279869094e-03
1.083419688067319446e-03
1.079803539939534979e-03
1.076199485218392931e-03
1.072607483362869206e-03
1.069027493968691426e-03
1.065459476767378335e-03
1.061903391626487208e-03
1.058359198548311291e-03
1.054826857670365312e-03
1.051306329263905536e-03
1.047797573734400751e-03
1.044300551620489263e-03
1.040815223593582724e-03
1.037341550457979546e-03
1.033879493149527425e-03
1.030429012735747810e-03
1.026990070415510423e-03
1.023562627518096509e-03
1.020146645503046401e-03
1.016742085959559299e-03
1.013348910606577625e-03
1.009967081291582042e-03
1.006596559990513605e-03
1.003237308807609180e-03
9.998892899743981252e-04
9.965524658497196351e-04
9.932267989190795947e-04
9.899122517942624336e-04
9.866087872132315965e-04
9.833163680388933361e-04
9.800349572594733646e-04
9.767645179877147612e-04
9.735050134605166073e-04
9.702564070387480460e-04
9.670186622060762596e-04
9.637917425696289168e-04
9.605756118586510637e-04
9.573702339248641021e-04
9.541755727411537977e-04
9.509915924022520253e-04
9.478182571230288258e-04
9.446555312393332049e-04
9.415033792068784645e-04
9.383617656009115215e-04
9.352306551159744914e-04
9.321100125653366750e-04
9.289998028808587075e-04
9.258999911122571449e-04
9.228105424266736011e-04
9.197314221088489800e-04
9.166625955600129268e-04
9.136040282979210163e-04
9.105556859564867744e-04
9.075175342850601420e-04
9.044895391482723254e-04
9.014716665253749749e-04
8.984638825105894068e-04
8.954661533116720952e-04
8.924784452503742652e-04
8.895007247616910830e-04
8.865329583935432261e-04
8.835751128061892449e-04
8.806271547721864238e-04
8.776890511759331392e-04
8.747607690129729097e-04
8.718422753900185746e-04
8.689335375245098303e-04
8.660345227440294962e-04
8.631451984859172134e-04
8.602655322972623973e-04
8.573954918342743163e-04
8.545350448617095246e-04
8.516841592527888121e-04
8.488428029890978917e-04
8.460109441595271580e-04
8.431885509604021165e-04
8.403755916949964691e-04
8.375720347731896139e-04
8.347778487110183278e-04
8.319930021304650222e-04
8.292174637588149190e-04
8.264512024287398598e-04
8.236941870775751429e-04
8.209463867471674097e-04
8.182077705833607330e-04
8.154783078358710663e-04
8.127579678575567925e-04
8.100467201044088579e-04
8.073445341352571700e-04
8.046513796110511211e-04
8.019672262947460722e-04
7.992920440511779110e-04
7.966258028460646099e-04
7.939684727464641932e-04
7.913200239198826553e-04
7.886804266340854182e-04
7.860496512566993209e-04
7.834276682551857308e-04
7.808144481960400778e-04
7.782099617448781561e-04
7.756141796655411161e-04
7.730270728205196036e-04
7.704486121700672083e-04
7.678787687719398208e-04
7.653175137813291720e-04
7.627648184503466435e-04
7.602206541274143803e-04
7.576849922575456652e-04
7.551578043817019871e-04
7.526390621361778643e-04
7.501287372529944104e-04
7.476268015587652586e-04
7.451332269749110166e-04
7.426479855173797598e-04
7.401710492956373134e-04
7.377023905134216407e-04
7.352419814676415099e-04
7.327897945481588954e-04
7.303458022376426101e-04
7.279099771112974718e-04
7.254822918364034088e-04
7.230627191720355191e-04
7.206512319687697092e-04
7.182478031683044162e-04
7.158524058036105529e-04
7.134650129976351273e-04
7.110855979640200684e-04
7.087141340064151678e-04
7.063505945178226789e-04
7.039949529810056277e-04
7.016471829673686994e-04
6.993072581372689707e-04
6.969751522395349575e-04
6.946508391113297891e-04
6.923342926773923744e-04
6.900254869500806621e-04
6.877243960292698339e-04
6.854309941012694035e-04
6.831452554397867468e-04
6.808671544044417453e-04
6.785966654409554370e-04
6.763337630811827594e-04
6.740784219421979166e-04
6.718306167262913433e-04
6.695903222208211695e-04
6.673575132978203052e-04
6.651321649135908407e-04
6.629142521085833748e-04
6.607037500070708867e-04
6.585006338167049720e-04
6.563048788285469597e-04
6.541164604163662161e-04
6.519353540370236271e-04
6.497615352292714953e-04
6.475949796142776429e-04
6.454356628950410268e-04
6.432835608560386140e-04
6.411386493630800987e-04
6.390009043629157458e-04
6.368703018830331039e-04
6.347468180316088657e-04
6.326304289965850201e-04
6.305211110463329258e-04
6.284188405284263194e-04
6.263235938701273639e-04
6.242353475776964448e-04
6.221540782360792700e-04
6.200797625092995674e-04
6.180123771391335397e-04
6.159518989456889363e-04
6.138983048268608928e-04
6.118515717579123443e-04
6.098116767916238624e-04
6.077785970576325084e-04
6.057523097622358101e-04
6.037327921883500195e-04
6.017200216952567349e-04
5.997139757177618853e-04
5.977146317668387710e-04
5.957219674287489919e-04
5.937359603648170421e-04
5.917565883115296233e-04
5.897838290799128783e-04
5.878176605555594965e-04
5.858580606981764931e-04
5.839050075415736082e-04
5.819584791929127135e-04
5.800184538332166283e-04
5.780849097163424889e-04
5.761578251694182478e-04
5.742371785919274992e-04
5.723229484561276554e-04
5.704151133062663939e-04
5.685136517588009917e-04
5.666185425016425281e-04
5.647297642944567502e-04
5.628472959677533437e-04
5.609711164235881703e-04
5.591012046344593332e-04
5.572375396433266927e-04
5.553801005635641613e-04
5.535288665787037234e-04
5.516838169419665183e-04
5.498449309760113047e-04
5.480121880730172944e-04
5.461855676944162453e-04
5.443650493702586373e-04
5.425506126992639790e-04
5.407422373487952207e-04
5.389399030539651549e-04
5.371435896184480500e-04
5.353532769130996778e-04
5.335689448765741161e-04
5.317905735147574701e-04
5.300181429003048093e-04
5.282516331732385389e-04
5.264910245396335880e-04
5.247362972721576670e-04
5.229874317096779197e-04
5.212444082568203031e-04
5.195072073841776458e-04
5.177758096274555138e-04
5.160501955878707631e-04
5.143303459316186542e-04
5.126162413896911399e-04
5.109078627576628439e-04
5.092051908956867238e-04
5.075082067276412380e-04
5.058168912417898653e-04
5.041312254899804222e-04
5.024511905874381968e-04
5.007767677129068952e-04
4.991079381080103716e-04
4.974446830774842138e-04
4.957869839885663136e-04
4.941348222710295005e-04
4.924881794168244065e-04
4.908470369799985836e-04
4.892113765761974464e-04
4.875811798831428926e-04
4.859564286395761518e-04
4.843371046456348712e-04
4.827231897622512747e-04
4.811146659114673408e-04
4.795115150754424862e-04
4.779137192973400639e-04
4.763212606799611601e-04
4.747341213863739192e-04
4.731522836391973742e-04
4.715757297208609503e-04
4.700044419731758800e-04
4.684384027967944029e-04
4.668775946516574328e-04
4.653220000564733819e-04
4.637716015883308835e-04
4.622263818829120546e-04
4.606863236337522031e-04
4.591514095928287656e-04
4.576216225695571745e-04
4.560969454311576969e-04
4.545773611021636414e-04
4.530628525641110585e-04
4.515534028560347097e-04
4.500489950734181798e-04
4.485496123685016280e-04
4.470552379499798915e-04
4.455658550826766288e-04
4.440814470876744240e-04
4.426019973417804915e-04
4.411274892776128709e-04
4.396579063831211002e-04
4.381932322016843370e-04
4.367334503318417711e-04
4.352785444269242671e-04
4.338284981952449668e-04
4.323832953995307882e-04
4.309429198568376406e-04
4.295073554385167060e-04
4.280765860700668792e-04
4.266505957306042135e-04
4.252293684530491081e-04
4.238128883236521867e-04
4.224011394821853334e-04
4.209941061212914433e-04
4.195917724868979907e-04
4.181941228773078173e-04
4.168011416435910715e-04
4.154128131893178441e-04
4.140291219700124891e-04
4.126500524935423106e-04
4.112755893196197508e-04
4.099057170594844484e-04
4.085404203760426120e-04
4.071796839835144385e-04
4.058234926474179032e-04
4.044718311840590774e-04
4.031246844608563583e-04
4.017820373956442490e-04
4.004438749570052324e-04
3.991101821635725756e-04
3.977809440843960305e-04
3.964561458384646773e-04
3.951357725944165200e-04
3.938198095707600441e-04
3.925082420354807046e-04
3.912010553057205446e-04
3.898982347479066734e-04
3.885997657774057853e-04
3.873056338585343511e-04
3.860158245041343155e-04
3.847303232754942758e-04
3.834491157825083716e-04
3.821721876828766858e-04
3.808995246827625962e-04
3.796311125357955808e-04
3.783669370434032545e-04
3.771069840545965886e-04
3.758512394657711770e-04
3.745996892204543453e-04
3.733523193093342082e-04
3.721091157697827825e-04
3.708700646862305795e-04
3.696351521894587831e-04
3.684043644565858063e-04
3.671776877113404553e-04
3.659551082231692521e-04
3.647366123078443463e-04
3.635221863266132301e-04
3.623118166866214681e-04
3.611054898403117243e-04
3.599031922855261108e-04
3.587049105654626572e-04
3.575106312682096456e-04
3.563203410266524234e-04
3.551340265185954845e-04
3.539516744663826734e-04
3.527732716365442230e-04
3.515988048404035285e-04
3.504282609329178642e-04
3.492616268133742785e-04
3.480988894246971684e-04
3.469400357535518207e-04
3.457850528302594106e-04
3.446339277283400103e-04
3.434866475648466863e-04
3.423431994996074248e-04
3.412035707356568070e-04
3.400677485188986055e-04
3.389357201375886195e-04
3.378074729228182837e-04
3.366829942479033946e-04
3.355622715285555774e-04
3.344452922225052004e-04
3.333320438294505258e-04
3.322225138908461279e-04
3.311166899900005252e-04
3.300145597515852540e-04
3.289161108417635085e-04
3.278213309679289030e-04
3.267302078785958583e-04
3.256427293634557097e-04
3.245588832526105551e-04
3.234786574173587059e-04
3.224020397693359440e-04
3.213290182606245928e-04
3.202595808835450794e-04
3.191937156708036030e-04
3.181314106949361558e-04
3.170726540685046553e-04
3.160174339436921031e-04
3.149657385124440736e-04
3.139175560060787260e-04
3.128728746955685347e-04
3.118316828906064655e-04
3.107939689406147179e-04
3.097597212334855321e-04
3.087289281961237242e-04
3.077015782942553240e-04
3.066776600318882936e-04
3.056571619518725171e-04
3.046400726350712539e-04
3.036263807005921272e-04
3.026160748057725425e-04
3.016091436458000533e-04
3.006055759534703134e-04
2.996053604994980261e-04
2.986084860921493452e-04
2.976149415770128919e-04
2.966247158370856232e-04
2.956377977923589379e-04
2.946541764000099300e-04
2.936738406541941973e-04
2.926967795858759474e-04
2.917229822625033329e-04
2.907524377883262314e-04
2.897851353037237689e-04
2.888210639858336450e-04
2.878602130476802176e-04
2.869025717381936931e-04
2.859481293427355310e-04
2.849968751821567057e-04
2.840487986130303222e-04
2.831038890276556816e-04
2.821621358536209145e-04
2.812235285540527806e-04
2.802880566271691103e-04
2.793557096064248468e-04
2.784264770600964169e-04
2.775003485915148349e-04
2.765773138386696433e-04
2.756573624743370110e-04
2.747404842054695451e-04
2.738266687738136348e-04
2.729159059553210552e-04
2.720081855599155930e-04
2.711034974319094884e-04
2.702018314492335427e-04
2.693031775239189385e-04
2.684075256016438802e-04
2.675148656616851842e-04
2.666251877166485838e-04
2.657384818129084275e-04
2.648547380298053150e-04
2.639739464799305919e-04
2.630960973089350964e-04
2.622211806953676132e-04
2.613491868507290296e-04
2.604801060190833776e-04
2.596139284772777103e-04
2.587506445343690470e-04
2.578902445322326102e-04
2.570327188446632936e-04
2.561780578777268346e-04
2.553262520697132483e-04
2.544772918905883292e-04
2.536311678425317412e-04
2.527878704591003927e-04
2.519473903057470104e-04
2.511097179792839474e-04
2.502748441081493005e-04
2.494427593519470457e-04
2.486134544015043387e-04
2.477869199787359890e-04
2.469631468369265699e-04
2.461421257595662018e-04
2.453238475615655096e-04
2.445083030883441334e-04
2.436954832157721548e-04
2.428853788503999205e-04
2.420779809289833788e-04
2.412732804187034950e-04
2.404712683169919383e-04
2.396719356511813189e-04
2.388752734787404595e-04
2.380812728868970387e-04
2.372899249926669729e-04
2.365012209429558435e-04
2.357151519139782253e-04
2.349317091115624828e-04
2.341508837710170883e-04
2.333726671566772892e-04
2.325970505623574380e-04
2.318240253108115470e-04
2.310535827537146944e-04
2.302857142718299911e-04
2.295204112745645193e-04
2.287576652001894518e-04
2.279974675153060291e-04
2.272398097153888522e-04
2.264846833240268876e-04
2.257320798931869551e-04
2.249819910032907337e-04
2.242344082625436397e-04
2.234893233074875809e-04
2.227467278023020252e-04
2.220066134394371206e-04
2.212689719386707373e-04
2.205337950476825531e-04
2.198010745417009555e-04
2.190708022233065844e-04
2.183429699226677395e-04
2.176175694970246797e-04
2.168945928309593723e-04
2.161740318361759150e-04
2.154558784513797289e-04
2.147401246420728882e-04
2.140267624007841335e-04
2.133157837468065219e-04
2.126071807257980345e-04
2.119009454102856486e-04
2.111970698991989142e-04
2.104955463178841569e-04
2.097963668178351893e-04
2.090995235769743091e-04
2.084050087992125194e-04
2.077128147145732636e-04
2.070229335789979734e-04
2.063353576742642118e-04
2.056500793079838840e-04
2.049670908135097793e-04
2.042863845496377406e-04
2.036079529008638102e-04
2.029317882770180406e-04
2.022578831133322837e-04
2.015862298701508453e-04
2.009168210333158908e-04
2.002496491135019900e-04
1.995847066464965451e-04
1.989219861929272229e-04
1.982614803382954022e-04
1.976031816930688191e-04
1.969470828921088908e-04
1.962931765950019943e-04
1.956414554858840150e-04
1.949919122732737050e-04
1.943445396900070885e-04
1.936993304932670612e-04
1.930562774643639198e-04
1.924153734087827696e-04
1.917766111559375184e-04
1.911399835593523993e-04
1.905054834961288416e-04
1.898731038674704137e-04
1.892428375980126246e-04
1.886146776363629637e-04
1.879886169543300615e-04
1.873646485472923984e-04
1.867427654341427404e-04
1.861229606569164198e-04
1.855052272810348739e-04
1.848895583949260939e-04
1.842759471102838834e-04
1.836643865616253968e-04
1.830548699064186676e-04
1.824473903250685685e-04
1.818419410207107044e-04
1.812385152191412646e-04
1.806371061688643751e-04
1.800377071407494099e-04
1.794403114283620786e-04
1.788449123474282888e-04
1.782515032361808199e-04
1.776600774550530083e-04
1.770706283865296432e-04
1.764831494353803949e-04
1.758976340281648764e-04
1.753140756136815307e-04
1.747324676622369322e-04
1.741528036662248595e-04
1.735750771397575308e-04
1.729992816184006252e-04
1.724254106594406738e-04
1.718534578417248149e-04
1.712834167654079035e-04
1.707152810520262372e-04
1.701490443444998604e-04
1.695847003069726982e-04
1.690222426246166957e-04
1.684616650037878342e-04
1.679029611717826743e-04
1.673461248769260131e-04
1.667911498884037003e-04
1.662380299961032065e-04
1.656867590105984170e-04
1.651373307635022687e-04
1.645897391064075118e-04
1.640439779120455048e-04
1.635000410732199831e-04
1.629579225032145022e-04
1.624176161356218658e-04
1.618791159243703089e-04
1.613424158434148797e-04
1.608075098870139928e-04
1.602743920693220671e-04
1.597430564245482529e-04
1.592134970066973079e-04
1.586857078898218365e-04
1.581596831675973912e-04
1.576354169534814706e-04
1.571129033805401560e-04
1.565921366014613378e-04
1.560731107884315782e-04
1.555558201330820630e-04
1.550402588464410054e-04
1.545264211588745300e-04
1.540143013199182689e-04
1.535038935984352757e-04
1.529951922823131539e-04
1.524881916785722870e-04
1.519828861131279651e-04
1.514792699310175787e-04
1.509773374959367707e-04
1.504770831905461565e-04
1.499785014162085140e-04
1.494815865929041069e-04
1.489863331593994141e-04
1.484927355728758985e-04
1.480007883089629397e-04
1.475104858619741093e-04
1.470218227443549316e-04
1.465347934869743992e-04
1.460493926388995941e-04
1.455656147674744283e-04
1.450834544580926382e-04
1.446029063141392385e-04
1.441239649572592955e-04
1.436466250269031585e-04
1.431708811802486956e-04
1.426967280925901154e-04
1.422241604568636288e-04
1.417531729836882964e-04
1.412837604012053764e-04
1.408159174556034856e-04
1.403496389099877489e-04
1.398849195454999702e-04
1.394217541602978832e-04
1.389601375700402774e-04
1.385000646077825625e-04
1.380415301236447045e-04
1.375845289849883296e-04
1.371290560764950044e-04
1.366751062995350669e-04
1.362226745728289088e-04
1.357717558318871209e-04
1.353223450291613590e-04
1.348744371340008413e-04
1.344280271324240145e-04
1.339831100272236139e-04
1.335396808378672682e-04
1.330977346004935701e-04
1.326572663677721595e-04
1.322182712088417888e-04
1.317807442092687703e-04
1.313446804712477441e-04
1.309100751129175187e-04
1.304769232690206190e-04
1.300452200904530435e-04
1.296149607441865546e-04
1.291861404134947075e-04
1.287587542976020838e-04
1.283327976117308578e-04
1.279082655871038323e-04
1.274851534709400477e-04
1.270634565261674956e-04
1.266431700315691063e-04
1.262242892817734790e-04
1.258068095869943484e-04
1.253907262731141219e-04
1.249760346816306455e-04
1.245627301696005545e-04
1.241508081094538202e-04
1.237402638892449059e-04
1.233310929122481421e-04
1.229232905972501091e-04
1.225168523779864482e-04
1.221117737039282604e-04
1.217080500392791109e-04
1.213056768635318488e-04
1.209046496713161404e-04
1.205049639722533358e-04
1.201066152909823810e-04
1.197095991669483038e-04
1.193139111545869888e-04
1.189195468231341274e-04
1.185265017565938846e-04
1.181347715536997997e-04
1.177443518278935362e-04
1.173552382072230884e-04
1.169674263342672399e-04
1.165809118663774355e-04
1.161956904751152022e-04
1.158117578464858626e-04
1.154291096810700621e-04
1.150477416937363876e-04
1.146676496135014647e-04
1.142888291838686760e-04
1.139112761623616699e-04
1.135349863205958225e-04
1.131599554445137133e-04
1.127861793339324432e-04
1.124136538028259476e-04
1.120423746789470299e-04
1.116723378041318458e-04
1.113035390339785463e-04
1.109359742379536915e-04
1.105696392992959470e-04
1.102045301149747077e-04
1.098406425956924965e-04
1.094779726657085919e-04
1.091165162628448285e-04
1.087562693386570227e-04
1.083972278579403871e-04
1.080393877992473045e-04
1.076827451542538964e-04
1.073272959281877951e-04
1.069730361395762158e-04
1.066199618202436116e-04
1.062680690151039138e-04
1.059173537823861135e-04
1.055678121934609109e-04
1.052194403327841885e-04
1.048722342978793511e-04
1.045261901992669215e-04
1.041813041604333959e-04
1.038375723178479142e-04
1.034949908207364472e-04
1.031535558313814298e-04
1.028132635246067650e-04
1.024741100882344219e-04
1.021360917226691591e-04
1.017992046408865717e-04
1.014634450687461543e-04
1.011288092444976910e-04
1.007952934190268953e-04
1.004628938557483445e-04
1.001316068303486598e-04
9.980142863119005961e-05
9.947235555886540322e-05
9.914438392626843336e-05
9.881751005875456350e-05
9.849173029372454413e-05
9.816704098094950664e-05
9.784343848235599306e-05
9.752091917193528975e-05
9.719947943579506245e-05
9.687911567204531178e-05
9.655982429097099181e-05
9.624160171470586846e-05
9.592444437727282473e-05
9.560834872472267923e-05
9.529331121473705649e-05
9.497932831715033542e-05
9.466639651315441413e-05
9.435451229609634392e-05
9.404367217063084911e-05
9.373387265334799873e-05
9.342511027234082677e-05
9.311738156729239355e-05
9.281068308937026579e-05
9.250501140136014450e-05
9.220036307743152823e-05
9.189673470316382881e-05
9.159412287559278874e-05
9.129252420294876836e-05
9.099193530501797488e-05
9.069235281258657838e-05
9.039377336796123729e-05
9.009619362429811275e-05
8.979961024624208714e-05
8.950401990942298948e-05
8.920941930047222444e-05
8.891580511715276817e-05
8.862317406833095188e-05
8.833152287367934989e-05
8.804084826390373014e-05
8.775114698052742003e-05
8.746241577614960396e-05
8.717465141384898506e-05
8.688785066779930032e-05
8.660201032284404229e-05
8.631712717450177165e-05
8.603319802895268667e-05
8.575021970316033847e-05
8.546818902450938548e-05
8.518710283112749311e-05
8.490695797166239467e-05
8.462775130512877487e-05
8.434947970118871234e-05
8.407214003986935333e-05
8.379572921156323699e-05
8.352024411706195984e-05
8.324568166746704081e-05
8.297203878435970730e-05
8.269931239919542246e-05
8.242749945402237243e-05
8.215659690103893566e-05
8.188660170235868212e-05
8.161751083044616831e-05
8.134932126777198486e-05
8.108203000701082663e-05
8.081563405063810180e-05
8.055013041121826187e-05
8.028551611135407453e-05
8.002178818344137716e-05
7.975894366992147908e-05
7.949697962298457805e-05
7.923589310462634205e-05
7.897568118673529600e-05
7.871634095088052144e-05
7.845786948841873500e-05
7.820026390037331855e-05
7.794352129740543880e-05
7.768763879991407849e-05
7.743261353773405896e-05
7.717844265041195605e-05
7.692512328702797927e-05
7.667265260594352885e-05
7.642102777537349186e-05
7.617024597263127156e-05
7.592030438459233810e-05
7.567120020755362098e-05
7.542293064697445253e-05
7.517549291788894422e-05
7.492888424435396508e-05
7.468310185996374475e-05
7.443814300720894732e-05
7.419400493802478982e-05
7.395068491342307745e-05
7.370818020357812667e-05
7.346648808768487025e-05
7.322560585398510847e-05
7.298553079997537778e-05
7.274626023188391819e-05
7.250779146520797667e-05
7.227012182406567116e-05
7.203324864174905562e-05
7.179716926041890355e-05
7.156188103090690891e-05
7.132738131308918015e-05
7.109366747551935982e-05
7.086073689553079699e-05
7.062858695933965495e-05
7.039721506166829999e-05
7.016661860605370271e-05
6.993679500464356738e-05
6.970774167821687755e-05
6.947945605621017441e-05
6.925193557642985017e-05
6.902517768559122697e-05
6.879917983846570986e-05
6.857393949871731656e-05
6.834945413814978038e-05
6.812572123725102295e-05
6.790273828468830909e-05
6.768050277773005562e-05
6.745901222167072990e-05
6.723826413042117078e-05
6.701825602615255019e-05
6.679898543901921038e-05
6.658044990774132773e-05
6.636264697901475443e-05
6.614557420782835083e-05
6.592922915730043364e-05
6.571360939858569708e-05
6.549871251109544153e-05
6.528453608224622827e-05
6.507107770736723451e-05
6.485833498997555934e-05
6.464630554148911347e-05
6.443498698136042335e-05
6.422437693690586930e-05
6.401447304326033879e-05
6.380527294371347814e-05
6.359677428917462523e-05
6.338897473842811201e-05
6.318187195814444531e-05
6.297546362262701014e-05
6.276974741415306479e-05
6.256472102248781500e-05
6.236038214527013241e-05
6.215672848769664518e-05
6.195375776264507950e-05
6.175146769066728008e-05
6.154985599990443908e-05
6.134892042601735478e-05
6.114865871224306763e-05
6.094906860925898936e-05
6.075014787548507013e-05
6.055189427648889004e-05
6.035430558552460923e-05
6.015737958311179602e-05
5.996111405735869530e-05
5.976550680352774812e-05
5.957055562437253455e-05
