5.993597598409031169e-02
5.916013811200345612e-02
5.838301101629771173e-02
5.760567408815375073e-02
5.682899997360840727e-02
5.605372803159561906e-02
5.528071483941808528e-02
5.451096616303787584e-02
5.374551291082978188e-02
5.298536008160966565e-02
5.223153160144354545e-02
5.148509839808988048e-02
5.074715548714506252e-02
5.001879714591468684e-02
4.930111485297321294e-02
4.859519871794966417e-02
4.790212844411073645e-02
4.722296082703571207e-02
4.655872089949265186e-02
4.591039463229563966e-02
4.527892013199005805e-02
4.466517808551181967e-02
4.406998298210759724e-02
4.349407518494653041e-02
4.293811348138730499e-02
4.240266826457417954e-02
4.188821571524022069e-02
4.139513316391013609e-02
4.092369568768719490e-02
4.047407401768083474e-02
4.004633384548360320e-02
3.964043657108103774e-02
3.925624147906339734e-02
3.889350929147532970e-02
3.855190701399316411e-02
3.823101395881209341e-02
3.793032879576487687e-02
3.764927745791031566e-02
3.738722171047805659e-02
3.714346818225956054e-02
3.691727765604511935e-02
3.670787441933674733e-02
3.651445548788803674e-02
3.633619953167810390e-02
3.617227535449567266e-02
3.602184980293181293e-02
3.588409500701522648e-02
3.575819488159175802e-02
3.564335084368060180e-02
3.553878672553671680e-02
3.544375288517873090e-02
3.535752953513494196e-02
3.527942932600650755e-02
3.520879923379523213e-02
3.514502180908207069e-02
3.508751585206261459e-02
3.503573658083427439e-02
3.498917536094318242e-02
3.494735906320040053e-02
3.490984911384715367e-02
3.487624029723203345e-02
3.484615936629526650e-02
3.481926351076081172e-02
3.479523872732634415e-02
3.477379813045215068e-02
3.475468023679943730e-02
3.473764725113530349e-02
3.472248337659263745e-02
3.470899316769909121e-02
3.469699994060663345e-02
3.468634425135200261e-02
3.467688244995880548e-02
3.466848531549493462e-02
3.466103677505016911e-02
3.465443270765099226e-02
3.464857983276987963e-02
3.464339468175851866e-02
3.463880264972520745e-02
3.463473712459014253e-02
3.463113868964190489e-02
3.462795439548940757e-02
3.462513709721273120e-02
3.462264485233994271e-02
3.462044037532954061e-02
3.461849054430584521e-02
3.461676595591231531e-02
3.461524052429959530e-02
3.461389112050397565e-02
3.461269724864177166e-02
3.461164075555911435e-02
3.461070557087129324e-02
3.460987747447048096e-02
3.460914388883132298e-02
3.460849369372840517e-02
3.460791706101916387e-02
3.460740530755278266e-02
3.460695076426345551e-02
3.460654665979814165e-02
3.460618701712048217e-02
3.460586656173128550e-02
3.460558064023459141e-02
3.460532514814020077e-02
3.460509646587953819e-02
3.460489140215618209e-02
3.460470714377938961e-02
3.460454121128825333e-02
3.460439141970036298e-02
3.460425584381892489e-02
3.460413278756614003e-02
3.460402075689898022e-02
3.460391843588520033e-02
3.460382466558946379e-02
3.460373842543564699e-02
3.460365881675328548e-02
3.460358504828417447e-02
3.460351642338103939e-02
3.460345232872854421e-02
3.460339222440245860e-02
3.460333563510591820e-02
3.460328214244396544e-02
3.460323137811862487e-02
3.460318301793887524e-02
3.460313677653747977e-02
3.460309240272199660e-02
3.460304967538031795e-02
3.460300839987786453e-02
3.460296840487588760e-02
3.460292953954974271e-02
3.460289167111280789e-02
3.460285468266950659e-02
3.460281847129381694e-02
3.460278294636716379e-02
3.460274802808863126e-02
3.460271364618405787e-02
3.460267973876508807e-02
3.460264625131850846e-02
3.460261313582571607e-02
3.460258034997973353e-02
3.460254785650524606e-02
3.460251562255332175e-02
3.460248361917258458e-02
3.460245182084038806e-02
3.460242020505681360e-02
3.460238875197803321e-02
3.460235744409933395e-02
3.460232626598522265e-02
3.460229520400599085e-02
3.460226424613961627e-02
3.460223338176644792e-02
3.460220260150929927e-02
3.460217189708875846e-02
3.460214126118447975e-02
3.460211068732452905e-02
3.460208016978850304e-02
3.460204970351721254e-02
3.460201928402770882e-02
3.460198890735879940e-02
3.460195856999687819e-02
3.460192826882722839e-02
3.460189800109471359e-02
3.460186776434943934e-02
3.460183755641737385e-02
3.460180737537005280e-02
3.460177721949341673e-02
3.460174708726571069e-02
3.460171697732531554e-02
3.460168688846796542e-02
3.460165681961660522e-02
3.460162676981302921e-02
3.460159673819990234e-02
3.460156672401106664e-02
3.460153672656388069e-02
3.460150674524629932e-02
3.460147677951275202e-02
3.460144682886947404e-02
3.460141689287669908e-02
3.460138697113857020e-02
3.460135706329921929e-02
3.460132716903808331e-02
3.460129728806543570e-02
3.460126742012237938e-02
3.460123756497308911e-02
3.460120772240445064e-02
3.460117789222649787e-02
3.460114807425845179e-02
3.460111826834683102e-02
3.460108847434388568e-02
3.460105869212013602e-02
3.460102892155780124e-02
3.460099916254578273e-02
3.460096941498166934e-02
3.460093967877769794e-02
3.460090995384790258e-02
3.460088024011707952e-02
3.460085053751347367e-02
3.460082084597286556e-02
3.460079116543375577e-02
3.460076149583998090e-02
3.460073183714373196e-02
3.460070218929515995e-02
3.460067255224967553e-02
3.460064292596727598e-02
3.460061331041051902e-02
3.460058370554227464e-02
3.460055411132943043e-02
3.460052452774280141e-02
3.460049495475160664e-02
3.460046539232994323e-02
3.460043584045066623e-02
3.460040629909139076e-02
3.460037676822726865e-02
3.460034724783844079e-02
3.460031773790721299e-02
3.460028823841078405e-02
3.460025874933191775e-02
3.460022927065358606e-02
3.460019980235960052e-02
3.460017034443441802e-02
3.460014089686450078e-02
3.460011145963352852e-02
3.460008203272927491e-02
3.460005261613758459e-02
3.460002320984685575e-02
3.459999381384675637e-02
3.459996442812411643e-02
3.459993505266592551e-02
3.459990568746556389e-02
3.459987633251051381e-02
3.459984698779274004e-02
3.459981765329688680e-02
3.459978832902094875e-02
3.459975901495272732e-02
3.459972971108211254e-02
3.459970041740249858e-02
3.459967113390630122e-02
3.459964186058309132e-02
3.459961259742643652e-02
3.459958334442698319e-02
3.459955410157906225e-02
3.459952486887499234e-02
3.459949564630653701e-02
3.459946643386659082e-02
3.459943723154913081e-02
3.459940803934685727e-02
3.459937885725316437e-02
3.459934968526102994e-02
3.459932052336323061e-02
3.459929137155516587e-02
3.459926222982917521e-02
3.459923309817990178e-02
3.459920397659865809e-02
3.459917486508357759e-02
3.459914576362458499e-02
3.459911667221723247e-02
3.459908759085608687e-02
3.459905851953413991e-02
3.459902945824764459e-02
3.459900040698791340e-02
3.459897136574971444e-02
3.459894233452995294e-02
3.459891331332118347e-02
3.459888430211752880e-02
3.459885530091316719e-02
3.459882630970458062e-02
3.459879732848224199e-02
3.459876835724613048e-02
3.459873939598621939e-02
3.459871044470021889e-02
3.459868150337919862e-02
3.459865257202054262e-02
3.459862365062005979e-02
3.459859473916890305e-02
3.459856583766313110e-02
3.459853694609758140e-02
3.459850806446915228e-02
3.459847919276878847e-02
3.459845033099247236e-02
3.459842147913904514e-02
3.459839263719716174e-02
3.459836380516419230e-02
3.459833498303540450e-02
3.459830617080549009e-02
3.459827736846995960e-02
3.459824857602070841e-02
3.459821979345580056e-02
3.459819102076843594e-02
3.459816225795586675e-02
3.459813350500957202e-02
3.459810476192563822e-02
3.459807602870042936e-02
3.459804730532727024e-02
3.459801859180201833e-02
3.459798988811898374e-02
3.459796119427348271e-02
3.459793251026097721e-02
3.459790383607551367e-02
3.459787517171188792e-02
3.459784651716629744e-02
3.459781787243356582e-02
3.459778923750750357e-02
3.459776061238385714e-02
3.459773199705745012e-02
3.459770339152318935e-02
3.459767479577662008e-02
3.459764620981096300e-02
3.459761763362418502e-02
3.459758906721011745e-02
3.459756051056282061e-02
3.459753196367727074e-02
3.459750342655085881e-02
3.459747489917603530e-02
3.459744638154872015e-02
3.459741787366482635e-02
3.459738937551869870e-02
3.459736088710427260e-02
3.459733240842033375e-02
3.459730393945668198e-02
3.459727548021242216e-02
3.459724703068049745e-02
3.459721859085720941e-02
3.459719016073740244e-02
3.459716174031653158e-02
3.459713332958826854e-02
3.459710492854871366e-02
3.459707653719280851e-02
3.459704815551658402e-02
3.459701978351397561e-02
3.459699142117974441e-02
3.459696306851074710e-02
3.459693472550008642e-02
3.459690639214516722e-02
3.459687806843784325e-02
3.459684975437659488e-02
3.459682144995659264e-02
3.459679315516953069e-02
3.459676487001232814e-02
3.459673659448186944e-02
3.459670832857193734e-02
3.459668007227622438e-02
3.459665182559293339e-02
3.459662358851543773e-02
3.459659536103885935e-02
3.459656714315745285e-02
3.459653893486976800e-02
3.459651073616547279e-02
3.459648254704488640e-02
3.459645436750208303e-02
3.459642619753076215e-02
3.459639803712710737e-02
3.459636988628595616e-02
3.459634174500302028e-02
3.459631361327246413e-02
3.459628549108999251e-02
3.459625737845076210e-02
3.459622927535083159e-02
3.459620118178534376e-02
3.459617309774779687e-02
3.459614502323445084e-02
3.459611695824152400e-02
3.459608890276268112e-02
3.459606085679425846e-02
3.459603282033087146e-02
3.459600479336742695e-02
3.459597677590026121e-02
3.459594876792339985e-02
3.459592076943340117e-02
3.459589278042498467e-02
3.459586480089345273e-02
3.459583683083183175e-02
3.459580887023938622e-02
3.459578091910883724e-02
3.459575297743630595e-02
3.459572504521658820e-02
3.459569712244541656e-02
3.459566920911744115e-02
3.459564130522872066e-02
3.459561341077301011e-02
3.459558552574736739e-02
3.459555765014723366e-02
3.459552978396607248e-02
3.459550192719983153e-02
3.459547407984532585e-02
3.459544624189585943e-02
3.459541841334874690e-02
3.459539059419541873e-02
3.459536278443677004e-02
3.459533498406366231e-02
3.459530719307311875e-02
3.459527941146108704e-02
3.459525163922119034e-02
3.459522387634959839e-02
3.459519612284298745e-02
3.459516837869453659e-02
3.459514064389879184e-02
3.459511291845530218e-02
3.459508520235576173e-02
3.459505749559823456e-02
3.459502979817422746e-02
3.459500211008244980e-02
3.459497443131727412e-02
3.459494676187226808e-02
3.459491910174537777e-02
3.459489145093235657e-02
3.459486380942469047e-02
3.459483617722149129e-02
3.459480855431756180e-02
3.459478094070725374e-02
3.459475333638570987e-02
3.459472574134990486e-02
3.459469815559260142e-02
3.459467057911227994e-02
3.459464301190236929e-02
3.459461545395843551e-02
3.459458790527653732e-02
3.459456036585151217e-02
3.459453283567959225e-02
3.459450531475415785e-02
3.459447780307336323e-02
3.459445030063269810e-02
3.459442280742343334e-02
3.459439532344538160e-02
3.459436784869089621e-02
3.459434038315881144e-02
3.459431292683998876e-02
3.459428547973422696e-02
3.459425804183378222e-02
3.459423061313627451e-02
3.459420319363751967e-02
3.459417578332883714e-02
3.459414838221060162e-02
3.459412099027540932e-02
3.459409360752103979e-02
3.459406623394033209e-02
3.459403886952790858e-02
3.459401151428388027e-02
3.459398416819985111e-02
3.459395683127218513e-02
3.459392950349732959e-02
3.459390218487096158e-02
3.459387487538606587e-02
3.459384757503963792e-02
3.459382028382857605e-02
3.459379300174519889e-02
3.459376572878683498e-02
3.459373846495004956e-02
3.459371121022897233e-02
3.459368396461866280e-02
3.459365672811443720e-02
3.459362950071402654e-02
3.459360228241174090e-02
3.459357507320158509e-02
3.459354787308158846e-02
3.459352068204452763e-02
3.459349350008963236e-02
3.459346632720782660e-02
3.459343916339784053e-02
3.459341200865363730e-02
3.459338486297278137e-02
3.459335772634922201e-02
3.459333059877866406e-02
3.459330348025697888e-02
3.459327637077889983e-02
3.459324927033938929e-02
3.459322217893704560e-02
3.459319509656488822e-02
3.459316802321862894e-02
3.459314095889390317e-02
3.459311390358747740e-02
3.459308685729350907e-02
3.459305982000909080e-02
3.459303279172608325e-02
3.459300577244563135e-02
3.459297876215820799e-02
3.459295176086173151e-02
3.459292476855482801e-02
3.459289778522686015e-02
3.459287081087683569e-02
3.459284384550006392e-02
3.459281688909121577e-02
3.459278994164806387e-02
3.459276300316402319e-02
3.459273607363694270e-02
3.459270915305923122e-02
3.459268224142771769e-02
3.459265533874048004e-02
3.459262844498991324e-02
3.459260156017334581e-02
3.459257468428433846e-02
3.459254781732080258e-02
3.459252095927795034e-02
3.459249411015052900e-02
3.459246726993551319e-02
3.459244043862784446e-02
3.459241361622249905e-02
3.459238680271628508e-02
3.459235999810160445e-02
3.459233320237864451e-02
3.459230641554163210e-02
3.459227963758552959e-02
3.459225286850536180e-02
3.459222610829709027e-02
3.459219935695601045e-02
3.459217261448092884e-02
3.459214588086353265e-02
3.459211915610092836e-02
3.459209244019065960e-02
3.459206573312417765e-02
3.459203903490236376e-02
3.459201234551466386e-02
3.459198566496123756e-02
3.459195899323761619e-02
3.459193233033856785e-02
3.459190567625925611e-02
3.459187903099776584e-02
3.459185239454582589e-02
3.459182576690207622e-02
3.459179914806100042e-02
3.459177253801774821e-02
3.459174593677164650e-02
3.459171934431367473e-02
3.459169276064100185e-02
3.459166618575167107e-02
3.459163961963889616e-02
3.459161306229768112e-02
3.459158651372709614e-02
3.459155997392038967e-02
3.459153344287319021e-02
3.459150692058157728e-02
3.459148040704282390e-02
3.459145390225092098e-02
3.459142740620048395e-02
3.459140091888984053e-02
3.459137444031457065e-02
3.459134797046871379e-02
3.459132150934848826e-02
3.459129505695010542e-02
3.459126861326890234e-02
3.459124217830213122e-02
3.459121575204403970e-02
3.459118933448975669e-02
3.459116292563518130e-02
3.459113652547912698e-02
3.459111013401411361e-02
3.459108375123479823e-02
3.459105737714267270e-02
3.459103101172812667e-02
3.459100465498735066e-02
3.459097830691979653e-02
3.459095196751826168e-02
3.459092563677709786e-02
3.459089931469648549e-02
3.459087300126827136e-02
3.459084669649051258e-02
3.459082040035858091e-02
3.459079411286869465e-02
3.459076783401397737e-02
3.459074156379462334e-02
3.459071530220263896e-02
3.459068904923457560e-02
3.459066280488851119e-02
3.459063656915789542e-02
3.459061034203889107e-02
3.459058412352733480e-02
3.459055791362047882e-02
3.459053171231246671e-02
3.459050551960002329e-02
3.459047933547978321e-02
3.459045315994395409e-02
3.459042699299361839e-02
3.459040083462012333e-02
3.459037468482090844e-02
3.459034854359367001e-02
3.459032241093033810e-02
3.459029628683036456e-02
3.459027017128845499e-02
3.459024406429914156e-02
3.459021796586125158e-02
3.459019187596810985e-02
3.459016579461526852e-02
3.459013972180016022e-02
3.459011365751862854e-02
3.459008760176426889e-02
3.459006155453631104e-02
3.459003551582787855e-02
3.459000948563749345e-02
3.458998346395731477e-02
3.458995745078561473e-02
3.458993144612001330e-02
3.458990544995261401e-02
3.458987946228177235e-02
3.458985348310313762e-02
3.458982751241147097e-02
3.458980155020337927e-02
3.458977559647577471e-02
3.458974965122247475e-02
3.458972371443928828e-02
3.458969778612591001e-02
3.458967186627462387e-02
3.458964595488247390e-02
3.458962005194465839e-02
3.458959415745876259e-02
3.458956827141904805e-02
3.458954239382159429e-02
3.458951652466197429e-02
3.458949066393841865e-02
3.458946481164525133e-02
3.458943896777812166e-02
3.458941313233321324e-02
3.458938730530655703e-02
3.458936148669380928e-02
3.458933567649240259e-02
3.458930987469670260e-02
3.458928408130201859e-02
3.458925829630604687e-02
3.458923251970427715e-02
3.458920675149117913e-02
3.458918099166573279e-02
3.458915524022133925e-02
3.458912949715520213e-02
3.458910376246160379e-02
3.458907803614030135e-02
3.458905231818149018e-02
3.458902660858595435e-02
3.458900090734817745e-02
3.458897521446284429e-02
3.458894952992885852e-02
3.458892385373847633e-02
3.458889818589214876e-02
3.458887252638166709e-02
3.458884687520616397e-02
3.458882123235724332e-02
3.458879559783678559e-02
3.458876997163690126e-02
3.458874435375450945e-02
3.458871874418602277e-02
3.458869314292627173e-02
3.458866754997304976e-02
3.458864196532254048e-02
3.458861638896616741e-02
3.458859082090613712e-02
3.458856526113603114e-02
3.458853970964986813e-02
3.458851416644631582e-02
3.458848863152069741e-02
3.458846310486762138e-02
3.458843758648513789e-02
3.458841207636947218e-02
3.458838657451360210e-02
3.458836108091700029e-02
3.458833559557452503e-02
3.458831011848143705e-02
3.458828464963397548e-02
3.458825918902930924e-02
3.458823373666228274e-02
3.458820829252897550e-02
3.458818285662748626e-02
3.458815742895041817e-02
3.458813200949763245e-02
3.458810659826117018e-02
3.458808119524104524e-02
3.458805580043036038e-02
3.458803041382863680e-02
3.458800503542731886e-02
3.458797966522364487e-02
3.458795430321736503e-02
3.458792894940022206e-02
3.458790360376984979e-02
3.458787826632406248e-02
3.458785293705724656e-02
3.458782761596550931e-02
3.458780230304545067e-02
3.458777699829319180e-02
3.458775170170304974e-02
3.458772641327363673e-02
3.458770113299928367e-02
3.458767586087818646e-02
3.458765059690301069e-02
3.458762534107285430e-02
3.458760009338467112e-02
3.458757485383033570e-02
3.458754962241070152e-02
3.458752439911815663e-02
3.458749918395059852e-02
3.458747397690384306e-02
3.458744877797305384e-02
3.458742358715681531e-02
3.458739840444972208e-02
3.458737322984719448e-02
3.458734806334693573e-02
3.458732290494370698e-02
3.458729775463413592e-02
3.458727261241523881e-02
3.458724747828127027e-02
3.458722235223110619e-02
3.458719723425723869e-02
3.458717212436029920e-02
3.458714702253214840e-02
3.458712192877190506e-02
3.458709684307294252e-02
3.458707176543661388e-02
3.458704669585303815e-02
3.458702163432089000e-02
3.458699658083733142e-02
3.458697153539597863e-02
3.458694649799724796e-02
3.458692146863320133e-02
3.458689644730301299e-02
3.458687143399977182e-02
3.458684642872075082e-02
3.458682143146395854e-02
3.458679644222307364e-02
3.458677146099629202e-02
3.458674648777924909e-02
3.458672152256803828e-02
3.458669656535920400e-02
3.458667161614696617e-02
3.458664667493002026e-02
3.458662174170339804e-02
3.458659681646434475e-02
3.458657189920789216e-02
3.458654698993015447e-02
3.458652208862819655e-02
3.458649719529667543e-02
3.458647230993387028e-02
3.458644743253471571e-02
3.458642256309583940e-02
3.458639770161407029e-02
3.458637284808458584e-02
3.458634800250480479e-02
3.458632316487023073e-02
3.458629833517661706e-02
3.458627351342046657e-02
3.458624869959749104e-02
3.458622389370650391e-02
3.458619909574087853e-02
3.458617430569827650e-02
3.458614952357350752e-02
3.458612474936600956e-02
3.458609998306858002e-02
3.458607522467931766e-02
3.458605047419308076e-02
3.458602573160739213e-02
3.458600099691896274e-02
3.458597627012313658e-02
3.458595155121416131e-02
3.458592684019231450e-02
3.458590213705238503e-02
3.458587744179145163e-02
3.458585275440219375e-02
3.458582807488536776e-02
3.458580340323311186e-02
3.458577873944525954e-02
3.458575408351662744e-02
3.458572943544226119e-02
3.458570479522110608e-02
3.458568016284747221e-02
3.458565553832049916e-02
3.458563092163113861e-02
3.458560631278038977e-02
3.458558171176254192e-02
3.458555711857337622e-02
3.458553253321147714e-02
3.458550795567147396e-02
3.458548338594999438e-02
3.458545882404363142e-02
3.458543426994842990e-02
3.458540972366162813e-02
3.458538518517779992e-02
3.458536065449391989e-02
3.458533613160809372e-02
3.458531161651368785e-02
3.458528710920850957e-02
3.458526260968954047e-02
3.458523811795179148e-02
3.458521363399242460e-02
3.458518915780743608e-02
3.458516468939349525e-02
3.458514022874605021e-02
3.458511577586473318e-02
3.458509133074032932e-02
3.458506689337563500e-02
3.458504246375972840e-02
3.458501804189506590e-02
3.458499362777568004e-02
3.458496922139727564e-02
3.458494482275672327e-02
3.458492043185109471e-02
3.458489604867637235e-02
3.458487167322878836e-02
3.458484730550733660e-02
3.458482294550190711e-02
3.458479859321390154e-02
3.458477424863886512e-02
3.458474991177304392e-02
3.458472558261378726e-02
3.458470126115397586e-02
3.458467694739410236e-02
3.458465264132876832e-02
3.458462834295348426e-02
3.458460405226704976e-02
3.458457976926321287e-02
3.458455549393973927e-02
3.458453122629356197e-02
3.458450696632014293e-02
3.458448271401642210e-02
3.458445846937727858e-02
3.458443423240168541e-02
3.458441000308530577e-02
3.458438578142189468e-02
3.458436156741100803e-02
3.458433736104763595e-02
3.458431316232959962e-02
3.458428897125257612e-02
3.458426478781100044e-02
3.458424061200562893e-02
3.458421644382759369e-02
3.458419228327712369e-02
3.458416813034975723e-02
3.458414398504202486e-02
3.458411984735004774e-02
3.458409571727023846e-02
3.458407159479791326e-02
3.458404747993194805e-02
3.458402337266643783e-02
3.458399927300003646e-02
3.458397518092889283e-02
3.458395109644681054e-02
3.458392701955244342e-02
3.458390295024324490e-02
3.458387888851306019e-02
3.458385483436052232e-02
3.458383078778018427e-02
3.458380674877037375e-02
3.458378271732753806e-02
3.458375869344631343e-02
3.458373467712434757e-02
3.458371066835671387e-02
3.458368666714338457e-02
3.458366267347704609e-02
3.458363868735695595e-02
3.458361470877666100e-02
3.458359073773632775e-02
3.458356677423070347e-02
3.458354281825379989e-02
3.458351886980647050e-02
3.458349492888152660e-02
3.458347099547708081e-02
3.458344706959098208e-02
3.458342315121765848e-02
3.458339924035522955e-02
3.458337533699896993e-02
3.458335144114397380e-02
3.458332755278997750e-02
3.458330367193188093e-02
3.458327979856655465e-02
3.458325593269012677e-02
3.458323207429918333e-02
3.458320822338935285e-02
3.458318437995978184e-02
3.458316054400426692e-02
3.458313671552208646e-02
3.458311289450669013e-02
3.458308908095534401e-02
3.458306527486739584e-02
3.458304147623567776e-02
3.458301768505814278e-02
3.458299390133336149e-02
3.458297012505401336e-02
3.458294635621934204e-02
3.458292259482492054e-02
3.458289884086840349e-02
3.458287509434421897e-02
3.458285135525006326e-02
3.458282762358326490e-02
3.458280389934201976e-02
3.458278018251879915e-02
3.458275647311095241e-02
3.458273277111838934e-02
3.458270907653401838e-02
3.458268538935433539e-02
3.458266170957920854e-02
3.458263803720295487e-02
3.458261437222335394e-02
3.458259071463555545e-02
3.458256706443646467e-02
3.458254342162223743e-02
3.458251978619189537e-02
3.458249615813924899e-02
3.458247253746230682e-02
3.458244892415704430e-02
3.458242531821903443e-02
3.458240171964836046e-02
3.458237812843686920e-02
3.458235454458646191e-02
3.458233096808859680e-02
3.458230739894412042e-02
3.458228383714513632e-02
3.458226028269312247e-02
3.458223673558102895e-02
3.458221319580853659e-02
3.458218966337054529e-02
3.458216613826156638e-02
3.458214262048311949e-02
3.458211911002606609e-02
3.458209560689284867e-02
3.458207211107496015e-02
3.458204862257364953e-02
3.458202514138235262e-02
3.458200166749808568e-02
3.458197820091674091e-02
3.458195474163670152e-02
3.458193128965620505e-02
3.458190784496753545e-02
3.458188440756864573e-02
3.458186097745948040e-02
3.458183755463301728e-02
3.458181413908786861e-02
3.458179073081905919e-02
3.458176732982676943e-02
3.458174393610271430e-02
3.458172054964576275e-02
3.458169717045208452e-02
3.458167379851952855e-02
3.458165043384505560e-02
3.458162707642297579e-02
3.458160372625282419e-02
3.458158038332791867e-02
3.458155704764993843e-02
3.458153371920928698e-02
3.458151039800714394e-02
3.458148708403909616e-02
3.458146377730281912e-02
3.458144047779189434e-02
3.458141718550353239e-02
3.458139390043787897e-02
3.458137062258838379e-02
3.458134735195362436e-02
3.458132408852945816e-02
3.458130083231267249e-02
3.458127758329916646e-02
3.458125434148651145e-02
3.458123110687055801e-02
3.458120787944880814e-02
3.458118465921785484e-02
3.458116144617601195e-02
3.458113824031679162e-02
3.458111504163930566e-02
3.458109185013877318e-02
3.458106866581282107e-02
3.458104548865762601e-02
3.458102231867021814e-02
3.458099915584710027e-02
3.458097600018517070e-02
3.458095285168204247e-02
3.458092971033231017e-02
3.458090657613421826e-02
3.458088344908315237e-02
3.458086032917806474e-02
3.458083721641510427e-02
3.458081411078890721e-02
3.458079101229875885e-02
3.458076792094025992e-02
3.458074483670837973e-02
3.458072175960316685e-02
3.458069868961977100e-02
3.458067562675513212e-02
3.458065257100557954e-02
3.458062952236858056e-02
3.458060648083982613e-02
3.458058344641717907e-02
3.458056041909723238e-02
3.458053739887529537e-02
3.458051438574949454e-02
3.458049137971643677e-02
3.458046838077268037e-02
3.458044538891512365e-02
3.458042240414152535e-02
3.458039942644690334e-02
3.458037645582859310e-02
3.458035349228319455e-02
3.458033053580805011e-02
3.458030758640098096e-02
3.458028464405610986e-02
3.458026170877135513e-02
3.458023878054411471e-02
3.458021585937100933e-02
3.458019294524822956e-02
3.458017003817315943e-02
3.458014713814133723e-02
3.458012424515320704e-02
3.458010135920057404e-02
3.458007848028299414e-02
3.458005560839772646e-02
3.458003274353883827e-02
3.458000988570664180e-02
3.457998703489593983e-02
3.457996419110379721e-02
3.457994135432644611e-02
3.457991852456206161e-02
3.457989570180668160e-02
