6.691847018743260316e-03
6.675287393693275263e-03
6.657423524406408909e-03
6.638686737234152611e-03
6.619651249610385146e-03
6.600920410665837845e-03
6.582989106130038813e-03
6.566123918343449994e-03
6.550606893980093562e-03
6.536402530516492899e-03
6.523453192429179599e-03
6.511699495460344760e-03
6.500984571606075423e-03
6.491107569482281944e-03
6.481936306525404659e-03
6.473322890026404243e-03
6.465021287436882938e-03
6.456988749363481300e-03
6.449055507469587598e-03
6.441125192495087380e-03
6.433078339954621805e-03
6.424824827793385040e-03
6.416232844850371098e-03
6.407201081813845150e-03
6.397623019396184163e-03
6.387385697829509219e-03
6.376414601192789515e-03
6.364661489746670057e-03
6.352072248999337048e-03
6.338629594647094724e-03
6.324362599042661869e-03
6.309397543547459221e-03
6.293811564606701520e-03
6.277836596653681503e-03
6.261669121169278693e-03
6.245592564185001132e-03
6.229676300912551784e-03
6.214176289934245957e-03
6.199136639808613264e-03
6.184562843570385639e-03
6.170522792838709081e-03
6.156977817302517440e-03
6.143913246831366089e-03
6.131220427726095587e-03
6.118813883145126330e-03
6.106564420998068961e-03
6.094386056118309899e-03
6.082141845137899877e-03
6.069821954956628081e-03
6.057332102814585312e-03
6.044548720748135935e-03
6.031385716906636704e-03
6.017798657796676054e-03
6.003792113938124543e-03
5.989370210403200875e-03
5.974450515897004876e-03
5.959106283470878319e-03
5.943386350463096199e-03
5.927298392378571590e-03
5.911020605856188471e-03
5.894629733243448785e-03
5.878263312228111312e-03
5.861910994089770260e-03
5.845731304429447640e-03
5.829639560328534614e-03
5.813709255118008554e-03
5.798001529474780535e-03
5.782428366412540981e-03
5.767015958670993619e-03
5.751635307077415313e-03
5.736236000216296191e-03
5.720733010358067250e-03
5.705162152302041371e-03
5.689437518457726717e-03
5.673487521416915348e-03
5.657278151114380517e-03
5.640818064215463376e-03
5.624095453251586399e-03
5.607072097010853615e-03
5.589747967581359597e-03
5.572188943923779905e-03
5.554427694358420389e-03
5.536540249072671727e-03
5.518571667448374241e-03
5.500596910586277345e-03
5.482555577961262250e-03
5.464481612050983879e-03
5.446432053503991351e-03
5.428389221164023337e-03
5.410403793782002195e-03
5.392321941158039790e-03
5.374176571419440017e-03
5.355841710341683118e-03
5.337430915972321208e-03
5.318902892979134565e-03
5.300166998371307753e-03
5.281186258980531678e-03
5.262049315403641118e-03
5.242746716143274407e-03
5.223138328062685090e-03
5.203315073260680532e-03
5.183364452044771607e-03
5.163267817106392994e-03
5.143076944657469333e-03
5.122812556565288673e-03
5.102370235097604748e-03
5.081892010832769757e-03
5.061349323740569651e-03
5.040744384440479231e-03
5.020035497731321385e-03
4.999075589229095597e-03
4.977986790772037477e-03
4.956805564054254584e-03
4.935416949062043993e-03
4.913809452185001134e-03
4.892058449193746779e-03
4.870141601997851448e-03
4.847887011323681085e-03
4.825459595255247695e-03
4.802929071490003206e-03
4.780227807941629138e-03
4.757415533629188661e-03
4.734398340070661640e-03
4.711269741420462051e-03
4.688072499771586688e-03
4.664741148068311978e-03
4.641169690382676918e-03
4.617330397951473209e-03
4.593399952884731803e-03
4.569301207485035668e-03
4.544952371934070888e-03
4.520408681193638020e-03
4.495657527597803245e-03
4.470618021507662826e-03
4.445378447782388255e-03
4.420038881706328873e-03
4.394491392319236495e-03
4.368701079528223424e-03
4.342765640622198685e-03
4.316707720893730484e-03
4.290532761174959547e-03
4.263960904990905798e-03
4.237207798965298214e-03
4.210309122209569474e-03
4.183240011838608614e-03
4.155854531810237833e-03
4.128217007662311755e-03
4.100377698628931283e-03
4.072224516674313732e-03
4.043918707659951983e-03
4.015402973989570801e-03
3.986516058453210866e-03
3.957565195552123667e-03
3.928431496456352180e-03
3.899002912011103727e-03
3.869212476114308481e-03
3.839311549162320852e-03
3.809237714499773622e-03
3.778819557523093332e-03
3.748052222150220509e-03
3.717131457568746602e-03
3.685831229708147125e-03
3.654364843762733083e-03
3.622576051496872052e-03
3.590497664403726266e-03
3.558337097106587486e-03
3.525771871601341909e-03
3.492839917219953388e-03
3.459767280707393405e-03
3.426523495493516772e-03
3.392829780425768698e-03
3.358810692596634392e-03
3.324605179582290453e-03
3.290037213942647448e-03
3.255153722262103637e-03
3.220056217880126487e-03
3.184659285188514138e-03
3.148930891656249141e-03
3.112783081504086943e-03
3.076474731746034474e-03
3.040067436602490736e-03
3.002992874338276594e-03
2.965710441290912974e-03
2.928225676980541516e-03
2.890329182902377780e-03
2.852032998521452593e-03
2.813658751560259904e-03
2.774713776989463920e-03
2.735401337888655575e-03
2.696001834841310184e-03
2.656341312909005128e-03
2.616141580505092993e-03
2.575667564730454908e-03
2.535046699267821165e-03
2.493935209116704931e-03
2.452587832621118749e-03
2.410898914979083246e-03
2.368869243832398292e-03
2.326474542156225112e-03
2.284025525100326359e-03
2.241179086255859921e-03
2.197835228565094782e-03
2.154491169017422585e-03
2.110781869011728405e-03
2.066845583306563955e-03
2.022509705663259622e-03
1.978056403478419250e-03
1.933543848466416724e-03
1.888634982335762793e-03
1.843555597167951133e-03
1.798322116445815865e-03
1.753132734523587481e-03
1.707921257169516850e-03
1.662364243574108525e-03
1.616941865241231305e-03
1.571586603111152199e-03
1.526233327375811242e-03
1.480932581960929442e-03
1.435949868249715997e-03
1.391232873140767429e-03
1.346870774977031778e-03
1.302772690400864517e-03
1.259568916205026532e-03
1.216854026919474965e-03
1.174684002521686910e-03
1.133345459369617877e-03
1.093531731782766128e-03
1.054680529061453181e-03
1.016981830535942672e-03
9.806753921403877326e-04
9.465106268127201255e-04
9.143540711484031761e-04
8.837486717172256343e-04
8.547757694778702030e-04
8.284689956679519053e-04
8.047560445387913876e-04
7.833970338243724692e-04
7.637213900514568197e-04
7.460237559104794568e-04
7.307562615290034719e-04
7.177055477623133862e-04
7.066613318062537263e-04
6.975037737083808172e-04
6.894827270624467571e-04
6.826236879806368016e-04
6.766145969477263544e-04
6.716913376464269617e-04
6.676946470943998001e-04
6.644458588033608356e-04
6.618085220852367541e-04
6.596712461601540213e-04
6.579511299836327334e-04
6.565794627812186366e-04
6.554910544710756699e-04
6.546314473386646198e-04
6.539553727719734548e-04
6.534253081850954032e-04
6.530091990743927891e-04
6.526545722570923150e-04
6.523562673394908088e-04
6.520947260817628374e-04
6.518379600727893354e-04
6.516041557304983389e-04
6.514011711098222947e-04
6.512192784162645172e-04
6.510243830659199604e-04
6.508419973261284595e-04
6.506742177595935175e-04
6.505186133936360091e-04
6.503727312235058717e-04
6.502346616473327024e-04
6.501028613079534030e-04
6.499760380582603452e-04
6.498531820802225765e-04
6.497335107761830625e-04
6.496136164095372935e-04
6.494919299570607726e-04
6.493725578250881527e-04
6.492551089219628698e-04
6.491392623377115244e-04
6.490247539277110584e-04
6.489113655669111148e-04
6.487989165302866876e-04
6.486872565687456377e-04
6.485762680383627644e-04
6.484658697283638513e-04
6.483559708411929011e-04
6.482464746761374807e-04
6.481373131846690809e-04
6.480284328873426539e-04
6.479197882434845372e-04
6.478113403511063292e-04
6.477030558792464497e-04
6.475949061886147407e-04
6.474868666038963508e-04
6.473789158111211599e-04
6.472710353549279054e-04
6.471632092196573025e-04
6.470554234774040809e-04
6.469476658271983193e-04
6.468399256480102458e-04
6.467321937042658578e-04
6.466244619078458968e-04
6.465167231656284829e-04
6.464089712490381267e-04
6.463012006821122627e-04
6.461934066450074734e-04
6.460855848914663331e-04
6.459777316765110983e-04
6.458698436946428822e-04
6.457619180256323052e-04
6.456539520876391353e-04
6.455459435961573463e-04
6.454378905284308436e-04
6.453297910919488260e-04
6.452216436971985923e-04
6.451134469336971926e-04
6.450051995487686039e-04
6.448969004291293158e-04
6.447885485846072996e-04
6.446797796568167534e-04
6.445705407882807098e-04
6.444612497183597414e-04
6.443519053654321854e-04
6.442425061009314025e-04
6.441330511678912884e-04
6.440235398906479997e-04
6.439139716653380060e-04
6.438043459517521537e-04
6.436946622661598744e-04
6.435849201747083446e-04
6.434751192878815623e-04
6.433652592552922735e-04
6.432553397614309242e-04
6.431453605214660025e-04
6.430353212778497276e-04
6.429252217973508050e-04
6.428150618679178297e-04
6.427048412966071588e-04
6.425945599073506478e-04
6.424842175388503470e-04
6.423738140430058658e-04
6.422633492835406891e-04
6.421528231343589599e-04
6.420422354786755161e-04
6.419315862076817791e-04
6.418208752199710187e-04
6.417101024203320696e-04
6.415992677192153618e-04
6.414883710321998183e-04
6.413774122791227831e-04
6.412663913838328230e-04
6.411553082736206298e-04
6.410441628788344538e-04
6.409329551324749377e-04
6.408216849700719506e-04
6.407103523292066727e-04
6.405989571492521446e-04
6.404874993714132752e-04
6.403759789381750908e-04
6.402643957934203711e-04
6.401527498821653209e-04
6.400410411503839291e-04
6.399292695449560354e-04
6.398174350135622714e-04
6.397055375045666414e-04
6.395935769668718894e-04
6.394815533499399914e-04
6.393694343398671157e-04
6.392571953592715746e-04
6.391448932746911053e-04
6.390325280369924844e-04
6.389200995972394879e-04
6.388076079067557750e-04
6.386950593676735339e-04
6.385824555819154605e-04
6.384697965070790585e-04
6.383570821012029932e-04
6.382443123225672735e-04
6.381314871297786868e-04
6.380186064815777025e-04
6.379056703370508674e-04
6.377926786553440343e-04
6.376796313957648187e-04
6.375665285177825993e-04
6.374533699809614056e-04
6.373401557449163328e-04
6.372268857694421288e-04
6.371135600142476723e-04
6.370001784392379744e-04
6.368867410043220576e-04
6.367732476693421578e-04
6.366596983942879621e-04
6.365460931391416768e-04
6.364324318638814966e-04
6.363187145284230576e-04
6.362049410928312908e-04
6.360911115170025335e-04
6.359772257609966209e-04
6.358632837846518856e-04
6.357492855480296806e-04
6.356352310109945761e-04
6.355211201334853019e-04
6.354069528753530927e-04
6.352927291964905994e-04
6.351784490567104592e-04
6.350641124158530647e-04
6.349497192336683860e-04
6.348352694699102962e-04
6.347207630843654117e-04
6.346062000366460088e-04
6.344915802864648695e-04
6.343769037933860233e-04
6.342621705170795347e-04
6.341473807452449553e-04
6.340325350783083524e-04
6.339176334751082074e-04
6.338026758943852068e-04
6.336876622948299466e-04
6.335725926352106518e-04
6.334574668742206293e-04
6.333422849705196839e-04
6.332270468828632469e-04
6.331117525698783804e-04
6.329964019901166859e-04
6.328809951022327639e-04
6.327655318648464124e-04
6.326500122364249901e-04
6.325344361755699720e-04
6.324188036406766175e-04
6.323031145902883966e-04
6.321873689827652238e-04
6.320715667765600381e-04
6.319557079300271163e-04
6.318397924014209884e-04
6.317238201491163141e-04
6.316077911313394341e-04
6.314917053063603828e-04
6.313755626323231014e-04
6.312593630674038407e-04
6.311431065696892963e-04
6.310267930973381548e-04
6.309104226083211021e-04
6.307939950607033665e-04
6.306775104124694034e-04
6.305609686214862491e-04
6.304443696457629701e-04
6.303277134430747709e-04
6.302109999712948675e-04
6.300942291882275208e-04
6.299774010516097714e-04
6.298605155191492775e-04
6.297435725485389527e-04
6.296265720974352810e-04
6.295095141234441144e-04
6.293923985841408386e-04
6.292752254370234275e-04
6.291579946396443903e-04
6.290407061493749575e-04
6.289233599237408585e-04
6.288059557831364140e-04
6.286884935438418311e-04
6.285709731964265025e-04
6.284533947276002780e-04
6.283357581204962244e-04
6.282180633553198458e-04
6.281003104094590216e-04
6.279824992580584171e-04
6.278646298740833426e-04
6.277467022285548089e-04
6.276287162908253479e-04
6.275106720288982018e-04
6.273925694093559829e-04
6.272744083976209903e-04
6.271561889581118770e-04
6.270379110543582504e-04
6.269195746490257171e-04
6.268011797040503241e-04
6.266827261807210664e-04
6.265642140397562152e-04
6.264456432414237724e-04
6.263270137454546261e-04
6.262083255111743898e-04
6.260895784975472039e-04
6.259707726632789517e-04
6.258519079666682904e-04
6.257329843658165523e-04
6.256140018185642106e-04
6.254949602825463908e-04
6.253758597152114102e-04
6.252567000737952992e-04
6.251374813154344503e-04
6.250182033969891096e-04
6.248988662753941162e-04
6.247794699072614340e-04
6.246600142491821016e-04
6.245404992575909241e-04
6.244209248889479686e-04
6.243012910994349875e-04
6.241815978453522365e-04
6.240618450827642655e-04
6.239420327677634888e-04
6.238221608562058559e-04
6.237022293040989963e-04
6.235822380672605874e-04
6.234621871014469404e-04
6.233420763624434235e-04
6.232219058058697386e-04
6.231016753872999428e-04
6.229813850623378002e-04
6.228610347865040251e-04
6.227406245152428957e-04
6.226201542039494670e-04
6.224996238079574286e-04
6.223790332826552221e-04
6.222583825832467578e-04
6.221376716649856028e-04
6.220169004830282877e-04
6.218960689925025036e-04
6.217751771484972354e-04
6.216542249061101418e-04
6.215332122202836236e-04
6.214121390459807900e-04
6.212910053381313566e-04
6.211698110516406445e-04
6.210485561412695593e-04
6.209272405618618393e-04
6.208058642681633195e-04
6.206844272148844899e-04
6.205629293566534413e-04
6.204413706481508479e-04
6.203197510439454948e-04
6.201980704985081546e-04
6.200763289664443668e-04
6.199545264021352406e-04
6.198326627600458027e-04
6.197107379945123850e-04
6.195887520599192410e-04
6.194667049105487093e-04
6.193445965006125469e-04
6.192224267843770462e-04
6.191001957159762269e-04
6.189779032495569024e-04
6.188555493392632837e-04
6.187331339390384627e-04
6.186106570029476122e-04
6.184881184849902024e-04
6.183655183390425383e-04
6.182428565189783225e-04
6.181201329786688726e-04
6.179973476719533053e-04
6.178745005525092997e-04
6.177515915741051741e-04
6.176286206904478809e-04
6.175055878550853201e-04
6.173824930216949541e-04
6.172593361438450657e-04
6.171361171749627748e-04
6.170128360685324474e-04
6.168894927780784561e-04
6.167660872568980334e-04
6.166426194583522714e-04
6.165190893357871916e-04
6.163954968424168682e-04
6.162718419314947320e-04
6.161481245562275928e-04
6.160243446696427169e-04
6.159005022249494079e-04
6.157765971752084339e-04
6.156526294733255219e-04
6.155285990723613314e-04
6.154045059252134580e-04
6.152803499847954351e-04
6.151561312039193147e-04
6.150318495354009435e-04
6.149075049320148600e-04
6.147830973464434457e-04
6.146586267313748284e-04
6.145340930394885704e-04
6.144094962233250228e-04
6.142848362354827582e-04
6.141601130284157165e-04
6.140353265546130744e-04
6.139104767665326751e-04
6.137855636164961859e-04
6.136605870568369835e-04
6.135355470399074182e-04
6.134104435179893672e-04
6.132852764431532882e-04
6.131600457677045856e-04
6.130347514436992971e-04
6.129093934232586211e-04
6.127839716583529436e-04
6.126584861010791767e-04
6.125329367033154407e-04
6.124073234170400361e-04
6.122816461940402272e-04
6.121559049861753773e-04
6.120300997452726493e-04
6.119042304230072008e-04
6.117782969711065564e-04
6.116522993412185517e-04
6.115262374849648932e-04
6.114001113539264129e-04
6.112739208995858226e-04
6.111476660734345076e-04
6.110213468269308935e-04
6.108949631114564275e-04
6.107685148783553687e-04
6.106420020789702415e-04
6.105154246645184534e-04
6.103887825862725977e-04
6.102620757953268081e-04
6.101353042429003351e-04
6.100084678800653032e-04
6.098815666578443970e-04
6.097546005272393762e-04
6.096275694392296659e-04
6.095004733447143518e-04
6.093733121945834122e-04
6.092460859396560272e-04
6.091187945306917456e-04
6.089914379184570552e-04
6.088640160536517654e-04
6.087365288869421836e-04
6.086089763688968222e-04
6.084813584501124915e-04
6.083536750810815928e-04
6.082259262122782046e-04
6.080981117941697918e-04
6.079702317771346976e-04
6.078422861114952122e-04
6.077142747475334020e-04
6.075861976355558360e-04
6.074580547257429908e-04
6.073298459682545261e-04
6.072015713132476082e-04
6.070732307107546116e-04
6.069448241108741553e-04
6.068163514634560343e-04
6.066878127186096014e-04
6.065592078261253456e-04
6.064305367358993571e-04
6.063017993977281965e-04
6.061729957613684171e-04
6.060441257765710431e-04
6.059151893929770518e-04
6.057861865602161451e-04
6.056571172278804030e-04
6.055279813455351256e-04
6.053987788626353497e-04
6.052695097286654941e-04
6.051401738929947267e-04
6.050107713050077198e-04
6.048813019140169374e-04
6.047517656692929936e-04
6.046221625200351620e-04
6.044924924154391381e-04
6.043627553046474919e-04
6.042329511367065158e-04
6.041030798607050032e-04
6.039731414256278809e-04
6.038431357804368736e-04
6.037130628740106563e-04
6.035829226551968959e-04
6.034527150728641841e-04
6.033224385463022404e-04
6.031920874375785611e-04
6.030616616907543857e-04
6.029311612496965561e-04
6.028005860579213919e-04
6.026699360588351657e-04
6.025392111954136140e-04
6.024084114106325813e-04
6.022775366472162689e-04
6.021465868476807114e-04
6.020155619545109350e-04
6.018844617406529955e-04
6.017532857286258825e-04
6.016220338620908731e-04
6.014907060845324114e-04
6.013593023393381219e-04
6.012278225697980510e-04
6.010962667190300739e-04
6.009646347301249606e-04
6.008329265459999005e-04
6.007011421096131740e-04
6.005692813636646964e-04
6.004373442508712964e-04
6.003053307138851843e-04
6.001732406952183831e-04
6.000410741374164175e-04
5.999088309827591827e-04
5.997765111736734836e-04
5.996441146524249038e-04
5.995116413611517418e-04
5.993790912419982592e-04
5.992464642370886599e-04
5.991137602883741088e-04
5.989809793378393817e-04
5.988481213273241874e-04
5.987151861986641154e-04
5.985818244796341355e-04
5.984481005832655801e-04
5.983142994604890305e-04
5.981804210530649408e-04
5.980464653025969893e-04
5.979124321506532926e-04
5.977783215388176880e-04
5.976441334084952282e-04
5.975098677012207447e-04
5.973755243582139999e-04
5.972411033208760347e-04
5.971066045304197810e-04
5.969720279280232595e-04
5.968373734548446498e-04
5.967026410519353377e-04
5.965678306602962937e-04
5.964329422209409563e-04
5.962979756747401917e-04
5.961629309625159686e-04
5.960277973277400233e-04
5.958925440272993309e-04
5.957572124705251505e-04
5.956218023439858013e-04
5.954863136359252792e-04
5.953507463288318759e-04
5.952151004000494523e-04
5.950793758221031328e-04
5.949435725638481257e-04
5.948076893439234545e-04
5.946717255857060600e-04
5.945356812443832644e-04
5.943995562726553383e-04
5.942633506210053592e-04
5.941270642380529860e-04
5.939906970706715535e-04
5.938542490642932745e-04
5.937177201629002419e-04
5.935811140208948657e-04
5.934444344239860883e-04
5.933076813187889873e-04
5.931708546512715887e-04
5.930339543669398313e-04
5.928969804106903321e-04
5.927599327270527060e-04
5.926228112601407763e-04
5.924856159537026648e-04
5.923483467512131659e-04
5.922110035957985031e-04
5.920735864302931412e-04
5.919360951974147762e-04
5.917985272175734597e-04
5.916608776418251373e-04
5.915231464065279004e-04
5.913853334475902218e-04
5.912474387006948435e-04
5.911094621011474216e-04
5.909714035840048967e-04
5.908332630841732882e-04
5.906950405361725311e-04
5.905567358743933236e-04
5.904183490329849120e-04
5.902798789453459535e-04
5.901413236555618511e-04
5.900026834757608578e-04
5.898639578764481228e-04
5.897251460873683673e-04
5.895862484761506955e-04
5.894472651943930257e-04
5.893081956043833610e-04
5.891690398929940288e-04
5.890297982283782810e-04
5.888904707493164891e-04
5.887509365453536111e-04
5.886112824037975644e-04
5.884715424624168073e-04
5.883317167767906876e-04
5.881918053865266283e-04
5.880518077599580134e-04
5.879117236341445656e-04
5.877715531207265828e-04
5.876312963084094751e-04
5.874909532656209278e-04
5.873505240430047835e-04
5.872100086755278631e-04
5.870694071844908364e-04
5.869285356882277330e-04
5.867871342206570136e-04
5.866456468720281699e-04
5.865040735987175685e-04
5.863624143529161219e-04
5.862206690831118670e-04
5.860788377343298990e-04
5.859369202488673520e-04
5.857949165664012772e-04
5.856528266242718361e-04
5.855106503579179337e-04
5.853683877009039976e-04
5.852260385853581045e-04
5.850836029419031331e-04
5.849410807000487034e-04
5.847984717880469778e-04
5.846557758330595857e-04
5.845129914837015944e-04
5.843701188863169868e-04
5.842271581600029864e-04
5.840841093996447389e-04
5.839409726790811828e-04
5.837977119116152108e-04
5.836542058260689361e-04
5.835106115348397777e-04
5.833669290553328670e-04
5.832231583929632516e-04
5.830792995425548419e-04
5.829353524896362495e-04
5.827913172115287838e-04
5.826471936782769145e-04
5.825029818536444368e-04
5.823586832786288234e-04
5.822142982313668544e-04
5.820698266657004655e-04
5.819252685315825591e-04
5.817806234158422272e-04
5.816358914028965351e-04
5.814910796462393174e-04
5.813461880918541040e-04
5.812012166841150351e-04
5.810561653655602629e-04
5.809110340774530264e-04
5.807658227597132378e-04
5.806205313511190362e-04
5.804751597895888970e-04
5.803297080119986179e-04
5.801841759545163383e-04
5.800385635526241141e-04
5.798928707410980774e-04
5.797470974542311313e-04
5.796012436257669221e-04
5.794553091635372064e-04
5.793092938309094388e-04
5.791631975866682160e-04
5.790170203860599491e-04
5.788707621812782611e-04
5.787244229215596138e-04
5.785780025538804494e-04
5.784315010228752250e-04
5.782849182714166775e-04
5.781382542406106198e-04
5.779915088701022274e-04
5.778446820982682678e-04
5.776977738622458315e-04
5.775507840981488478e-04
5.774037127411781305e-04
5.772565618008301987e-04
5.771093315180235569e-04
5.769620218317825667e-04
5.768146326806287364e-04
5.766671640025595796e-04
5.765196157351775265e-04
5.763719878157065124e-04
5.762242801808791122e-04
5.760764927672856533e-04
5.759286255110763857e-04
5.757806783482907536e-04
5.756326072231523691e-04
5.754844516520686310e-04
5.753362161609456649e-04
5.751879006842524483e-04
5.750395055201257136e-04
5.748910319947962526e-04
5.747424798054078009e-04
5.745938486786662759e-04
5.744451383670900633e-04
5.742963486458392683e-04
5.741474793097094392e-04
5.739985301707153150e-04
5.738495010558636571e-04
5.737003918054583160e-04
5.735512022710848078e-04
5.734019323144338466e-04
5.732525818059434897e-04
5.731031506237225246e-04
5.729536386525934440e-04
5.728040457831044124e-04
5.726543719110178477e-04
5.725046169364197491e-04
5.723547807634135186e-04
5.722048632994242287e-04
5.720548644547769753e-04
5.719047841424230094e-04
5.717546222776067775e-04
5.716043787774126176e-04
5.714540535607066452e-04
5.713036465477691010e-04
5.711531576601825691e-04
5.710025868206609987e-04
5.708519339528148658e-04
5.707011989811548594e-04
5.705503818308776433e-04
5.703994824277799870e-04
5.702485006981674763e-04
5.700974365688853043e-04
5.699462899670604482e-04
5.697950608202034762e-04
5.696437490560927542e-04
5.694923546026815298e-04
5.693408773882258685e-04
5.691893176131118106e-04
5.690376755340198836e-04
5.688859510777914859e-04
5.687341441715112024e-04
5.685822547422052882e-04
5.684302827170006119e-04
5.682782280230205731e-04
5.681260905874729221e-04
5.679738703375553262e-04
5.678215672003834869e-04
5.676691811032103657e-04
5.675167119731046100e-04
5.673641597372271325e-04
5.672115243226260890e-04
5.670588056563742466e-04
5.669060036654781278e-04
5.667531182768574104e-04
5.666001494174405543e-04
5.664470970140206025e-04
5.662939609933849601e-04
5.661407412823009746e-04
5.659874378073531968e-04
5.658340504951881941e-04
5.656805792723283927e-04
5.655270240651232884e-04
5.653733848000984516e-04
5.652196614034454098e-04
5.650658538014660627e-04
5.649119619202989202e-04
5.647579856859799271e-04
5.646039250246385945e-04
5.644497798620789564e-04
5.642955501242548832e-04
5.641412357368908283e-04
5.639868366257339049e-04
5.638323527164000376e-04
5.636777839344028025e-04
5.635231302052644492e-04
5.633683914543263825e-04
5.632135676068626782e-04
5.630586585882495438e-04
5.629036643234600805e-04
5.627485847377297666e-04
5.625934197559419314e-04
5.624381693030109123e-04
5.622828333038449753e-04
5.621274116830652897e-04
5.619719043654928430e-04
5.618163112756086172e-04
5.616606323379615736e-04
5.615048674769379349e-04
5.613490166169405118e-04
5.611930796821924632e-04
5.610370565968748804e-04
5.608809472850840704e-04
5.607247516708636480e-04
5.605684696781352552e-04
5.604121012307409534e-04
5.602556462524649079e-04
5.600991046669931634e-04
5.599424763979189571e-04
5.597857613688036506e-04
5.596289595030457583e-04
5.594720707240235201e-04
5.593150949550160797e-04
5.591580321191881977e-04
5.590008821396899976e-04
5.588436449395500641e-04
5.586863204416935491e-04
5.585289085689652648e-04
5.583714092441909417e-04
5.582138223900193685e-04
5.580561479290587846e-04
5.578983857838970464e-04
5.577405358769111331e-04
5.575825981305354865e-04
5.574245724669375096e-04
5.572664588083818581e-04
5.571082570769996141e-04
5.569499671947422074e-04
5.567915890836147358e-04
5.566331226654378742e-04
5.564745678619952181e-04
5.563159245950134420e-04
5.561571927860273169e-04
5.559983723565596874e-04
5.558394632281100879e-04
5.556804653219493944e-04
5.555213785593883817e-04
5.553622028615650026e-04
5.552029381496525551e-04
5.550435843445688990e-04
5.548841413672883811e-04
5.547246091386415830e-04
5.545649875793509914e-04
5.544052766101497179e-04
5.542454761515524077e-04
5.540855861240814037e-04
5.539256064481692769e-04
5.537655370440746922e-04
5.536053778320998995e-04
5.534451287324099970e-04
5.532847896650213305e-04
5.531243605499246586e-04
5.529638413070120774e-04
5.528032318560872124e-04
5.526425321168961175e-04
5.524817420090595132e-04
5.523208614521147447e-04
5.521598903655227210e-04
5.519988286687057535e-04
5.518376762808708310e-04
5.516764331212801282e-04
5.515150991089811479e-04
5.513536741630949015e-04
5.511921582025115741e-04
5.510305511460650806e-04
5.508688529124916491e-04
5.507070634205768391e-04
5.505451825888044767e-04
5.503832108507770429e-04
5.502211484590412193e-04
5.500589952095556864e-04
5.498967509139202590e-04
5.497344153974921934e-04
5.495719884975624504e-04
5.494094700615438859e-04
5.492468599459944924e-04
5.490841580152344996e-04
5.489213641403108525e-04
5.487584781982346926e-04
5.485955000711213682e-04
5.484324296455295048e-04
5.482692668118824752e-04
5.481060114639766051e-04
5.479426634984452520e-04
5.477792228146615523e-04
5.476156893139069465e-04
5.474520628995605898e-04
5.472883434765444567e-04
5.471245309512538443e-04
5.469606252312526028e-04
5.467966262251988674e-04
5.466325338426303868e-04
5.464683479938914476e-04
5.463040685900177320e-04
5.461396955425330303e-04
5.459752287634506498e-04
5.458106681653295770e-04
5.456460136609125704e-04
5.454812651632903091e-04
5.453164225857742159e-04
5.451514859536117814e-04
5.449864558943115760e-04
5.448213322034393654e-04
5.446561146920800766e-04
5.444908031845709486e-04
5.443253975168913829e-04
5.441598975752702993e-04
5.439943032662663842e-04
5.438286144386270376e-04
5.436628309495426673e-04
5.434969526634968922e-04
5.433309794512248408e-04
5.431649111891006859e-04
5.429987477581757396e-04
5.428324890437364247e-04
5.426661349346243715e-04
5.424996853228441530e-04
5.423331401031159437e-04
5.421664991725109019e-04
5.419997624301693857e-04
5.418329297769312403e-04
5.416660011152322563e-04
5.414989763488246627e-04
5.413318553825474926e-04
5.411646381222303065e-04
5.409973244746274891e-04
5.408299143470857249e-04
5.406624076476769210e-04
5.404948042848880174e-04
5.403271041677565117e-04
5.401593072056700990e-04
5.399914133082738639e-04
5.398234223855569083e-04
5.396553343476088397e-04
5.394871491048227339e-04
5.393188665676767763e-04
5.391504866467607170e-04
5.389820092527268644e-04
5.388134342963073241e-04
5.386447616883280939e-04
5.384759913395076184e-04
5.383071231606871825e-04
5.381381570626897481e-04
5.379690929562962100e-04
5.377999307522241456e-04
5.376306703612329825e-04
5.374613116939529114e-04
5.372918546610186766e-04
5.371222991730494100e-04
5.369526451404951078e-04
5.367828924737635910e-04
5.366130410833072411e-04
5.364430908793588887e-04
5.362730417721513643e-04
5.361028936718785758e-04
5.359326464884813781e-04
5.357623001319872539e-04
5.355918545122999785e-04
5.354213095391918134e-04
5.352506651223876404e-04
5.350799211715354716e-04
5.349090775960819825e-04
5.347381343055334800e-04
5.345670912092339655e-04
5.343959482164054682e-04
5.342247052362052899e-04
5.340533621777317523e-04
5.338819189499552408e-04
5.337103754617161452e-04
5.335387316218215704e-04
5.333669873389009202e-04
5.331951425215649505e-04
5.330231970783115515e-04
5.328511509175954623e-04
5.326790039476032987e-04
5.325067560765681888e-04
5.323344072126218879e-04
5.321619572637334124e-04
5.319894061378098709e-04
5.318167537426449643e-04
5.316439999859698352e-04
5.314711447753410695e-04
5.312981880183689212e-04
5.311251296223601761e-04
5.309519694946931772e-04
5.307787075425119717e-04
5.306053436729666782e-04
5.304318777930759014e-04
5.302583098097562227e-04
5.300846396298459443e-04
5.299108671599740087e-04
5.297369923068054624e-04
5.295630149768660319e-04
5.293889350765813720e-04
5.292147525121859925e-04
5.290404671899962604e-04
5.288660790160644313e-04
5.286915878964048134e-04
5.285169937369551705e-04
5.283422964435289084e-04
5.281674959218008716e-04
5.279925920774288829e-04
5.278175848158632487e-04
5.276424740425819226e-04
5.274672596628415724e-04
5.272919415818614610e-04
5.271165197047502629e-04
5.269409939365203750e-04
5.267653641820847733e-04
5.265896303461922853e-04
5.264137923335704882e-04
5.262378500488334434e-04
5.260618033964703120e-04
5.258856522808682318e-04
5.257093966063034265e-04
5.255330362769901039e-04
5.253565711970199564e-04
5.251800012703807018e-04
5.250033264009284356e-04
5.248265464924408655e-04
5.246496614486420313e-04
5.244726711730854276e-04
5.242955755691997574e-04
5.241183745404120976e-04
5.239410679899661862e-04
5.237636558210752953e-04
5.235861379367099441e-04
5.234085142398829356e-04
5.232307846334450932e-04
5.230529490202033300e-04
5.228750073026987126e-04
5.226969593835475514e-04
5.225188051651630857e-04
5.223405445498856964e-04
5.221621774399965669e-04
5.219837037710652484e-04
5.218051234755040953e-04
5.216264364451190551e-04
5.214476425183221537e-04
5.212687412172412006e-04
5.210897325015855083e-04
5.209106163233773960e-04
5.207313926279357776e-04
5.205520613547670507e-04
5.203726224383113533e-04
5.201930758877553471e-04
5.200134216515337263e-04
5.198336596368579752e-04
5.196537897500214760e-04
5.194738118964968695e-04
5.192937259810439339e-04
5.191135319076909359e-04
5.189332295800608676e-04
5.187528189011078768e-04
5.185722997733473345e-04
5.183916720989726040e-04
5.182109357797041191e-04
5.180300907170027561e-04
5.178491368119282363e-04
5.176680739654044303e-04
5.174869020779204439e-04
5.173056210498538183e-04
5.171242307813277411e-04
5.169427311721841575e-04
5.167611221222566647e-04
5.165794035310284455e-04
5.163975752977921886e-04
5.162156373218859022e-04
5.160335895022587997e-04
5.158514317378577090e-04
5.156691639273973306e-04
5.154867859695309992e-04
5.153042977627210128e-04
5.151216992053238514e-04
5.149389901955217638e-04
5.147561706314355244e-04
5.145732404110507077e-04
5.143901994322001240e-04
5.142070475926221497e-04
5.140237847899119380e-04
5.138404109216093479e-04
5.136569259549552107e-04
5.134733298379984615e-04
5.132896224491690284e-04
5.131058036691555583e-04
5.129218733808207399e-04
5.127378314687485415e-04
5.125536778190105652e-04
5.123694123189912733e-04
5.121850348571721240e-04
5.120005453229603759e-04
5.118159436066475627e-04
5.116312295991344312e-04
5.114464031919876454e-04
5.112614642771161517e-04
5.110764127469223173e-04
5.108912484942079290e-04
5.107059714119203822e-04
5.105205813933092395e-04
5.103350783317833327e-04
5.101494621209288691e-04
5.099637326543886512e-04
5.097778898259272377e-04
5.095919335293178608e-04
5.094058636584122488e-04
5.092196801070580101e-04
5.090333827690889839e-04
5.088469715383431291e-04
5.086604463085860886e-04
5.084738069735857818e-04
5.082870534270046356e-04
5.081001855624946682e-04
5.079132032736286429e-04
5.077261064539759618e-04
5.075388949968689120e-04
5.073515687957176265e-04
5.071641277436839557e-04
5.069765717340367610e-04
5.067889006597980309e-04
5.066011144139926812e-04
5.064132128894484114e-04
5.062251959737110131e-04
5.060370635400077621e-04
5.058488154848145898e-04
5.056604517040762768e-04
5.054719720930272346e-04
5.052833765465187177e-04
5.050946649589075840e-04
5.049058372241501877e-04
5.047168932358743693e-04
5.045278328872993337e-04
5.043386560714582367e-04
5.041493626810037874e-04
5.039599526083705537e-04
5.037704257457671555e-04
5.035807819851757230e-04
5.033910212183767248e-04
5.032011433369844213e-04
5.030111482323508043e-04
5.028210357957713789e-04
5.026308059183271946e-04
5.024404584908691252e-04
5.022499934041953521e-04
5.020594105489039130e-04
5.018687098155409122e-04
5.016778910943547323e-04
5.014869542755795526e-04
5.012958992493564197e-04
5.011047259055068656e-04
5.009134341339467481e-04
5.007220238243028764e-04
5.005304948662054210e-04
5.003388471490384385e-04
5.001470805621473876e-04
4.999551946439331936e-04
4.997631893336573327e-04
4.995710645711352003e-04
4.993788202891240357e-04
4.991864564144790064e-04
4.989939728687849737e-04
4.988013695689841364e-04
4.986086464282346109e-04
4.984158033561781210e-04
4.982228402594145525e-04
4.980297570419826890e-04
4.978365536056247572e-04
4.976432298501712098e-04
4.974497856736187886e-04
4.972562209726052963e-04
4.970625356422156329e-04
4.968687295765726857e-04
4.966748026687250062e-04
4.964807548108318832e-04
4.962865858941774375e-04
4.960922958094588029e-04
4.958978844467076298e-04
4.957033516953808332e-04
4.955086974445447982e-04
4.953139215826299173e-04
4.951190239978592832e-04
4.949240045780342340e-04
4.947288632105853109e-04
4.945335997827506090e-04
4.943382141812930177e-04
4.941427062930221553e-04
4.939470760042517263e-04
4.937513232011925442e-04
4.935554477698673136e-04
4.933594495960453609e-04
4.931633285653770757e-04
4.929670845633056563e-04
4.927707174751452812e-04
4.925742271859635812e-04
4.923776135808226578e-04
4.921808765444578336e-04
4.919840159616363073e-04
4.917870317168621412e-04
4.915899236945936446e-04
4.913926917790361823e-04
4.911953358543702909e-04
4.909978558046529081e-04
4.908002515137566569e-04
4.906025228653629073e-04
4.904046697432748935e-04
4.902066920308688911e-04
4.900085896116111641e-04
4.898103623687355239e-04
4.896120101854212463e-04
4.894135329446996138e-04
4.892149305294721294e-04
4.890162028225008683e-04
4.888173497065461705e-04
4.886183710640774848e-04
4.884192667775774871e-04
4.882200367293200362e-04
4.880206808015242386e-04
4.878211988763093998e-04
4.876215908356047648e-04
4.874218565612529509e-04
4.872219959349470097e-04
4.870220088383584171e-04
4.868218951529821410e-04
4.866216547601191311e-04
4.864212875411154944e-04
4.862207933770529007e-04
4.860201721489507869e-04
4.858194237377729159e-04
4.856185480242093439e-04
4.854175448890661365e-04
4.852164142127663110e-04
4.850151558758025987e-04
4.848137697584875908e-04
4.846122557410190070e-04
4.844106137445428777e-04
4.842088436580715949e-04
4.840069453521812348e-04
4.838049186985244319e-04
4.836027635698956486e-04
4.834004798397927775e-04
4.831980673824976436e-04
4.829955260729194453e-04
4.827928557863489121e-04
4.825900563986045629e-04
4.823871277857764007e-04
4.821840698242095958e-04
4.819808823906024972e-04
4.817775653616587664e-04
4.815741186142725051e-04
4.813705420254214070e-04
4.811668354722783763e-04
4.809629988318009407e-04
4.807590319812393080e-04
4.805549347976253278e-04
4.803507071581238812e-04
4.801463489397976092e-04
4.799418600196454559e-04
4.797372402746762315e-04
4.795324895817994334e-04
4.793276078178865035e-04
4.791225948596361701e-04
4.789174505838245197e-04
4.787121748669653700e-04
4.785067675855922170e-04
4.783012286161690595e-04
4.780955578349344363e-04
4.778897551181480281e-04
4.776838203418556027e-04
4.774777533821679800e-04
4.772715541148444271e-04
4.770652224157988729e-04
4.768587581606331584e-04
4.766521612249241882e-04
4.764454314841087335e-04
4.762385688135136819e-04
4.760315730884489530e-04
4.758244441839471275e-04
4.756171819750108624e-04
4.754097863365691970e-04
4.752022571433330293e-04
4.749945942699992712e-04
4.747867975910497829e-04
4.745788669810052933e-04
4.743708023140122648e-04
4.741626034644098224e-04
4.739542703061892250e-04
4.737458027132986885e-04
4.735372005595821828e-04
4.733284637187790524e-04
4.731195920644708903e-04
4.729105854701332544e-04
4.727014433225863906e-04
4.724921654872352725e-04
4.722827518357002258e-04
4.720732022393781219e-04
4.718635165696535806e-04
4.716536946976410930e-04
4.714437364944733103e-04
4.712336418311390647e-04
4.710234105784602207e-04
4.708130426071174260e-04
4.706025377877570671e-04
4.703918959908138945e-04
4.701811170867070460e-04
4.699702009456723211e-04
4.697591474377520431e-04
4.695479564330264284e-04
4.693366278521011407e-04
4.691251618696383853e-04
4.689135582838494898e-04
4.687018169033947256e-04
4.684899375456593731e-04
4.682779200355819695e-04
4.680657642043006285e-04
4.678534661276471224e-04
4.676410189359812321e-04
4.674284224614993610e-04
4.672156765391869684e-04
4.670027810064348705e-04
4.667897357024760512e-04
4.665765404682909031e-04
4.663631951463188298e-04
4.661496995800472245e-04
4.659360536140352144e-04
4.657222570936008681e-04
4.655083098648854891e-04
4.652941831830871827e-04
4.650798989735363152e-04
4.648654534716333063e-04
4.646508465084999524e-04
4.644360779155038929e-04
4.642211475239518890e-04
4.640060551651229467e-04
4.637908006704141413e-04
4.635753838709439625e-04
4.633598045979098841e-04
4.631440626824893220e-04
4.629281579555342150e-04
4.627120902479375927e-04
4.624958589719882062e-04
4.622794639000380227e-04
4.620629052649125740e-04
4.618461829129294005e-04
4.616292966833671855e-04
4.614122464140342169e-04
4.611950319415605805e-04
4.609776531012458830e-04
4.607601097274633350e-04
4.605424016536908125e-04
4.603245287126327221e-04
4.601064907362948102e-04
4.598882875560905237e-04
4.596699190027771502e-04
4.594510363802496592e-04
4.592316119958442960e-04
4.590120214892589559e-04
4.587922646908143185e-04
4.585723414300379151e-04
4.583522515360895699e-04
4.581319948374917047e-04
4.579115711623620629e-04
4.576909803382698898e-04
4.574702222441043276e-04
4.572492971755948545e-04
4.570282049611092308e-04
4.568069454286294577e-04
4.565851614622581890e-04
4.563628721701055925e-04
4.561404148655525629e-04
4.559177895005442241e-04
4.556949958699382493e-04
4.554720337729665797e-04
4.552489030124038955e-04
4.550256033943618885e-04
4.548021347273042102e-04
4.545784968220711918e-04
4.543546894912632041e-04
4.541307125491052406e-04
4.539065658110019068e-04
4.536822490935329207e-04
4.534577622140983076e-04
4.532331049908884762e-04
4.530082772426519827e-04
4.527832787885700881e-04
4.525581094483106435e-04
4.523327690416842893e-04
4.521072573888108262e-04
4.518815743099727396e-04
4.516557196255666269e-04
4.514296931559932057e-04
4.512034947217488743e-04
4.509771241432404760e-04
4.507505812409173546e-04
4.505238672485629850e-04
4.502969915827609824e-04
4.500699540798565042e-04
4.498427545764671675e-04
4.496153929094289479e-04
4.493878689156489449e-04
4.491601824323220591e-04
4.489323332965709291e-04
4.487043213456576220e-04
4.484761464168020837e-04
4.482478083472068043e-04
4.480193069740957953e-04
4.477906421345686019e-04
4.475618184085157275e-04
4.473328414843245416e-04
4.471037112142155234e-04
4.468744274505111755e-04
4.466449900458844689e-04
4.464153988531443878e-04
4.461856537252037284e-04
4.459557545151098370e-04
4.457257010759660583e-04
4.454954932608367062e-04
4.452651309229034050e-04
4.450346139152440211e-04
4.448039420910700485e-04
4.445731153033674133e-04
4.443421334052084521e-04
4.441109962495525280e-04
4.438797036893200811e-04
4.436482555773229686e-04
4.434166517664076337e-04
4.431848921091374890e-04
4.429529755577018787e-04
4.427209013112127470e-04
4.424886703138659330e-04
4.422562822614441733e-04
4.420237368164790250e-04
4.417910336700339095e-04
4.415581725370910492e-04
4.413251531530553492e-04
4.410919752707017716e-04
4.408586386575474468e-04
4.406251430934070680e-04
4.403914883687551503e-04
4.401576742830595030e-04
4.399237006432875244e-04
4.396895672629195779e-04
4.394552739609324985e-04
4.392208205607146853e-04
4.389862068897847514e-04
4.387514327787791503e-04
4.385164980612978394e-04
4.382814025732161369e-04
4.380461461523583772e-04
4.378107286382646986e-04
4.375751498719040555e-04
4.373394096954040891e-04
4.371035079519041094e-04
4.368674444853027478e-04
4.366312191403099439e-04
4.363948317621445618e-04
4.361582781598928181e-04
4.359214499329166375e-04
4.356844593117021008e-04
4.354473061445476943e-04
4.352099902799551378e-04
4.349725115666535627e-04
4.347348698534274488e-04
4.344970649892017345e-04
4.342590968229666270e-04
4.340209652037314695e-04
4.337826699806167363e-04
4.335442110027013765e-04
4.333055881190622793e-04
4.330668011787849533e-04
4.328278500309102380e-04
4.325887345245053731e-04
4.323494545086563551e-04
4.321100098321876710e-04
4.318703946518868508e-04
4.316306059778340595e-04
4.313906436449177202e-04
4.311505074875741439e-04
4.309101973399312403e-04
4.306697130357737689e-04
4.304290544087157819e-04
4.301882212919622074e-04
4.299472135186130231e-04
4.297060308224344167e-04
4.294646650283753656e-04
4.292231159542276718e-04
4.289813834174351082e-04
4.287394672347696217e-04
4.284973689472999173e-04
4.282550884771703045e-04
4.280126256408078454e-04
4.277699802542451156e-04
4.275271521333428443e-04
4.272841410937101175e-04
4.270409469506284837e-04
4.267975695191436776e-04
4.265540086142440793e-04
4.263102640504050789e-04
4.260663356421725938e-04
4.258221917657462573e-04
4.255773339083558887e-04
4.253322913483580906e-04
4.250870638980726963e-04
4.248416513694534585e-04
4.245960535743108525e-04
4.243502703242942953e-04
4.241043014308190705e-04
4.238581467050683339e-04
4.236118059581781329e-04
4.233650557276835724e-04
4.231178099766023720e-04
4.228703772983892495e-04
4.226227574953539249e-04
4.223749503707187455e-04
4.221269557282081525e-04
4.218787733721056561e-04
4.216304031071439512e-04
4.213818447382314280e-04
4.211330980706443463e-04
4.208841629096176577e-04
4.206350390607593880e-04
4.203857263294836534e-04
4.201362245213557077e-04
4.198865334419033999e-04
4.196366528965982004e-04
4.193865826908207777e-04
4.191363226299358083e-04
4.188858801485395794e-04
4.186352565120144212e-04
4.183844515420881687e-04
4.181334650606046669e-04
4.178822968894343234e-04
4.176309468504019011e-04
4.173794147654332647e-04
4.171277004563497619e-04
4.168758037450195236e-04
4.166237263920305901e-04
4.163714749192336750e-04
4.161190491647253015e-04
4.158664489672099051e-04
4.156136735669354698e-04
4.153607231103883341e-04
4.151075977234397084e-04
4.148542972443645211e-04
4.146008200973460385e-04
4.143471651710509043e-04
4.140933323059013639e-04
4.138393213425897916e-04
4.135851321220103860e-04
4.133307644851763911e-04
4.130762182729713801e-04
4.128214933261953887e-04
4.125665894856440615e-04
4.123115065921482253e-04
4.120562444863507066e-04
4.118008030089709845e-04
4.115451820006074332e-04
4.112893813019377360e-04
4.110334007534823127e-04
4.107772401957535601e-04
4.105208994693058879e-04
4.102643784145732506e-04
4.100076768720154071e-04
4.097507946820167640e-04
4.094937316849313162e-04
4.092364877211359894e-04
4.089790626309373445e-04
4.087214562545732582e-04
4.084636684323706747e-04
4.082056987050900138e-04
4.079475467641950929e-04
4.076892125455307964e-04
4.074306128256130846e-04
4.071717643354055231e-04
4.069127336814314143e-04
4.066535208030776769e-04
4.063941255798813180e-04
4.061345478743284766e-04
4.058747875457815969e-04
4.056148444508579773e-04
4.053547184438346658e-04
4.050944093771461632e-04
4.048339171016577501e-04
4.045732414667818763e-04
4.043123823209202983e-04
4.040513395114293306e-04
4.037901128849157245e-04
4.035287022873932272e-04
4.032671071841428681e-04
4.030053274269677086e-04
4.027433629452859161e-04
4.024812136540354334e-04
4.022188794563217088e-04
4.019563602602471697e-04
4.016936560020652278e-04
4.014307665448132306e-04
4.011676917482509281e-04
4.009044314692759934e-04
4.006409855622805084e-04
4.003773538798565085e-04
4.001135362728537701e-04
3.998495325907306590e-04
3.995853447068895958e-04
3.993209728944061964e-04
3.990564169969577522e-04
3.987916768574873870e-04
3.985267523184710418e-04
3.982616432219037599e-04
3.979963494092624986e-04
3.977308705665313546e-04
3.974652065597179557e-04
3.971993572594155627e-04
3.969333225311303596e-04
3.966671022357695620e-04
3.964006962309150287e-04
3.961341043709894162e-04
3.958673265078647410e-04
3.956003624913509214e-04
3.953332121694762605e-04
3.950658753889124534e-04
3.947983519744384970e-04
3.945306417570553534e-04
3.942627445883964063e-04
3.939946602782727538e-04
3.937263885344001327e-04
3.934579292434430410e-04
3.931892822842343507e-04
3.929204475286850618e-04
3.926514248433627926e-04
3.923822140900410358e-04
3.921128151267283383e-04
3.918432278081310921e-04
3.915734519864828411e-04
3.913034875115164709e-04
3.910333342313096158e-04
3.907629919923536681e-04
3.904924606397142941e-04
3.902217400175771677e-04
3.899508299691116313e-04
3.896797303367384945e-04
3.894084409623107157e-04
3.891369616870518741e-04
3.888652923518628904e-04
3.885934327971076797e-04
3.883213828630224383e-04
3.880491423894148859e-04
3.877767112160026446e-04
3.875040891821823047e-04
3.872312761272772184e-04
3.869582718582484414e-04
3.866850761470981231e-04
3.864116888569353310e-04
3.861381098463438893e-04
3.858643389706495406e-04
3.855903760821358106e-04
3.853162210307406075e-04
3.850418736644219239e-04
3.847673338293939216e-04
3.844926013705629434e-04
3.842176761317665258e-04
3.839425579557054734e-04
3.836672466844189564e-04
3.833917421592524183e-04
3.831160442210594544e-04
3.828401527101689601e-04
3.825640674665339381e-04
3.822877883298250647e-04
3.820113151394313950e-04
3.817346477344428523e-04
3.814577859539746221e-04
3.811807296367357477e-04
3.809034786214222619e-04
3.806260327466586945e-04
3.803483918509245631e-04
3.800705557725455371e-04
3.797925243498563933e-04
3.795142974211320602e-04
3.792358748246342395e-04
3.789572563984878605e-04
3.786784419808134072e-04
3.783994314097007352e-04
3.781202245232151427e-04
3.778408211594803121e-04
3.775612211563936530e-04
3.772814243519678258e-04
3.770014305842374455e-04
3.767212396911005182e-04
3.764408515105989233e-04
3.761602658805288601e-04
3.758794826389828944e-04
3.755985016237001965e-04
3.753173226628948953e-04
3.750359455835706080e-04
3.747543702294459339e-04
3.744725964432054689e-04
3.741906240665546658e-04
3.739084529405102921e-04
3.736260829056415027e-04
3.733435137831105587e-04
3.730607454147892837e-04
3.727777776445938729e-04
3.724946103153181556e-04
3.722112372715082182e-04
3.719276576515160681e-04
3.716438712733225922e-04
3.713598779543573060e-04
3.710756771727198697e-04
3.707912616918190743e-04
3.705066313036186948e-04
3.702217857996763098e-04
3.699367249709074879e-04
3.696514486078619332e-04
3.693659565007690769e-04
3.690802484393213988e-04
3.687943242131128791e-04
3.685081836113094549e-04
3.682218264228191316e-04
3.679352524363901575e-04
3.676484614404934418e-04
3.673614532233870651e-04
3.670742275730570813e-04
3.667867842774505675e-04
3.664991231240963699e-04
3.662112439005832908e-04
3.659231463941200113e-04
3.656348303918511363e-04
3.653462956807432445e-04
3.650575420475660237e-04
3.647685692624941462e-04
3.644793771073312743e-04
3.641899653739877861e-04
3.639003338532441584e-04
3.636104823347092790e-04
3.633204106074577953e-04
3.630301184595868921e-04
3.627392448055683383e-04
3.624481128902274090e-04
3.621567590866842773e-04
3.618651831785167942e-04
3.615733609635892213e-04
3.612809009194056569e-04
3.609882138623491830e-04
3.606952995550887571e-04
3.604021577595403042e-04
3.601087882372657574e-04
3.598151880017838285e-04
3.595213556775256423e-04
3.592272910058691361e-04
3.589329937276845156e-04
3.586384634874064856e-04
3.583436999276550677e-04
3.580487028319672923e-04
3.577534719752062473e-04
3.574580071249921164e-04
3.571623080432207126e-04
3.568663744866453153e-04
3.565702062079486212e-04
3.562738029563566194e-04
3.559771644781668147e-04
3.556802905172945571e-04
3.553831808153579889e-04
3.550858351123211396e-04
3.547882531465268311e-04
3.544904346549219748e-04
3.541923793732927898e-04
3.538939018519903662e-04
3.535951672555711603e-04
3.532961943095363566e-04
3.529969827396640123e-04
3.526973730024694212e-04
3.523974602961280436e-04
3.520973142676170841e-04
3.517969346578718546e-04
3.514963212073733321e-04
3.511954765704151851e-04
3.508944052322173889e-04
3.505931069569262351e-04
3.502915810319147719e-04
3.499898263150088076e-04
3.496878425781821940e-04
3.493856295932852379e-04
3.490831871318973581e-04
3.487805149652034868e-04
3.484776128642259256e-04
3.481744805994999525e-04
3.478711179415084243e-04
3.475675246600781472e-04
3.472637005249881140e-04
3.469596453055294265e-04
3.466553587706145832e-04
3.463508408964284329e-04
3.460460937874402978e-04
3.457411172397884566e-04
3.454359110492636470e-04
3.451304751482688993e-04
3.448248133335062070e-04
3.445189254198368820e-04
3.442128112220825542e-04
3.439064705549354541e-04
3.435999032330414081e-04
3.432931090708985205e-04
3.429860878828519684e-04
3.426788394830543208e-04
3.423713636855686996e-04
3.420636603042419830e-04
3.417557291527401498e-04
3.414475700444948286e-04
3.411391619580232334e-04
3.408304641819045306e-04
3.405215373349540801e-04
3.402123812388450734e-04
3.399029957145464041e-04
3.395933805828789181e-04
3.392835356641096508e-04
3.389734607781563075e-04
3.386630991461824815e-04
3.383524996609792472e-04
3.380416703107236732e-04
3.377306109050900854e-04
3.374193212531292310e-04
3.371078011635638859e-04
3.367960504447533470e-04
3.364840689044117572e-04
3.361718563500635778e-04
3.358594125887686354e-04
3.355467374269680567e-04
3.352338306709077035e-04
3.349206921261916443e-04
3.346073215982267850e-04
3.342937188917659871e-04
3.339798838112903023e-04
3.336658123590401418e-04
3.333514445905421840e-04
3.330368444142558994e-04
3.327220116233725968e-04
3.324069460104633130e-04
3.320916473677388583e-04
3.317761154868726042e-04
3.314603501591753109e-04
3.311443515357986932e-04
3.308281193059514820e-04
3.305116541662955895e-04
3.301949561614130296e-04
3.298780250719669381e-04
3.295608606784165666e-04
3.292434627607517613e-04
3.289258310987030814e-04
3.286079654716114783e-04
3.282898656584886310e-04
3.279715300412984849e-04
3.276529575854852981e-04
3.273341480524606792e-04
3.270151012030513634e-04
3.266958167976238966e-04
3.263762945960402371e-04
3.260565343575043949e-04
3.257365358408453545e-04
3.254162990494969469e-04
3.250958249235432287e-04
3.247751131472810613e-04
3.244541635577780059e-04
3.241329759838165302e-04
3.238115503128595387e-04
3.234898846855752239e-04
3.231679774355157900e-04
3.228458281717115912e-04
3.225234365261883131e-04
3.222008021489061887e-04
3.218779247044347498e-04
3.215547525734124877e-04
3.212313202598010477e-04
3.209076446502775993e-04
3.205837254412942112e-04
3.202595623340766945e-04
3.199351550331490574e-04
3.196105032457963917e-04
3.192856066814044849e-04
3.189604650508036615e-04
3.186350780659234099e-04
3.183094454395973892e-04
3.179834447559427217e-04
3.176571964684932734e-04
3.173307004615645642e-04
3.170039564471117781e-04
3.166769641368234940e-04
3.163497232419748301e-04
3.160222334735462188e-04
3.156944945419778341e-04
3.153665061573115145e-04
3.150382682480928616e-04
3.147097804814818372e-04
3.143810425047683928e-04
3.140520539768446896e-04
3.137228145658543322e-04
3.133931780029066577e-04
3.130632845693986249e-04
3.127331384065883710e-04
3.124027391962567578e-04
3.120720866228853950e-04
3.117411803728628952e-04
3.114100207428350500e-04
3.110786080714676954e-04
3.107469420365384393e-04
3.104150223162184009e-04
3.100828485887546478e-04
3.097504205324391876e-04
3.094177378252754135e-04
3.090847999214865229e-04
3.087516062438326538e-04
3.084181564693285155e-04
3.080844409354242136e-04
3.077504523322043255e-04
3.074162081123393451e-04
3.070817089673053913e-04
3.067469545803194059e-04
3.064119446341899118e-04
3.060766788108578535e-04
3.057411567915227979e-04
3.054053782567322725e-04
3.050693428861083302e-04
3.047330503438011335e-04
3.043965000593018728e-04
3.040596915831330705e-04
3.037226247188526342e-04
3.033852992431936295e-04
3.030477149110769259e-04
3.027098731788107960e-04
3.023717748216169236e-04
3.020334195725972600e-04
3.016948071557728583e-04
3.013559372882180175e-04
3.010168096810274447e-04
3.006774240405069801e-04
3.003377800691395131e-04
2.999978774660722763e-04
2.996577159278813714e-04
2.993172943237400294e-04
2.989765877629738762e-04
2.986356214078245597e-04
2.982943949398936148e-04
2.979529080394969836e-04
2.976111603857949572e-04
2.972691521024305476e-04
2.969268828978105079e-04
2.965843524438289145e-04
2.962415604116597169e-04
2.958985064717057256e-04
2.955551902935302537e-04
2.952116115461160778e-04
2.948677698977417855e-04
2.945236650159256133e-04
2.941792965675932270e-04
2.938346642189608991e-04
2.934897676356433322e-04
2.931446064825877400e-04
2.927991804240559579e-04
2.924534891236974096e-04
2.921075322445796816e-04
2.917613094489907109e-04
2.914148203986811577e-04
2.910680647547361994e-04
2.907210421776806430e-04
2.903737523271657001e-04
2.900261948625373789e-04
2.896783694421768566e-04
2.893302757239872309e-04
2.889819133653177895e-04
2.886332820226863451e-04
2.882843817758596033e-04
2.879352123463835463e-04
2.875857733883021628e-04
2.872360645551498125e-04
2.868860855000502676e-04
2.865358358755677433e-04
2.861853153669624691e-04
2.858345236618049464e-04
2.854834603859394450e-04
2.851321251701454144e-04
2.847805176490956201e-04
2.844286374604159231e-04
2.840764842437778028e-04
2.837240576404907516e-04
2.833713572929851638e-04
2.830183828443587606e-04
2.826651339382389499e-04
2.823116102185656610e-04
2.819578113292557837e-04
2.816037369143416756e-04
2.812493866174961728e-04
2.808947600823272217e-04
2.805398569520408552e-04
2.801846768695921675e-04
2.798292194774703169e-04
2.794734844178541630e-04
2.791174713323299949e-04
2.787611798622762599e-04
2.784046096482747337e-04
2.780477603307369180e-04
2.776906315494210827e-04
2.773332229435705558e-04
2.769755341520205175e-04
2.766175648130321713e-04
2.762593145644100549e-04
2.759007830433462941e-04
2.755419698866568511e-04
2.751828747305259232e-04
2.748234972106271571e-04
2.744638369622229616e-04
2.741038936199365538e-04
2.737436668178515982e-04
2.733831561896494112e-04
2.730223613684822732e-04
2.726612819867645023e-04
2.722999176766231029e-04
2.719382680695632353e-04
2.715763327966075899e-04
2.712141114806264157e-04
2.708516037005416098e-04
2.704888091086932829e-04
2.701257273515985128e-04
2.697623580710109352e-04
2.693987009050539515e-04
2.690347554888022409e-04
2.686705214547677537e-04
2.683059984336318734e-04
2.679411860542849902e-04
2.675760839442888040e-04
2.672106917762399544e-04
2.668450091818545334e-04
2.664790357485100221e-04
2.661127710462154170e-04
2.657462146699852111e-04
2.653793662353187048e-04
2.650122253871882590e-04
2.646447917644979548e-04
2.642770649505285616e-04
2.639090445830268830e-04
2.635407303081932474e-04
2.631721217653641698e-04
2.628032185884462643e-04
2.624340204070702682e-04
2.620645268473870094e-04
2.616947375411950334e-04
2.613246522325575753e-04
2.609542704897515101e-04
2.605835918914247568e-04
2.602126160241591550e-04
2.598413424801842078e-04
2.594697708562924998e-04
2.590979008551309599e-04
2.587257320864143448e-04
2.583532641045864649e-04
2.579804964768495339e-04
2.576074287799831738e-04
2.572340605978500451e-04
2.568603915198058103e-04
2.564864211391562599e-04
2.561121490520001974e-04
2.557375748566092220e-04
2.553626981527387175e-04
2.549875185409107613e-04
2.546120356225775681e-04
2.542362489993130539e-04
2.538601582729085719e-04
2.534837630450800143e-04
2.531070629174695481e-04
2.527300574914312131e-04
2.523527463680117324e-04
2.519751291478448019e-04
2.515972054312492112e-04
2.512189748180612258e-04
2.508404369076028739e-04
2.504615912987768686e-04
2.500824375899839374e-04
2.497029753791166966e-04
2.493232042635083138e-04
2.489431238400453199e-04
2.485627337050040023e-04
2.481820334542830212e-04
2.478010226830418814e-04
2.474197009860774226e-04
2.470380679575080989e-04
2.466561231910594496e-04
2.462738662798578297e-04
2.458912968164545334e-04
2.455084143928726315e-04
2.451252186006952255e-04
2.447417090308321819e-04
2.443578852737730215e-04
2.439737469193328377e-04
2.435892935568584837e-04
2.432045247752173515e-04
2.428194401626375333e-04
2.424340393068062942e-04
2.420483216973549228e-04
2.416622868367018426e-04
2.412759344127367170e-04
2.408892640692610228e-04
2.405022754349927616e-04
2.401149681275269426e-04
2.397273417556673486e-04
2.393393957302847297e-04
2.389511296962035616e-04
2.385625433262072645e-04
2.381736362700022326e-04
2.377844081599885537e-04
2.373948586153915789e-04
2.370049872707917537e-04
2.366147937173692089e-04
2.362242775420317223e-04
2.358334383294577083e-04
2.354422756623758876e-04
2.350507891218582654e-04
2.346589782878166156e-04
2.342668427388108201e-04
2.338743820527904905e-04
2.334815958065045659e-04
2.330884835788953806e-04
2.326950449605582195e-04
2.323012795381115955e-04
2.319071868807575602e-04
2.315127665449142019e-04
2.311180180908067037e-04
2.307229410812032175e-04
2.303275350808433816e-04
2.299317996556550655e-04
2.295357343722758303e-04
2.291393387978440032e-04
2.287426124996205345e-04
2.283455550448994426e-04
2.279481660007549784e-04
2.275504449341845495e-04
2.271523914115658883e-04
2.267540049990934153e-04
2.263552852625090866e-04
2.259562317670942618e-04
2.255568440776020505e-04
2.251571217582410214e-04
2.247570643728296204e-04
2.243566714845230596e-04
2.239559426561289290e-04
2.235548774496598544e-04
2.231534754268323659e-04
2.227517361486420805e-04
2.223496591756506091e-04
2.219472440678458300e-04
2.215444903846388257e-04
2.211413976849029418e-04
2.207379655269220702e-04
2.203341934685510025e-04
2.199300810669991050e-04
2.195256278789287909e-04
2.191208334604438114e-04
2.187156973671529250e-04
2.183102191541256350e-04
2.179043983757539000e-04
2.174982345859714946e-04
2.170917273382584004e-04
2.166848761853320258e-04
2.162776806795165658e-04
2.158701403725324505e-04
2.154622548155995067e-04
2.150540235592877990e-04
2.146454461536935953e-04
2.142365221484222100e-04
2.138272510923927116e-04
2.134176325340447072e-04
2.130076660213226761e-04
2.125973511015326106e-04
2.121866873214396491e-04
2.117756742273925149e-04
2.113643113650318930e-04
2.109525982795685552e-04
2.105405345155522082e-04
2.101281196171170653e-04
2.097153531277669574e-04
2.093022345904807177e-04
2.088887635476745870e-04
2.084749395412942893e-04
2.080607621126529980e-04
2.076462308025966226e-04
2.072313451513086791e-04
2.068161046986413784e-04
2.064005089836715645e-04
2.059845575451089430e-04
2.055682499210720858e-04
2.051515856490485588e-04
2.047345642660932232e-04
2.043171853087127942e-04
2.038994483128538885e-04
2.034813528138633421e-04
2.030628983466635528e-04
2.026440844456433015e-04
2.022249106444471724e-04
2.018053764764871072e-04
2.013854814744234516e-04
2.009652251704517536e-04
2.005446070961926361e-04
2.001236267828605797e-04
1.997022837611288045e-04
1.992805775612889452e-04
1.988585077125681129e-04
1.984360737438555812e-04
1.980132751834492186e-04
1.975901115592858270e-04
1.971665823986456427e-04
1.967426872283847350e-04
1.963184255748304078e-04
1.958937969637354734e-04
1.954688009204795616e-04
1.950434369697461631e-04
1.946177046357776611e-04
1.941916034423221509e-04
1.937651329069419749e-04
1.933382925450345409e-04
1.929110818788550518e-04
1.924835004300211999e-04
1.920555477195998487e-04
1.916272232683264209e-04
1.911985265961853395e-04
1.907694572227907725e-04
1.903400146671990658e-04
1.899101984480457866e-04
1.894800080832337438e-04
1.890494430902655404e-04
1.886185029862881340e-04
1.881871872877658683e-04
1.877554955105587800e-04
1.873234271702440374e-04
1.868909817817884030e-04
1.864581588596140173e-04
1.860249579177472600e-04
1.855913784696049996e-04
1.851574200281110635e-04
1.847230821057232889e-04
1.842883638280885415e-04
1.838532648422686836e-04
1.834177849116743755e-04
1.829819235466254620e-04
1.825456802571753454e-04
1.821090545528509933e-04
1.816720459425503738e-04
1.812346539347579942e-04
1.807968780375772107e-04
1.803587177584452727e-04
1.799201726043927454e-04
1.794812420819738769e-04
1.790419256972528017e-04
1.786022229557697135e-04
1.781621333625661816e-04
1.777216564223863514e-04
1.772807916392038258e-04
1.768395385167155737e-04
1.763978965581267425e-04
1.759558652660810530e-04
1.755134441427727153e-04
1.750706326900170926e-04
1.746274304089993554e-04
1.741838368006546299e-04
1.737398513789024750e-04
1.732954736437557403e-04
1.728507030945941017e-04
1.724055392308311704e-04
1.719599817301473556e-04
1.715140299651784215e-04
1.710676833474858904e-04
1.706209413149843907e-04
1.701738033833002049e-04
1.697262690964312893e-04
1.692783378195569972e-04
1.688300089584478020e-04
1.683812819464579878e-04
1.679321562357523941e-04
1.674826312912112752e-04
1.670327065862443850e-04
1.665823815998108580e-04
1.661316558149628000e-04
1.656805287168091028e-04
1.652289997922656438e-04
1.647770685289287184e-04
1.643247344149800099e-04
1.638719969387332303e-04
1.634188555886294312e-04
1.629653098527901771e-04
1.625113592191755672e-04
1.620570031755365857e-04
1.616022412091914031e-04
1.611470728071474846e-04
1.606914974560292469e-04
1.602355146421690496e-04
1.597791238513623013e-04
1.593223245691556674e-04
1.588651162802604086e-04
1.584074984692592262e-04
1.579494706204648009e-04
1.574910322178401582e-04
1.570321827448276086e-04
1.565729216846610517e-04
1.561132485200614239e-04
1.556531627334106316e-04
1.551926638067630709e-04
1.547317512217131108e-04
1.542704244596113919e-04
1.538086828302008178e-04
1.533465258231428993e-04
1.528839530963454238e-04
1.524209642484239532e-04
1.519575588384528713e-04
1.514937363988862000e-04
1.510294964444731296e-04
1.505648384781318192e-04
1.500997619945715540e-04
1.496342664833673797e-04
1.491683514301870672e-04
1.487020163220652681e-04
1.482352606290292425e-04
1.477680838332596418e-04
1.473004854149426461e-04
1.468324648494837004e-04
1.463640216127977704e-04
1.458951551807889256e-04
1.454258650297652635e-04
1.449561506357445863e-04
1.444860114747162090e-04
1.440154470224778137e-04
1.435444567546183465e-04
1.430730401465274231e-04
1.426011966734214848e-04
1.421289258102051835e-04
1.416562270315873371e-04
1.411830998121094171e-04
1.407095436260031110e-04
1.402355579473393463e-04
1.397611422499284086e-04
1.392862960074257590e-04
1.388110186932415852e-04
1.383353097806195415e-04
1.378591687426037346e-04
1.373825950521254330e-04
1.369055881816823327e-04
1.364281476044400525e-04
1.359502727926162661e-04
1.354719632184881427e-04
1.349932183540800969e-04
1.345140376712997750e-04
1.340344206418800225e-04
1.335543667375841239e-04
1.330738754298028319e-04
1.325929461900436136e-04
1.321115784896515768e-04
1.316297717997708724e-04
1.311475255916368327e-04
1.306648393362089418e-04
1.301817125045803933e-04
1.296981445676991516e-04
1.292141349964087455e-04
1.287296832616279473e-04
1.282447888341234701e-04
1.277594511848245489e-04
1.272736697844401900e-04
1.267874441038109405e-04
1.263007736138337805e-04
1.258136577852642286e-04
1.253260960890274810e-04
1.248380879961202643e-04
1.243496329774979969e-04
1.238607305042656087e-04
1.233713800474450068e-04
1.228815810785473174e-04
1.223913330687483503e-04
1.219006354896301519e-04
1.214094878127586685e-04
1.209178895100030706e-04
1.204258400533164322e-04
1.199333389147565074e-04
1.194403855667208254e-04
1.189469794818093495e-04
1.184531201327154064e-04
1.179588070220334399e-04
1.174640397084629841e-04
1.169688175923294323e-04
1.164731401134696083e-04
1.159770065853993039e-04
1.154804163824481458e-04
1.149833689163901328e-04
1.144858636225621349e-04
1.139878999503780318e-04
1.134894772938580389e-04
1.129905951445411258e-04
1.124912529370874305e-04
1.119914502812083214e-04
1.114911867401308391e-04
1.109904618440354202e-04
1.104892751032070930e-04
1.099876260159668505e-04
1.094855140736944606e-04
1.089829387638985070e-04
1.084798995717944990e-04
1.079763959816984784e-04
1.074724274775921463e-04
1.069679935436076908e-04
1.064630936641387555e-04
1.059577273243956456e-04
1.054518940100708789e-04
1.049455932078051623e-04
1.044388244050076849e-04
1.039315870900903740e-04
1.034238807523725528e-04
1.029157048822673415e-04
1.024070589710313024e-04
1.018979425113477531e-04
1.013883549968188188e-04
1.008782959222745645e-04
1.003677647839178318e-04
9.985676107895747971e-05
9.934528430631470186e-05
9.883333396601043895e-05
9.832090955954280289e-05
9.780801059006671557e-05
9.729463656210851977e-05
9.678078698192678808e-05
9.626646135737567278e-05
9.575165919807065323e-05
9.523638001539200531e-05
9.472062332272964140e-05
9.420438863513166624e-05
9.368767546981345050e-05
9.317048334616558612e-05
9.265281178557243150e-05
9.213466031175532929e-05
9.161602845058875279e-05
9.109691573060706203e-05
9.057732166103440714e-05
9.005724575738182009e-05
8.953668766613351380e-05
8.901564689314561858e-05
8.849412305216512026e-05
8.797211560757957089e-05
8.744962406016073468e-05
8.692664793305380925e-05
8.640318676359084538e-05
8.587924009873614927e-05
8.535480749272521543e-05
8.482988850541226704e-05
8.430448270169747197e-05
8.377858965098694229e-05
8.325220892731425985e-05
8.272534010905503287e-05
8.219798277918911032e-05
8.167013652542817889e-05
8.114180094012792910e-05
8.061297562091056354e-05
8.008366017033713739e-05
7.955385419626878748e-05
7.902355731221320269e-05
7.849276913761345535e-05
7.796148929775087032e-05
7.742971742449041397e-05
7.689745315608593080e-05
7.636469613768153276e-05
7.583144600671739774e-05
7.529770242031453447e-05
7.476346507671767234e-05
7.422873365555432575e-05
7.369350784103872640e-05
7.315778737227510424e-05
7.262157201474693795e-05
7.208486146782322034e-05
7.154765544963450719e-05
7.100995369156045387e-05
7.047175588257430267e-05
6.993306174588381969e-05
6.939387102903584945e-05
6.885418349838486442e-05
6.831399893715729829e-05
6.777331714367619195e-05
6.723213793143047407e-05
6.669046112907451381e-05
6.614828658060343636e-05
6.560561413176310946e-05
6.506244367861355096e-05
6.451877512808572150e-05
6.397460839186674627e-05
6.342994338499576478e-05
6.288478009195025452e-05
6.233911850099963588e-05
6.179295861805630724e-05
6.124630047006158129e-05
6.069914410746052552e-05
6.015148960613456619e-05
5.960333708425433365e-05
5.905468665749450964e-05
5.850553847303442776e-05
5.795589271951571828e-05
5.740574962061899977e-05
5.685510943640218438e-05
5.630397246119605502e-05
5.575233903317972203e-05
5.520020954038389136e-05
5.464758441172719593e-05
5.409446412283079901e-05
5.354084919922456979e-05
5.298674021885786521e-05
5.243213781545877453e-05
5.187704268249670211e-05
5.132145558071642729e-05
5.076537732928735551e-05
5.020880882328471298e-05
4.965175103439643301e-05
4.909420501541386715e-05
4.853617190775696142e-05
4.797765294627788182e-05
4.741864946408181085e-05
4.685916290057315066e-05
4.629919480842205733e-05
4.573874686237241799e-05
4.517782086732973477e-05
4.461641876796929056e-05
4.405454265999045896e-05
4.349219480108298231e-05
4.292937762372145861e-05
4.236609374870218159e-05
4.180234600020905829e-05
4.123813742211840372e-05
4.067347129625346989e-05
4.010835116243120167e-05
3.954278084026995385e-05
3.897676445340104702e-05
3.841030645682930053e-05
3.784341166619968784e-05
3.727608529142884740e-05
3.670833297317382872e-05
3.614016082440485569e-05
3.557157547617784859e-05
3.500258412934142163e-05
3.443319461224140908e-05
3.386341544603206567e-05
3.329325591839732852e-05
3.272272616645610475e-05
3.215183727150218847e-05
3.158060136635101612e-05
3.100903175794400617e-05
3.043714306777864942e-05
2.986495102511803917e-05
2.929247301327492461e-05
2.871972871480946984e-05
2.814673993751656023e-05
2.757353090594096310e-05
2.700012860167213329e-05
2.642656331816229287e-05
2.585286913209100659e-05
2.527908398580017653e-05
2.470525067878594794e-05
2.413141805199595769e-05
2.355764125423907200e-05
2.298398312416290631e-05
2.241051570065550924e-05
2.183732195781184216e-05
2.126449794099471654e-05
2.069215541165241696e-05
2.012042513834086640e-05
1.954946101239914247e-05
1.897944504369095860e-05
1.841059382827939765e-05
1.784316738635301344e-05
1.727747898430588664e-05
1.671390790917779472e-05
1.615291491395856279e-05
1.559506084436391228e-05
1.504102755113001295e-05
1.449163839888303866e-05
1.394787514682438514e-05
1.341088323227613693e-05
1.288195624759640000e-05
1.236249121690765776e-05
1.185391360830754193e-05
1.135758339173131967e-05
1.087470395946344466e-05
1.040625584578431315e-05
9.952966263591751989e-06
9.515311792962196161e-06
9.093543409968747000e-06
8.687722069063630984e-06
8.297756291292802708e-06
7.923436354302859779e-06
7.564463973420995518e-06
7.220476008462487558e-06
6.891063377173134806e-06
6.575785788384925980e-06
6.274183658630069493e-06
5.985786663573921512e-06
5.710120474590966542e-06
5.446711883206979166e-06
5.195092675370270536e-06
4.954802538286695320e-06
4.725391216519066032e-06
4.506420085327065334e-06
4.297462530354658798e-06
4.098105916018687726e-06
3.907953117515023747e-06
3.726620068916538336e-06
3.553736919377899671e-06
3.388948190453889349e-06
3.231912754747857907e-06
3.082303495912956448e-06
2.939807033400196170e-06
2.804123403471747220e-06
2.674965721320989772e-06
2.552059787159608131e-06
2.435143683069431237e-06
2.323967354678821158e-06
2.218292180801189843e-06
2.117890534403390811e-06
2.022545336004292589e-06
1.932049601435343728e-06
1.846205983665028860e-06
1.764826309599220819e-06
1.687731111246209653e-06
1.614749150806701014e-06
1.545716935487640255e-06
1.480478050336846210e-06
1.418882848090419197e-06
1.360788612965390706e-06
1.306057914057066185e-06
1.254558582839565846e-06
1.206163209219873914e-06
1.160748643386342013e-06
1.118195508985400390e-06
1.078387734087237084e-06
1.041212107815319674e-06
1.006557718492082271e-06
9.743159471974904636e-07
9.443800220582235265e-07
9.166445558819586441e-07
8.910054908033244929e-07
8.673599816481549480e-07
8.456062701313009943e-07
8.256439139147944516e-07
8.073737864515850066e-07
7.906981654052508636e-07
7.755209673072953601e-07
7.617480523697654333e-07
7.492875144815784544e-07
7.380498947560372638e-07
7.279485190352019262e-07
7.188997763155023491e-07
7.108233435349412345e-07
7.036424149764703166e-07
6.972838716064599407e-07
6.916784116057149713e-07
6.867606325397190770e-07
6.824690687856114681e-07
6.787461855624566557e-07
6.755383333644327102e-07
6.727956675871604808e-07
6.704720383445652495e-07
6.685248557946724303e-07
6.669149363875246601e-07
6.656063349495673760e-07
6.645661671032086818e-07
6.637644263154397519e-07
6.631737988280079403e-07
6.627694796547380065e-07
6.625289919208764690e-07
6.624320114981064851e-07
6.624601984196760736e-07
6.625970360841067309e-07
6.628276789787829477e-07
6.631388094260777045e-07
6.635185034011002472e-07
6.639561055270106948e-07
6.644421131554235855e-07
6.649680690698232432e-07
6.655264627184772563e-07
6.661106393742274301e-07
6.667147169174611166e-07
6.673335097233571944e-07
6.679624591707874451e-07
6.685975703640647310e-07
6.692353546001003014e-07
6.698727770667940180e-07
6.705072094377937173e-07
6.711363869698736680e-07
6.717583696200143937e-07
6.723715069704326131e-07
6.729744065123663836e-07
6.735659050899897173e-07
6.741450431062240226e-07
6.747110413358579891e-07
6.752632800838561687e-07
6.758012804126546930e-07
6.763246873193114818e-07
6.768332545906930947e-07
6.773268313083783155e-07
