3.027503364529005730e-02
3.009798070384961041e-02
2.991986214429797480e-02
2.974062862632403242e-02
2.956024757910104619e-02
2.937877345672511645e-02
2.919613477729236101e-02
2.901238286553841847e-02
2.882743885099834508e-02
2.864133148382834795e-02
2.845405085439050089e-02
2.826559257318091850e-02
2.807590740879691363e-02
2.788502774685488322e-02
2.769291504131536630e-02
2.749957971188997721e-02
2.730501259483786997e-02
2.710915250455981154e-02
2.691207637033393718e-02
2.671367068948939452e-02
2.651403890213867645e-02
2.631305810050315122e-02
2.611078945894619238e-02
2.590718382634339331e-02
2.570227130378593614e-02
2.549598538805630116e-02
2.528836938582337129e-02
2.507935180765391917e-02
2.486897322304505720e-02
2.465720583078077552e-02
2.444403683224981999e-02
2.422944020669964491e-02
2.401344079841762416e-02
2.379596431738109988e-02
2.357706568701631311e-02
2.335669618517028506e-02
2.313486355282842397e-02
2.291151156803281075e-02
2.268671426345358205e-02
2.246033388876031781e-02
2.223249645592282123e-02
2.200307733463265081e-02
2.177216995319572815e-02
2.153964159397939865e-02
2.130561153234890662e-02
2.106994099933308731e-02
2.083272668574715977e-02
2.059387972042226247e-02
2.035345128076832336e-02
2.011137037479693301e-02
1.986767280526594709e-02
1.962236301292570595e-02
1.937533682678329455e-02
1.912671532810490335e-02
1.887637312893618302e-02
1.862440831743496575e-02
1.837072393278936858e-02
1.811538594443302258e-02
1.785832935066978058e-02
1.759958375411625059e-02
1.733915311799316683e-02
1.707695908397517670e-02
1.681312611898149595e-02
1.654753258689813447e-02
1.628026847409935404e-02
1.601128764969416904e-02
1.574061920262061556e-02
1.546825756994998219e-02
1.519419399458778880e-02
1.491850353606920775e-02
1.464109886523021209e-02
1.436210955205375478e-02
1.408147336183168154e-02
1.379926347840656868e-02
1.351547516512773862e-02
1.323016226032048062e-02
1.294336296461551239e-02
1.265511674281098731e-02
1.236548942692006735e-02
1.207453055728099738e-02
1.178230998058972870e-02
1.148890831809308739e-02
1.119442404692401472e-02
1.089895654621003858e-02
1.060263519653369471e-02
1.030559302473972073e-02
1.000797830094326754e-02
9.709964999358909610e-03
9.411776413836508634e-03
9.113634568339079589e-03
8.815805859565475563e-03
8.518604402801770170e-03
8.222365868872125866e-03
7.927507025665241069e-03
7.634460239318988269e-03
7.343765885742219515e-03
7.056013602072217471e-03
6.771878906514362112e-03
6.492128032791991132e-03
6.217636135536735824e-03
5.949374243494585934e-03
5.688417697976639459e-03
5.435963770779405832e-03
5.193287202342398469e-03
4.961719875616806344e-03
4.742637527401460246e-03
4.537374429493314446e-03
4.347141694102985704e-03
4.172991376749692234e-03
4.015654864997873254e-03
3.875541000839206017e-03
3.752528519877870120e-03
3.646037990584037949e-03
3.555242258092878357e-03
3.478862461759554738e-03
3.415268122538948990e-03
3.363073620591618736e-03
3.320387044166191702e-03
3.285917555421281194e-03
3.258118666676475261e-03
3.235696480420746299e-03
3.217776297427216853e-03
3.203372816709299919e-03
3.191722268296224782e-03
3.182229773954194530e-03
3.174493039991156240e-03
3.168138963391612609e-03
3.162835122386073190e-03
3.158303066258202809e-03
3.154404987778073721e-03
3.150992995577300317e-03
3.147931025012580628e-03
3.145165920353663620e-03
3.142629390465004162e-03
3.140266288543885464e-03
3.138037327647418516e-03
3.135913540515275488e-03
3.133870104860752865e-03
3.131886304839350769e-03
3.129949600319139377e-03
3.128048387910228705e-03
3.126173546041646680e-03
3.124319533992450486e-03
3.122481254369246454e-03
3.120653890697401827e-03
3.118835320029798592e-03
3.117023326346788151e-03
3.115215981713005330e-03
3.113411212916647811e-03
3.111608939883448496e-03
3.109808354918044103e-03
3.108008835312051077e-03
3.106209902202761251e-03
3.104411192730178667e-03
3.102612425451123368e-03
3.100813375491964351e-03
3.099013577030807539e-03
3.097212845911463067e-03
3.095411460755102210e-03
3.093609338572981919e-03
3.091806381314128604e-03
3.090002396386936842e-03
3.088197512703519821e-03
3.086391353119706613e-03
3.084584232897116546e-03
3.082776152462613026e-03
3.080967094157937951e-03
3.079157045419568615e-03
3.077345997208485919e-03
3.075533939474787981e-03
3.073720859684761150e-03
3.071906750904097264e-03
3.070091607268943517e-03
3.068275423783114585e-03
3.066458195188819305e-03
3.064639913594049015e-03
3.062820575603677088e-03
3.061000178321054022e-03
3.059178718635431615e-03
3.057356193463547055e-03
3.055532226724663476e-03
3.053707102915192116e-03
3.051880874153128226e-03
3.050053369213275890e-03
3.048224800073032117e-03
3.046395165477288475e-03
3.044564464008104113e-03
3.042732683201974844e-03
3.040899721170677115e-03
3.039065687366576066e-03
3.037230580581764660e-03
3.035394397124568325e-03
3.033557134506694505e-03
3.031718791603861107e-03
3.029879369333618455e-03
3.028038868043437300e-03
3.026197271080871293e-03
3.024354573156847002e-03
3.022510530005089249e-03
3.020665285514831464e-03
3.018818956319784582e-03
3.016971541441012487e-03
3.015123044235882947e-03
3.013273464400754303e-03
3.011422800975644895e-03
3.009571052998337871e-03
3.007718219491417166e-03
3.005864299523863629e-03
3.004009292167543390e-03
3.002153185324918632e-03
3.000295985893026551e-03
2.998437648445350864e-03
2.996578170037448707e-03
2.994717597468977543e-03
2.992855929712365248e-03
2.990993168177717362e-03
2.989129052118683159e-03
2.987263781077925846e-03
2.985397413534055400e-03
2.983529948552156481e-03
2.981661385854349373e-03
2.979791727108002577e-03
2.977920633773138356e-03
2.976048361553503083e-03
2.974174986507215762e-03
2.972300511830713865e-03
2.970424915953529758e-03
2.968548210401009222e-03
2.966670411730527954e-03
2.964791517580967276e-03
2.962911524876280824e-03
2.961030433187880877e-03
2.959148235405248666e-03
2.957264656463177901e-03
2.955379971220322213e-03
2.953494178507114123e-03
2.951607263559360723e-03
2.949719179310442314e-03
2.947829984635914370e-03
2.945939678603453227e-03
2.944048260284606693e-03
2.942155723710476647e-03
2.940262061315185044e-03
2.938367137453796064e-03
2.936471057017389034e-03
2.934573854014433606e-03
2.932675528805836398e-03
2.930776080438464437e-03
2.928875507635978013e-03
2.926973808905873088e-03
2.925070975427277245e-03
2.923167001889213999e-03
2.921261548687649652e-03
2.919354965686310737e-03
2.917447251846107432e-03
2.915538405465289019e-03
2.913628339347413589e-03
2.911717074975110186e-03
2.909804674331721748e-03
2.907891121782437988e-03
2.905976417459524199e-03
2.904060578209999386e-03
2.902143592703471629e-03
2.900225427008120901e-03
2.898306119120458088e-03
2.896385669039556413e-03
2.894464071828999584e-03
2.892541326928394288e-03
2.890617433389307354e-03
2.888692390186848539e-03
2.886766196317416128e-03
2.884838848628804193e-03
2.882910320345286135e-03
2.880980641578316948e-03
2.879049787636736926e-03
2.877117776066981294e-03
2.875184613457093530e-03
2.873250299922985255e-03
2.871314835007470097e-03
2.869378218155198019e-03
2.867440407825936829e-03
2.865501414398242616e-03
2.863561265723191859e-03
2.861619960833487134e-03
2.859677498678010483e-03
2.857733878201590329e-03
2.855789068446276061e-03
2.853842733260377428e-03
2.851895238193441658e-03
2.849946582561697569e-03
2.847996556417885065e-03
2.846045332743871691e-03
2.844092926748437427e-03
2.842138964617572580e-03
2.840183824611065659e-03
2.838227513894407521e-03
2.836270030072438140e-03
2.834311367313405768e-03
2.832351523657732940e-03
2.830390499443145597e-03
2.828428293637865343e-03
2.826464905216506673e-03
2.824500332593919607e-03
2.822534541139832404e-03
2.820567481137665252e-03
2.818598999621070664e-03
2.816629300023452010e-03
2.814658410255622273e-03
2.812686329379099522e-03
2.810713056342097494e-03
2.808738546274762264e-03
2.806762796946057729e-03
2.804785851555407529e-03
2.802807709760134387e-03
2.800828289860699677e-03
2.798847526848880635e-03
2.796865564160213279e-03
2.794881876623623012e-03
2.792896784372766832e-03
2.790910482623939256e-03
2.788922970235894767e-03
2.786934247330138167e-03
2.784944295895819700e-03
2.782953096168120245e-03
2.780960687607254844e-03
2.778966735433322215e-03
2.776971567442884387e-03
2.774975187135433723e-03
2.772977593426148753e-03
2.770978785214598967e-03
2.768978761368803138e-03
2.766977522184538556e-03
2.764975071490944486e-03
2.762971408230903859e-03
2.760966514727864612e-03
2.758960380788472340e-03
2.756953029994731880e-03
2.754944461186290602e-03
2.752934673114390465e-03
2.750923663862687215e-03
2.748911430543250507e-03
2.746897974917606160e-03
2.744883299484070401e-03
2.742867403077878762e-03
2.740850284469439728e-03
2.738831931572393175e-03
2.736812320905639660e-03
2.734791426277718290e-03
2.732769285933217118e-03
2.730745923373938209e-03
2.728721337960787752e-03
2.726695528608737411e-03
2.724668494165815441e-03
2.722640235075282720e-03
2.720610753152553386e-03
2.718580047085186833e-03
2.716548117008877467e-03
2.714514964256196927e-03
2.712480587743304299e-03
2.710444985545898584e-03
2.708408152365143762e-03
2.706370090764194380e-03
2.704330801250820916e-03
2.702290282732443781e-03
2.700248182359610630e-03
2.698204822909187027e-03
2.696160226131336275e-03
2.694114390115626926e-03
2.692067306174886904e-03
2.690018958012517589e-03
2.687969363867405079e-03
2.685918523661885368e-03
2.683866436187122909e-03
2.681813087226964272e-03
2.679758482153967759e-03
2.677702549742552382e-03
2.675645232505756768e-03
2.673586660395466542e-03
2.671526833483167489e-03
2.669465614068858034e-03
2.667403101910410280e-03
2.665339326788704246e-03
2.663274284058299649e-03
2.661207975231230909e-03
2.659140399947392853e-03
2.657071518159478431e-03
2.655001303021050675e-03
2.652929787102322606e-03
2.650857000590087827e-03
2.648782942089756166e-03
2.646707609966800472e-03
2.644631001907381956e-03
2.642553115860095565e-03
2.640473945287788102e-03
2.638393488163814655e-03
2.636311743242514098e-03
2.634228709284901822e-03
2.632144084666973409e-03
2.630058155904540368e-03
2.627970934023367202e-03
2.625882417843507580e-03
2.623792312486044210e-03
2.621700851198686868e-03
2.619608091845715761e-03
2.617514033252550058e-03
2.615418674351968360e-03
2.613322013902223944e-03
2.611224050682462664e-03
2.609124781538811524e-03
2.607023887746548994e-03
2.604921640324571203e-03
2.602818041330173457e-03
2.600713134612958524e-03
2.598606923388791911e-03
2.596499406426307048e-03
2.594390577642235931e-03
2.592280436111071493e-03
2.590168983316028760e-03
2.588056219135912144e-03
2.585942088878299613e-03
2.583826409545344691e-03
2.581709311680157552e-03
2.579590670511342290e-03
2.577470708421447480e-03
2.575349424221390002e-03
2.573226820267312479e-03
2.571102870704794745e-03
2.568977588632568969e-03
2.566850947583645525e-03
2.564722817371146209e-03
2.562593242858470042e-03
2.560462282049402825e-03
2.558329897395082968e-03
2.556196182365377302e-03
2.554061135754354204e-03
2.551924756288431306e-03
2.549787026970347804e-03
2.547647628998361315e-03
2.545506895115305559e-03
2.543364825410906506e-03
2.541221418645218076e-03
2.539076673585947356e-03
2.536930588990660238e-03
2.534783163066110182e-03
2.532634398518569460e-03
2.530484295321835941e-03
2.528332852253203228e-03
2.526180068114707716e-03
2.524025945819322221e-03
2.521870460534359620e-03
2.519713538059168648e-03
2.517555267050764628e-03
2.515395646223935605e-03
2.513234671259675056e-03
2.511072340391434267e-03
2.508908645731516666e-03
2.506743562680121325e-03
2.504577120800488121e-03
2.502409318885656306e-03
2.500240155731519188e-03
2.498069631926214378e-03
2.495897748803685683e-03
2.493724505120704493e-03
2.491549898662415771e-03
2.489373928512616206e-03
2.487196595362493358e-03
2.485017894760998321e-03
2.482837788855957878e-03
2.480656304652684076e-03
2.478473382515850726e-03
2.476289067149548082e-03
2.474103373869906888e-03
2.471916302759378549e-03
2.469727852465741780e-03
2.467538021732327332e-03
2.465346769230992476e-03
2.463153848747800384e-03
2.460959503815481498e-03
2.458763577521471712e-03
2.456566084104248177e-03
2.454367192884115197e-03
2.452166911871447690e-03
2.449965240930153994e-03
2.447762178695433912e-03
2.445557723716565955e-03
2.443351874420543208e-03
2.441144629530453067e-03
2.438935987775766711e-03
2.436725947882352732e-03
2.434514434360093502e-03
2.432301286476180879e-03
2.430086736031005380e-03
2.427870643469103029e-03
2.425653052458144436e-03
2.423434054855434349e-03
2.421213649276277025e-03
2.418991829580972603e-03
2.416768579182446922e-03
2.414543883478464763e-03
2.412317757608536863e-03
2.410090211661606360e-03
2.407861244351589165e-03
2.405630858928192208e-03
2.403398875050229058e-03
2.401165376420020831e-03
2.398930428468873735e-03
2.396693852175262301e-03
2.394455856196955109e-03
2.392216439447586353e-03
2.389975563047239820e-03
2.387733230240491125e-03
2.385489126934662186e-03
2.383243594877531950e-03
2.380996632729006149e-03
2.378748236454967125e-03
2.376498405405459528e-03
2.374247137895858263e-03
2.371994432291430616e-03
2.369740270821832796e-03
2.367484666552345431e-03
2.365227603019776602e-03
2.362969075127028216e-03
2.360709097825409129e-03
2.358447547456611788e-03
2.356184452856470955e-03
2.353919904481950164e-03
2.351653901011190994e-03
2.349386441169815706e-03
2.347117521793188645e-03
2.344847138662432828e-03
2.342575281984452668e-03
2.340301954059128501e-03
2.338027163591410284e-03
2.335750909217981005e-03
2.333473159879750902e-03
2.331193944508107210e-03
2.328913264439983529e-03
2.326630954960723450e-03
2.324347142102292218e-03
2.322061857045768819e-03
2.319775085713436831e-03
2.317486515974682797e-03
2.315196468311155747e-03
2.312904941361153700e-03
2.310611933310038370e-03
2.308317366843823815e-03
2.306021303253912979e-03
2.303723759178194410e-03
2.301424649962995148e-03
2.299123968336414230e-03
2.296821792216449665e-03
2.294518127718553780e-03
2.292212975822683577e-03
2.289906335186138800e-03
2.287598204461245305e-03
2.285288582850839110e-03
2.282977472177142707e-03
2.280664870886553799e-03
2.278350775943187041e-03
2.276035102823064336e-03
2.273717759821480659e-03
2.271398687263450136e-03
2.269078025910270784e-03
2.266755868695230838e-03
2.264432214285458118e-03
2.262107063503224560e-03
2.259780414142239895e-03
2.257452222398884534e-03
2.255122286119993612e-03
2.252790842107359713e-03
2.250457889003181812e-03
2.248123252765525833e-03
2.245787039185785216e-03
2.243449246015684177e-03
2.241109911520747580e-03
2.238769063461434287e-03
2.236426700582422062e-03
2.234082819397120549e-03
2.231737415941720867e-03
2.229390488806198573e-03
2.227042036636618910e-03
2.224692058071775155e-03
2.222340549260028251e-03
2.219987508717224684e-03
2.217632830458737998e-03
2.215276588878054356e-03
2.212918820370792915e-03
2.210559522890640470e-03
2.208198695207455597e-03
2.205836190009784464e-03
2.203471979937491644e-03
2.201106196137850302e-03
2.198738752845491671e-03
2.196369767737849955e-03
2.193999242169864319e-03
2.191627174734834052e-03
2.189253563999171964e-03
2.186878405558436832e-03
2.184501695249624082e-03
2.182123431642252979e-03
2.179743616984137870e-03
2.177362250252097217e-03
2.174979330002778204e-03
2.172594854829744664e-03
2.170208824680236286e-03
2.167821238142956207e-03
2.165432093803735299e-03
2.163041390223139487e-03
2.160649128799584876e-03
2.158255308801936695e-03
2.155859928354287962e-03
2.153462985759426861e-03
2.151064481796026093e-03
2.148664418926792778e-03
2.146262772693023624e-03
2.143859426765481156e-03
2.141454415919350276e-03
2.139047702177736786e-03
2.136639241632101987e-03
2.134229130139967887e-03
2.131817265314894013e-03
2.129403830304669402e-03
2.126988823733318330e-03
2.124572236320797052e-03
2.122154008963665107e-03
2.119734203747573788e-03
2.117312819235161580e-03
2.114889853993777609e-03
2.112465304734200116e-03
2.110039168070021627e-03
2.107611422603491817e-03
2.105182052598411450e-03
2.102751090917765429e-03
2.100318536118003180e-03
2.097884386561219179e-03
2.095448640709212437e-03
2.093011297108544021e-03
2.090572354256510588e-03
2.088131511251010725e-03
2.085689062211278609e-03
2.083245009349064553e-03
2.080799351223286929e-03
2.078352085936424100e-03
2.075903212083642351e-03
2.073452723817122926e-03
2.071000548760432852e-03
2.068546725865262961e-03
2.066091271326972977e-03
2.063634188523645434e-03
2.061175484477120474e-03
2.058715014703673633e-03
2.056252756635858735e-03
2.053788871332868238e-03
2.051323357279044753e-03
2.048856213199808443e-03
2.046387439855806931e-03
2.043917035275885641e-03
2.041444985071295265e-03
2.038971289379781088e-03
2.036495950045966521e-03
2.034018830486724813e-03
2.031539888985590177e-03
2.029059300291191376e-03
2.026577062440159706e-03
2.024093160372104731e-03
2.021607570595242414e-03
2.019120325792355015e-03
2.016631426299768989e-03
2.014140870522007111e-03
2.011648656864239212e-03
2.009154694532681341e-03
2.006658873700049080e-03
2.004161388962357078e-03
2.001662023420038451e-03
1.999160983911541477e-03
1.996658279125990663e-03
1.994153880633578891e-03
1.991647810643902301e-03
1.989140070435086068e-03
1.986630658425296136e-03
1.984119575609776323e-03
1.981606822822259886e-03
1.979092397121752587e-03
1.976576221158688872e-03
1.974058369770133239e-03
1.971538841354569024e-03
1.969017637762450479e-03
1.966494757945971665e-03
1.963970197230690325e-03
1.961443861934510525e-03
1.958915815819133911e-03
1.956386082270779227e-03
1.953854659452510488e-03
1.951321500646175560e-03
1.948786558305959067e-03
1.946249922996564317e-03
1.943711498459509222e-03
1.941171196209192555e-03
1.938628818217553139e-03
1.936084743056613660e-03
1.933538970377832828e-03
1.930991498946036354e-03
1.928442327140098477e-03
1.925891452799805134e-03
1.923338873882683361e-03
1.920784588747992232e-03
1.918228595756613000e-03
1.915670890177536678e-03
1.913111470069587096e-03
1.910550333101736307e-03
1.907987474074069158e-03
1.905422834666502946e-03
1.902856216556863449e-03
1.900287866501717670e-03
1.897717762151125568e-03
1.895145928511392762e-03
1.892572363982246170e-03
1.889996898962076561e-03
1.887419601310695236e-03
1.884840346004638392e-03
1.882259290463546503e-03
1.879676496022965370e-03
1.877091957786454967e-03
1.874505674069827351e-03
1.871917624384002036e-03
1.869327743920871573e-03
1.866736098783939929e-03
1.864142701310753233e-03
1.861547549738621016e-03
1.858950642233496691e-03
1.856351977324228715e-03
1.853751552350029917e-03
1.851149153920357429e-03
1.848544954392381673e-03
1.845938969116443220e-03
1.843331014954025134e-03
1.840721295977861601e-03
1.838109810549095821e-03
1.835496536705970077e-03
1.832881481656972083e-03
1.830264659072431462e-03
1.827646070686350264e-03
1.825025709983918529e-03
1.822403557514796699e-03
1.819779635869521635e-03
1.817153937662218223e-03
1.814526451347607625e-03
1.811897140186425866e-03
1.809266053517823332e-03
1.806633189850666418e-03
1.803998547543510548e-03
1.801362121204228006e-03
1.798723901796172144e-03
1.796083902421515954e-03
1.793442121382209315e-03
1.790798556992514740e-03
1.788153211905910362e-03
1.785506078263801328e-03
1.782857158283504247e-03
1.780206426207673861e-03
1.777553614447175724e-03
1.774899005764367637e-03
1.772242604905632356e-03
1.769584376124821437e-03
1.766924340590388586e-03
1.764262508266557696e-03
1.761598877420014319e-03
1.758933446365027690e-03
1.756266180392658527e-03
1.753596770040182504e-03
1.750925466033276387e-03
1.748252353231180903e-03
1.745577424807481836e-03
1.742900675708318210e-03
1.740222096438343458e-03
1.737541682884749831e-03
1.734859441245288625e-03
1.732175370295538884e-03
1.729489466022402812e-03
1.726801697028440205e-03
1.724111909729325685e-03
1.721420255835661882e-03
1.718726746541211076e-03
1.716031396022079736e-03
1.713334205699357888e-03
1.710635162129522545e-03
1.707934270197397153e-03
1.705231530336896771e-03
1.702526941436168601e-03
1.699820502310324952e-03
1.697112211213790568e-03
1.694402063411693232e-03
1.691690057163596373e-03
1.688976194194929904e-03
1.686260472302663531e-03
1.683542887633375767e-03
1.680823437221351697e-03
1.678102117017049371e-03
1.675378925494669120e-03
1.672653810040091718e-03
1.669926790562239116e-03
1.667197900350854238e-03
1.664467102155114649e-03
1.661734343742110294e-03
1.658999592783710116e-03
1.656262824549841741e-03
1.653524182677457979e-03
1.650783665445246283e-03
1.648041254739731091e-03
1.645296612826638262e-03
1.642550060570885113e-03
1.639801628298005829e-03
1.637051311223726956e-03
1.634299107430977173e-03
1.631545008468433073e-03
1.628788826045336671e-03
1.626030749139700240e-03
1.623270458366835815e-03
1.620508192823457393e-03
1.617744021722779561e-03
1.614977947016743966e-03
1.612209967032100528e-03
1.609440080096112211e-03
1.606668284529603336e-03
1.603894577146298874e-03
1.601118955788479294e-03
1.598341418765409586e-03
1.595561965679750905e-03
1.592780594647553657e-03
1.589997303547870762e-03
1.587212091215837355e-03
1.584424956161521346e-03
1.581635708852242601e-03
1.578844502925295414e-03
1.576051371602327439e-03
1.573256313262940851e-03
1.570459326240742064e-03
1.567660408885152533e-03
1.564859560112127944e-03
1.562056778513718804e-03
1.559251880082703759e-03
1.556444873405872292e-03
1.553635930851628242e-03
1.550825039661951057e-03
1.548012173070349154e-03
1.545197361726335407e-03
1.542380599440356607e-03
1.539561767107832171e-03
1.536740833570321690e-03
1.533917919117045369e-03
1.531093053793989960e-03
1.528266159100967123e-03
1.525437222807900098e-03
1.522606330658690015e-03
1.519773482662370011e-03
1.516938648885981199e-03
1.514101814650000138e-03
1.511263017250653699e-03
1.508422195045964987e-03
1.505579385235191782e-03
1.502734590950659428e-03
1.499887803485876019e-03
1.497039044911339977e-03
1.494188315130247227e-03
1.491335613436989890e-03
1.488480916870224416e-03
1.485624172465874540e-03
1.482765451747112629e-03
1.479904752821746550e-03
1.477042073430408697e-03
1.474177333275947547e-03
1.471310598956325922e-03
1.468441872522031422e-03
1.465571149204825292e-03
1.462698427275767625e-03
1.459823704759882030e-03
1.456946979823017406e-03
1.454068250556088448e-03
1.451187515850798542e-03
1.448304755716456728e-03
1.445419852925233350e-03
1.442532813387650045e-03
1.439643755289602561e-03
1.436752681588807003e-03
1.433859569822148452e-03
1.430964368942220372e-03
1.428067109876202199e-03
1.425167794539173791e-03
1.422266197396636084e-03
1.419362586102953464e-03
1.416456958768731907e-03
1.413549311766612582e-03
1.410639642396164899e-03
1.407727948438723068e-03
1.404814206753600024e-03
1.401898419991857861e-03
1.398980605229418204e-03
1.396060693510010669e-03
1.393138580273917820e-03
1.390214391353444302e-03
1.387288145213995969e-03
1.384359853898161968e-03
1.381429514070386944e-03
1.378497121736017546e-03
1.375562673025031851e-03
1.372626052370872884e-03
1.369687129675687147e-03
1.366746120382284066e-03
1.363803058486381123e-03
1.360857946185652437e-03
1.357910781572777134e-03
1.354961562744308196e-03
1.352010264310915446e-03
1.349056733013070768e-03
1.346101121775513656e-03
1.343143437405431521e-03
1.340183688441056765e-03
1.337221874756961510e-03
1.334257996459909962e-03
1.331292052246405965e-03
1.328324040406514590e-03
1.325353959326669353e-03
1.322381807412852800e-03
1.319407579116032127e-03
1.316431215801617313e-03
1.313452778867766181e-03
1.310472197415428431e-03
1.307489478333551374e-03
1.304504675917539987e-03
1.301517785976851610e-03
1.298528805334550531e-03
1.295537730574744832e-03
1.292544546063131199e-03
1.289549265614690042e-03
1.286551883379012445e-03
1.283552361788164618e-03
1.280550727741172536e-03
1.277546988771131008e-03
1.274541139257268389e-03
1.271533138388318421e-03
1.268523025552149072e-03
1.265510801965014868e-03
1.262496466408649220e-03
1.259479957694277378e-03
1.256461329476247666e-03
1.253440492343955949e-03
1.250417403326084314e-03
1.247392183021163925e-03
1.244364839792684151e-03
1.241335356128562715e-03
1.238303727459548172e-03
1.235269961760748292e-03
1.232234065413027012e-03
1.229196036469528026e-03
1.226155872989181635e-03
1.223113445141216270e-03
1.220068779118690721e-03
1.217021972271831393e-03
1.213972905986616469e-03
1.210921563206498368e-03
1.207867996997171074e-03
1.204812279681646966e-03
1.201754416152062219e-03
1.198694402584641770e-03
1.195632240640715546e-03
1.192567860221591721e-03
1.189501194181305727e-03
1.186432374190235940e-03
1.183361397034843766e-03
1.180288257915325422e-03
1.177212950525106938e-03
1.174135477629870529e-03
1.171055833728366566e-03
1.167974014045397232e-03
1.164890022893319641e-03
1.161803855448875896e-03
1.158715511481380302e-03
1.155624991950328579e-03
1.152532296720235137e-03
1.149437423263908846e-03
1.146340367111739044e-03
1.143241126180649398e-03
1.140139698520810287e-03
1.137036082345066002e-03
1.133930275640394414e-03
1.130822277617512606e-03
1.127712087289437079e-03
1.124599656308353582e-03
1.121484888390768568e-03
1.118367922390339124e-03
1.115248756277698559e-03
1.112127388415761874e-03
1.109003817071752603e-03
1.105878040709236138e-03
1.102750056290635779e-03
1.099619860230894143e-03
1.096487450572596316e-03
1.093352683183335334e-03
1.090215523679398954e-03
1.087076091886360037e-03
1.083934439627118286e-03
1.080790564924824461e-03
1.077644461941911153e-03
1.074496068932521888e-03
1.071345440967804395e-03
1.068192465423407206e-03
1.065037177846275265e-03
1.061879661000858163e-03
1.058719912825887861e-03
1.055557928623058160e-03
1.052393706421278453e-03
1.049227244328816092e-03
1.046058539768229996e-03
1.042887589664244019e-03
1.039714392208847824e-03
1.036538945498625183e-03
1.033361249591600861e-03
1.030181304006103950e-03
1.026999106371794196e-03
1.023814627790581950e-03
1.020627753742831467e-03
1.017438621109082201e-03
1.014247226463229701e-03
1.011053567966491368e-03
1.007857643707579885e-03
1.004659449715272594e-03
1.001458982662415407e-03
9.982560979832166923e-04
9.950509195506441074e-04
9.918434626054006657e-04
9.886337258117278235e-04
9.854216021842193696e-04
9.822071379549978179e-04
9.789903847604276236e-04
9.757713408502256000e-04
9.725499850907987163e-04
9.693261223876029368e-04
9.660999458816658470e-04
9.628714752952950012e-04
9.596406896528922965e-04
9.564076066112289602e-04
9.531722287211273929e-04
9.499345543893327696e-04
9.466945804847679870e-04
9.434522866813195314e-04
9.402075641814535952e-04
9.369605353050581209e-04
9.337112008134183490e-04
9.304595355399012876e-04
9.272055541113243806e-04
9.239491972506541509e-04
9.206904546575175223e-04
9.174293952211719661e-04
9.141660170135865052e-04
9.109003185016709700e-04
9.076322406219130331e-04
9.043618343653809415e-04
9.010890102703812167e-04
8.978138165305475128e-04
8.945362957765977960e-04
8.912563774069559401e-04
8.879740702351319797e-04
8.846894265348460981e-04
8.814024448440790959e-04
8.781130918406025330e-04
8.748213102737922462e-04
8.715271870582368260e-04
8.682307208544421100e-04
8.649319011678255733e-04
8.616306290807330915e-04
8.583269886752546967e-04
8.550210047746613232e-04
8.517126763635743262e-04
8.484020015720550398e-04
8.450889762369433048e-04
8.417735207696149099e-04
8.384557147703365545e-04
8.351355306728072171e-04
8.318128835047262177e-04
8.284878636978930833e-04
8.251603519595456220e-04
8.218304228093139922e-04
8.184981341951784841e-04
8.151634842245627241e-04
8.118263912664908620e-04
8.084868744143884145e-04
8.051449938202779591e-04
8.018007470692140818e-04
7.984541325853107682e-04
7.951051490909368056e-04
7.917537817051759248e-04
7.884000337380665671e-04
7.850439155419159602e-04
7.816853778024003205e-04
7.783244388216365231e-04
7.749610117506450626e-04
7.715950928605857856e-04
7.682267349426224936e-04
7.648559630738934693e-04
7.614828149284311176e-04
7.581072902795012256e-04
7.547293888833469556e-04
7.513490994356028779e-04
7.479663769094309399e-04
7.445812611199821010e-04
7.411937537388666938e-04
7.378038320591434650e-04
7.344115085641253005e-04
7.310167507869438138e-04
7.276195136979512427e-04
7.242198632798974500e-04
7.208178028942776542e-04
7.174133544176223903e-04
7.140064731129688261e-04
7.105971825260046053e-04
7.071855069594216395e-04
7.037714346660266500e-04
7.003549656432419461e-04
6.969361003987084406e-04
6.935147698954083860e-04
6.900909820155586884e-04
6.866648016345593217e-04
6.832362306216547372e-04
6.798052684165496349e-04
6.763719136842445212e-04
6.729361551267556887e-04
6.694979920790549918e-04
6.660574160137782860e-04
6.626144232198196045e-04
6.591689752401254333e-04
6.557211274603710937e-04
6.522708825673395648e-04
6.488182401526341146e-04
6.453631996117156462e-04
6.419057323374385360e-04
6.384458492115812267e-04
6.349835355963114308e-04
6.315188061954485821e-04
6.280516732331554433e-04
6.245821257209795705e-04
6.211101673994823182e-04
6.176357885402288320e-04
6.141589810387356645e-04
6.106797531077013492e-04
6.071981145957842333e-04
6.037140652674225297e-04
6.002275951169261685e-04
5.967387030754748786e-04
5.932473985202731852e-04
5.897536779248966016e-04
5.862575353950495510e-04
5.827589760842330317e-04
5.792579978350618792e-04
5.757546016263423222e-04
5.722487874809171994e-04
5.687405549414690587e-04
5.652299029624263931e-04
5.617168308970399470e-04
5.582013377795264943e-04
5.546834226482673380e-04
5.511630846552907203e-04
5.476403233863622391e-04
5.441151384276198075e-04
5.405875296469832064e-04
5.370574965168259905e-04
5.335250383649869400e-04
5.299901548546497596e-04
5.264528455509747849e-04
5.229131105683445862e-04
5.193709494945195852e-04
5.158263624417752050e-04
5.122793492220081152e-04
5.087299097029647325e-04
5.051780442469563665e-04
5.016237528684146154e-04
4.980670357329532042e-04
4.945078934194549946e-04
4.909463262595870807e-04
4.873823347667671129e-04
4.838159194625819880e-04
4.802470810032340664e-04
4.766758200514919618e-04
4.731021374063263188e-04
4.695260338210413488e-04
4.659475103086578823e-04
4.623665679734825069e-04
4.587832080782749218e-04
4.551974320357537020e-04
4.516092413994293145e-04
4.480186378558757084e-04
4.444256232784698254e-04
4.408301997063786238e-04
4.372323693405737676e-04
4.336321345802723122e-04
4.300294980301816146e-04
4.264244625117056468e-04
4.228170310597632420e-04
4.192072069395018840e-04
4.155949936597854539e-04
4.119803949826876662e-04
4.083634149397093486e-04
4.047440578380745121e-04
4.011223282822486201e-04
3.974982311939778429e-04
3.938717718119742056e-04
3.902429557076161361e-04
3.866117887607209923e-04
3.829782773446602771e-04
3.793424282373621440e-04
3.757042486387306233e-04
3.720637461684765126e-04
3.684209288441017303e-04
3.647758053052667154e-04
3.611283847355645899e-04
3.574786768315311915e-04
3.538266918835820669e-04
3.501724408097684014e-04
3.465159352188624609e-04
3.428571874377962553e-04
3.391962105533076954e-04
3.355330184637646436e-04
3.318676259280968553e-04
3.282000486332027254e-04
3.245303032444624299e-04
3.208584074741973788e-04
3.171843801371826681e-04
3.135082413122855234e-04
3.098300122871630201e-04
3.061497155722716561e-04
3.024673753400556968e-04
2.987830174577061812e-04
2.950966694349049248e-04
2.914083606005822167e-04
2.877181222891187851e-04
2.840259879001399805e-04
2.803319931141390309e-04
2.766361762464113715e-04
2.729385783232968253e-04
2.692392432994316015e-04
2.655382183187162456e-04
2.618355539913548818e-04
2.581313047311861795e-04
2.544255290518892838e-04
2.507182899450265188e-04
2.470096553453208360e-04
2.432996986283941115e-04
2.395884991341378813e-04
2.358761428421162713e-04
2.321627230103831215e-04
2.284483405721858150e-04
2.247331053795130224e-04
2.210171372455953156e-04
2.173005667308739776e-04
2.135835366384332260e-04
2.098662034120405610e-04
2.061487386566604875e-04
2.024313311149674897e-04
1.987141888294672351e-04
1.949975416808925270e-04
1.912816440849730328e-04
1.875667785721184103e-04
1.838532595645197697e-04
1.801414383320175286e-04
1.764317081560056019e-04
1.727245108198686041e-04
1.690203437744763654e-04
1.653197691301731050e-04
1.616234246230590526e-04
1.579320357479503678e-04
1.542464306550862449e-04
1.505675582807334612e-04
1.468965093128076242e-04
1.432345413065889939e-04
1.395831079483591630e-04
1.359438932361512733e-04
1.323188508192273030e-04
1.287102476074943557e-04
1.251207099321452649e-04
1.215532709998334881e-04
1.180114123814419611e-04
1.144990910183304756e-04
1.110207431389564903e-04
1.075812501680718444e-04
1.041858557527177852e-04
1.008400287412019946e-04
9.754927783964691655e-05
9.431893704990055108e-05
9.115395258701463937e-05
8.805870188416136302e-05
8.503686758436446126e-05
8.209137579175952400e-05
7.922439226114164480e-05
7.643736392227958650e-05
7.373108856128669764e-05
7.110579809848029305e-05
6.856124451095241571e-05
6.609678294717177545e-05
6.371144665782551295e-05
6.140401030069967542e-05
5.917304618778807511e-05
5.701697107327242969e-05
5.493408525849008677e-05
5.292260441511713033e-05
5.098068642371312046e-05
4.910645225020206402e-05
4.729800376123088988e-05
4.555343808216580142e-05
4.387085899879346752e-05
4.224838623220314080e-05
4.068416283968896349e-05
3.917636105024587906e-05
3.772318709773372707e-05
3.632288472281099872e-05
3.497373743391366224e-05
3.367407196155139924e-05
3.242225869741062293e-05
3.121671275527675642e-05
3.005589415468164156e-05
2.893830928063704011e-05
2.786251023921393599e-05
2.682709446548683379e-05
2.583070452377344894e-05
2.487202758815276215e-05
2.394979486137086290e-05
2.306278072183373995e-05
2.220980165615957976e-05
2.138971528843789055e-05
2.060142047065499930e-05
1.984385476042860468e-05
1.911599435100484076e-05
1.841685291171900877e-05
1.774548009201707869e-05
1.710096065310598895e-05
1.648241329916031963e-05
1.588898929047809731e-05
1.531987189959045341e-05
1.477427451802073139e-05
1.425144032815990988e-05
1.375064043317254541e-05
1.327117244867039364e-05
1.281235953996821394e-05
1.237354946550908074e-05
1.195411298857756946e-05
1.155344282234291611e-05
1.117095203314889762e-05
1.080607270992508594e-05
1.045825496284370177e-05
1.012696557059391496e-05
9.811686466874251761e-06
9.511913360657423469e-06
9.227154718644771429e-06
8.956930455592238447e-06
8.700770408209212056e-06
8.458213459662214151e-06
8.228806517261395766e-06
8.012103146204724576e-06
7.807663155275066410e-06
7.615051384159785126e-06
7.433837143365206341e-06
7.263593961281625554e-06
7.103898886585223805e-06
6.954332546351711546e-06
6.814478999027831266e-06
6.683925932111946538e-06
6.562264866563058451e-06
6.449091497553241029e-06
6.344006287500578888e-06
6.344006287500578888e-06
