1.255978643286157631e-02
1.233852566120030927e-02
1.212050372520772495e-02
1.190553544333742761e-02
1.169364566815397043e-02
1.148474506706251633e-02
1.127882750674128604e-02
1.107586710808457567e-02
1.087575819670385385e-02
1.067849644670147355e-02
1.048397596243612340e-02
1.029224199593779115e-02
1.010317456466926049e-02
9.916748786654678433e-03
9.732991023318341914e-03
9.551777122236421516e-03
9.373102256832646639e-03
9.196907633481216093e-03
9.023195039481035976e-03
8.851881140163516890e-03
8.682921670328387978e-03
8.516327667420811945e-03
8.352023439523660608e-03
8.189955326006798444e-03
8.030173067048271274e-03
7.872583933958740912e-03
7.717141731222159490e-03
7.563788705259630318e-03
7.412564040252428953e-03
7.263433964396876288e-03
7.116303929415504666e-03
6.971211047885750647e-03
6.828047739476692836e-03
6.686835221397826635e-03
6.547547549929241817e-03
6.410097471295047276e-03
6.274576433544335440e-03
6.140867184484830564e-03
6.008981025974998239e-03
5.878810531182427843e-03
5.750449889534737027e-03
5.623810953546695517e-03
5.498879739613992366e-03
5.375594401156838682e-03
5.253989007004409781e-03
5.134027702645294587e-03
5.015704516442369074e-03
4.898958966526344334e-03
4.783766155286784359e-03
4.670143855342543185e-03
4.558088213564378058e-03
4.447580787320550358e-03
4.338522659537148891e-03
4.230944968558534962e-03
4.124836763313731447e-03
4.020259844611532608e-03
3.917127938766611604e-03
3.815381560233679394e-03
3.715017492491410212e-03
3.616056698158491827e-03
3.518584765001005199e-03
3.422537226424250244e-03
3.327887667266723071e-03
3.234608959394585405e-03
3.142612142742068956e-03
3.052012744582904228e-03
2.962844290634053784e-03
2.875038907697563279e-03
2.788658948580432367e-03
2.703640103819845725e-03
2.619979983148644238e-03
2.537742270093496996e-03
2.456926470399114527e-03
2.377525107093059805e-03
2.299600067854460934e-03
2.223141119844325529e-03
2.148123269997445888e-03
2.074657130432711657e-03
2.002767357570499167e-03
1.932448695940096372e-03
1.863716852108965273e-03
1.796720435357857318e-03
1.731423551254358296e-03
1.667885843395946859e-03
1.606153216596279678e-03
1.546411616705707908e-03
1.488613946285211606e-03
1.432802405988816948e-03
1.379146834821200164e-03
1.327732080998762689e-03
1.278572767316638352e-03
1.231660314764085329e-03
1.187194681277769148e-03
1.145308578216000734e-03
1.105996181158944549e-03
1.069176032792561225e-03
1.034889863424754428e-03
1.003210922936832901e-03
9.741517078968625794e-04
9.476528937891361267e-04
9.235485053775632043e-04
9.017865963313119286e-04
8.821994485815322319e-04
8.647309185754106916e-04
8.492446107097798144e-04
8.355742484260423849e-04
8.235288890756597936e-04
8.129783701941819575e-04
8.037233235943637638e-04
7.956356028506992055e-04
7.885373029767550829e-04
7.823217875300465937e-04
7.768861158859957476e-04
7.721172498511426037e-04
7.679049343452278411e-04
7.641690506978291624e-04
7.608621944610973516e-04
7.579210604615474944e-04
7.552890130393628007e-04
7.529021679907692537e-04
7.507256619413113811e-04
7.487359183599395741e-04
7.468967026727032664e-04
7.451914549039589854e-04
7.435984835246825780e-04
7.420956736406517399e-04
7.406721761464337556e-04
7.393161080055396864e-04
7.380170844860937853e-04
7.367660142701758881e-04
7.355552543127593691e-04
7.343784124928251023e-04
7.332300404440573625e-04
7.321055419422413391e-04
7.310011201583166765e-04
7.299128711619557114e-04
7.288385997569492812e-04
7.277763096825385844e-04
7.267241139047208231e-04
7.256802542205302922e-04
7.246434372661969591e-04
7.236127268690848834e-04
7.225871995788560580e-04
7.215660834804475806e-04
7.205487328676632571e-04
7.195341902915602592e-04
7.185222854893093605e-04
7.175126025738054253e-04
7.165050378866860692e-04
7.154993258385156487e-04
7.144952449695828088e-04
7.134926044470716374e-04
7.124912486249789954e-04
7.114910488171375834e-04
7.104918967845851203e-04
7.094937014238981900e-04
7.084963828151553088e-04
7.074998789203174911e-04
7.065041375283043342e-04
7.055091153385997793e-04
7.045147762614124062e-04
7.035207770945160278e-04
7.025273483800366153e-04
7.015345006401928988e-04
7.005422167608831843e-04
6.995504910248139712e-04
6.985591573794658685e-04
6.975681930996429107e-04
6.965777589427865277e-04
6.955878519238232680e-04
6.945984668406721780e-04
6.936096038058564214e-04
6.926205963891323260e-04
6.916320032137274285e-04
6.906439298998641495e-04
6.896563668929957735e-04
6.886692386133725936e-04
6.876826098583810332e-04
6.866964561592952187e-04
6.857108230704700349e-04
6.847257089514714908e-04
6.837411124049026312e-04
6.827570330438572374e-04
6.817734694819065772e-04
6.807904227401388123e-04
6.798079105728279054e-04
6.788259316182877019e-04
6.778444519118247309e-04
6.768633342932458500e-04
6.758826757041595541e-04
6.749025451663793898e-04
6.739229427264866942e-04
6.729438671033016609e-04
6.719652894594209044e-04
6.709871731345615426e-04
6.700095798302935354e-04
6.690325082946838638e-04
6.680559572803710473e-04
6.670799056041117753e-04
6.661043736885959542e-04
6.651293615375847897e-04
6.641548678846052444e-04
6.631808914671155977e-04
6.622074310570169554e-04
6.612344862316375457e-04
6.602620579911956146e-04
6.592901464739687892e-04
6.583187503990930913e-04
6.573478684910530204e-04
6.563774994797461721e-04
6.554076471137458299e-04
6.544383113675261883e-04
6.534694903590538726e-04
6.525011806468680080e-04
6.515333829489054806e-04
6.505660947185369332e-04
6.495993147470932420e-04
6.486330435378093390e-04
6.476672816354413047e-04
6.467020277865253349e-04
6.457372807450999794e-04
6.447730392727518949e-04
6.438093030700554496e-04
6.428460719161610461e-04
6.418833445510232312e-04
6.409211197236386890e-04
6.399593961708406565e-04
6.389981726490673482e-04
6.380374479344347056e-04
6.370772208117737043e-04
6.361174900743580022e-04
6.351582543259388144e-04
6.341995133326716215e-04
6.332412663353973034e-04
6.322835121373603833e-04
6.313262502219571743e-04
6.303694796253209946e-04
6.294131991676244495e-04
6.284574074389484826e-04
6.275021005064009959e-04
6.265472765956559692e-04
6.255929346192665380e-04
6.246390734732430814e-04
6.236856912060293866e-04
6.227327865344639427e-04
6.217803580999532818e-04
6.208284043267071244e-04
6.198769241934297923e-04
6.189259166842079121e-04
6.179753807885610475e-04
6.170253155016394578e-04
6.160757194044280639e-04
6.151265851043989782e-04
6.141779115647563346e-04
6.132296978514110639e-04
6.122819430360343547e-04
6.113346461960656765e-04
6.103878065421548902e-04
6.094414233057501070e-04
6.084954955753699331e-04
6.075500224462129610e-04
6.066050031040235184e-04
6.056604388518893427e-04
6.047163285318661423e-04
6.037726665499462382e-04
6.028294502202791736e-04
6.018866842324194655e-04
6.009443677190225066e-04
6.000024998203555473e-04
5.990610796840152618e-04
5.981201064651051232e-04
5.971795793260309231e-04
5.962394167864829659e-04
5.952995704358129319e-04
5.943601683809914904e-04
5.934212098172812885e-04
5.924825682294114102e-04
5.915439448721250245e-04
5.906057637849225841e-04
5.896680235002324738e-04
5.887307232313901233e-04
5.877938622009927592e-04
5.868574396407504360e-04
5.859214547834882018e-04
5.849859067346411439e-04
5.840507947554212168e-04
5.831161181148857703e-04
5.821818761379889563e-04
5.812480683353986755e-04
5.803146935837397722e-04
5.793817408202102046e-04
5.784492018440401569e-04
5.775170760014445518e-04
5.765853626441373855e-04
5.756540611295792509e-04
5.747231763804739940e-04
5.737927089633900000e-04
5.728626584265346941e-04
5.719330070875456662e-04
5.710037535084131572e-04
5.700748970476835886e-04
5.691464368940343799e-04
5.682183720665616965e-04
5.672907024969728361e-04
5.663634275712879033e-04
5.654365466823047838e-04
5.645100592296903265e-04
5.635839646277411704e-04
5.626582623066260242e-04
5.617329516849806125e-04
5.608080321881070938e-04
5.598835032479004435e-04
5.589593643027168310e-04
5.580356082005496219e-04
5.571122175977273952e-04
5.561891921576746570e-04
5.552665315390190775e-04
5.543442354008925894e-04
5.534223034085802980e-04
5.525007352335321907e-04
5.515792323059373571e-04
5.506578282881903919e-04
5.497367871690044547e-04
5.488161086406365650e-04
5.478957642941077776e-04
5.469750490512759536e-04
5.460547011073247844e-04
5.451347201667483544e-04
5.442146696695649224e-04
5.432948318785929672e-04
5.423753601685336661e-04
5.414562541120630443e-04
5.405375129567952094e-04
5.396191364446370270e-04
5.387010999396709505e-04
5.377833955504152412e-04
5.368660231297336894e-04
5.359489825354709107e-04
5.350317957042360559e-04
5.341145993781324427e-04
5.331977592223079718e-04
5.322812749053071855e-04
5.313651461033163000e-04
5.304493724996293437e-04
5.295339607379140291e-04
5.286189294453754947e-04
5.277042782698054607e-04
5.267900068657320120e-04
5.258761148940203954e-04
5.249626020218382165e-04
5.240494679242830439e-04
5.231367137350594445e-04
5.222243546144291360e-04
5.213123902403929638e-04
5.204008202610747391e-04
5.194894832578784158e-04
5.185784927020218758e-04
5.176678978495313516e-04
5.167576983911407757e-04
5.158478971487869512e-04
5.149385085037711494e-04
5.140295321581259905e-04
5.131209678207852582e-04
5.122128152074854543e-04
5.113050725565993848e-04
5.103977391324578203e-04
5.094908146996974911e-04
5.085842992316015956e-04
5.076781927168089962e-04
5.067724949216064704e-04
5.058672055679078704e-04
5.049623240758199664e-04
5.040578502387592016e-04
5.031537836310034017e-04
5.022501239727910011e-04
5.013468710748805821e-04
5.004440195416123144e-04
4.995415753535404658e-04
4.986395461224200128e-04
4.977379315886383115e-04
4.968367315009769363e-04
4.959359456165251612e-04
4.950355737001993321e-04
4.941356155245319902e-04
4.932360708693609222e-04
4.923369395216824684e-04
4.914382212752521021e-04
4.905399159308310858e-04
4.896420232955582845e-04
4.887445375266157152e-04
4.878474459394108523e-04
4.869507485213743774e-04
4.860544452663482931e-04
4.851585361741101213e-04
4.842626697766525489e-04
4.833669504879752120e-04
4.824716288014728005e-04
4.815767047866674477e-04
4.806821785155590684e-04
4.797880501494593817e-04
4.788943216006124595e-04
4.780010088132916014e-04
4.771081117278073037e-04
4.762156302877598572e-04
4.753235644404459775e-04
4.744319141368070342e-04
4.735406793318928183e-04
4.726498599847932919e-04
4.717594560588579764e-04
4.708694675217768339e-04
4.699798887274496319e-04
4.690907196214539753e-04
4.682019602248499489e-04
4.673136105635217414e-04
4.664256706680887398e-04
4.655381405740334662e-04
4.646510203218141713e-04
4.637643099568164256e-04
4.628780091972684442e-04
4.619921132506543422e-04
4.611066124534732714e-04
4.602215069725690928e-04
4.593367969786778986e-04
4.584524826465600686e-04
4.575685641659411169e-04
4.566850418281126109e-04
4.558019160071919004e-04
4.549191783748774494e-04
4.540368266445259440e-04
4.531548610078381520e-04
4.522732301768632988e-04
4.513918431376522404e-04
4.505107790138340664e-04
4.496298007672609861e-04
4.487492111057801237e-04
4.478690102331923766e-04
4.469891983598343757e-04
4.461097751990076134e-04
4.452307404709914527e-04
4.443520944385381702e-04
4.434738294334689569e-04
4.425959440511886226e-04
4.417184317333763322e-04
4.408412929667344525e-04
4.399645282408293787e-04
4.390881158149164895e-04
4.382116118802512018e-04
4.373354853691285827e-04
4.364597368100028114e-04
4.355843673419263363e-04
4.347093775150234480e-04
4.338346754296888708e-04
4.329598955723400959e-04
4.320855071125536849e-04
4.312115128349107971e-04
4.303379019349967238e-04
4.294646739125780924e-04
4.285918292503030041e-04
4.277193684343800258e-04
4.268472919545146559e-04
4.259756003040484815e-04
4.251042869525963291e-04
4.242333432158427791e-04
4.233627696094601888e-04
4.224925677645590067e-04
4.216227439856937674e-04
4.207533091546506658e-04
4.198839642591943198e-04
4.190149405808296906e-04
4.181461620876922173e-04
4.172773608756696483e-04
4.164089497929249748e-04
4.155409291331680775e-04
4.146733029407084943e-04
4.138060780160747357e-04
4.129392546099949508e-04
4.120728329777934929e-04
4.112068133790267358e-04
4.103411960772997895e-04
4.094759812399599640e-04
4.086108839947520254e-04
4.077460945919622018e-04
4.068817243671454180e-04
4.060177736064340655e-04
4.051542425806348505e-04
4.042911315573037155e-04
4.034284408072522457e-04
4.025661713749527294e-04
4.017043200051083102e-04
4.008428864666195601e-04
3.999818685109568289e-04
3.991212664698027689e-04
3.982610806804912193e-04
3.974013115452512115e-04
3.965418174006230282e-04
3.956827481062146824e-04
3.948239711170594725e-04
3.939656009255746816e-04
3.931075792818032057e-04
3.922499901019038974e-04
3.913928337429894251e-04
3.905361103010772210e-04
3.896798187376214625e-04
3.888239563866550930e-04
3.879685274988442837e-04
3.871135324534722279e-04
3.862589752176749528e-04
3.854048669559012185e-04
3.845512125810019669e-04
3.836980124033259501e-04
3.828452657637599417e-04
3.819929729060999733e-04
3.811411341721156264e-04
3.802897509664464348e-04
3.794388234310375023e-04
3.785883478359359047e-04
3.777383250761696173e-04
3.768887593470435509e-04
3.760396454704872222e-04
3.751909805213981966e-04
3.743427643871405537e-04
3.734949976812843063e-04
3.726476809526836566e-04
3.718008146598327955e-04
3.709543992636150076e-04
3.701084319260443162e-04
3.692629104651837984e-04
3.684178353873354857e-04
3.675732071338927735e-04
3.667290253689128540e-04
3.658850660932779701e-04
3.650415537146347754e-04
3.641984853623933820e-04
3.633558614773701187e-04
3.625136825080502558e-04
3.616718839086554573e-04
3.608303842322577453e-04
3.599893298117062780e-04
3.591486193821760253e-04
3.583083004550313504e-04
3.574683729482699772e-04
3.566288628217469396e-04
3.557898007874316635e-04
3.549511877441003738e-04
3.541130280139511062e-04
3.532753205706088036e-04
3.524380657253304541e-04
3.516012637885452033e-04
3.507649210596742138e-04
3.499290381125905744e-04
3.490936152779993123e-04
3.482586528859725515e-04
3.474241512656701144e-04
3.465898300856899749e-04
3.457558796590158752e-04
3.449223779193163943e-04
3.440893020273628686e-04
3.432566914742470640e-04
3.424245465267793716e-04
3.415928674506555143e-04
3.407616545101167034e-04
3.399309078238390040e-04
3.391006259412720158e-04
3.382708105792433737e-04
3.374414661609787523e-04
3.366125906756657366e-04
3.357841665426298887e-04
3.349561857277997537e-04
3.341286745467624648e-04
3.333016367853641163e-04
3.324750729613399768e-04
3.316489833067704602e-04
3.308233680495727526e-04
3.299982274140362453e-04
3.291735616211248646e-04
3.283493708888820758e-04
3.275256559814776394e-04
3.267024219626178997e-04
3.258796739361909263e-04
3.250574127044720662e-04
3.242356383880324070e-04
3.234143511080776203e-04
3.225935509866953215e-04
3.217732381455572265e-04
3.209533690533706153e-04
3.201339567076630756e-04
3.193150325329986217e-04
3.184965966299930585e-04
3.176786490988305696e-04
3.168611903299571857e-04
3.160442211332955653e-04
3.152277424646213145e-04
3.144117547392337388e-04
3.135962580222917081e-04
3.127812523758341382e-04
3.119667378705390844e-04
3.111527145788136879e-04
3.103391825744337864e-04
3.095261419319266243e-04
3.087135927266488602e-04
3.079015350342186085e-04
3.070899689306093847e-04
3.062788951357976763e-04
3.054683137316399882e-04
3.046582247597148232e-04
3.038486282656331573e-04
3.030395242980151696e-04
3.022309129080089649e-04
3.014227956225537085e-04
3.006151730820372627e-04
2.998080452127337169e-04
2.990014116650657164e-04
2.981952726473794594e-04
2.973896283618654240e-04
2.965844788446169713e-04
2.957798241321890078e-04
2.949756642615521769e-04
2.941719992699453538e-04
2.933688291949468232e-04
2.925661540742701783e-04
2.917639738311433883e-04
2.909622881076100046e-04
2.901610967727502296e-04
2.893603998934181918e-04
2.885601975317930484e-04
2.877604897460608944e-04
2.869612765911754926e-04
2.861625580545444853e-04
2.853643341853718401e-04
2.845666050335889704e-04
2.837693706475879389e-04
2.829726310745671021e-04
2.821763863608270969e-04
2.813806365516628000e-04
2.805853816917930517e-04
2.797906218288599722e-04
2.789963572117891704e-04
2.782025878742856186e-04
2.774093138517041198e-04
2.766165347888740285e-04
2.758242508307902547e-04
2.750324620829263170e-04
2.742411685909077737e-04
2.734503703995455138e-04
2.726600675530111264e-04
2.718702600947524414e-04
2.710809480676929688e-04
2.702921315142919087e-04
2.695038104765523916e-04
2.687159843781723365e-04
2.679286521982349395e-04
2.671418157019478097e-04
2.663554749293850108e-04
2.655696299200527560e-04
2.647842807132676853e-04
2.639994273480168957e-04
2.632150698175764365e-04
2.624312080805330373e-04
2.616478412619741966e-04
2.608649693743382071e-04
2.600825925087125795e-04
2.593007107453084879e-04
2.585193241559785040e-04
2.577384328057282458e-04
2.569580367542375677e-04
2.561781360568390529e-04
2.553987307655510410e-04
2.546198209293139302e-04
2.538414060855734094e-04
2.530634859384214320e-04
2.522860609887910607e-04
2.515091312911946252e-04
2.507326969007733471e-04
2.499567585035380448e-04
2.491813160979701306e-04
2.484063697307847861e-04
2.476319194231316515e-04
2.468579651995185206e-04
2.460845070867389022e-04
2.453115451133890622e-04
2.445390793092427646e-04
2.437671097049691883e-04
2.429956363317621582e-04
2.422246592090425811e-04
2.414541783474358824e-04
2.406841937804064769e-04
2.399147055411156640e-04
2.391457136619723066e-04
2.383772181748582098e-04
2.376092191110014591e-04
2.368417165012497746e-04
2.360747103756214349e-04
2.353082007637897523e-04
2.345421876948770748e-04
2.337766711972095936e-04
2.330116512989123534e-04
2.322471280306592767e-04
2.314831014193403393e-04
2.307195714910945171e-04
2.299565382711953488e-04
2.291940017847986287e-04
2.284319620562328507e-04
2.276704191093546369e-04
2.269093729675304412e-04
2.261488236534696372e-04
2.253887711894692763e-04
2.246292155971411127e-04
2.238701568976290946e-04
2.231115951113330550e-04
2.223535302582228053e-04
2.215959623577893733e-04
2.208388914287069487e-04
2.200823174893023430e-04
2.193262405570373097e-04
2.185706606491536451e-04
2.178155777820590955e-04
2.170609919715487518e-04
2.163069032328676080e-04
2.155533115807222431e-04
2.148002170293825737e-04
2.140476195924017775e-04
2.132955192828147565e-04
2.125439161129892487e-04
2.117928100949381599e-04
2.110422012397796313e-04
2.102920895582797902e-04
2.095424750605646784e-04
2.087933577561293863e-04
2.080447376540476559e-04
2.072966147626529362e-04
2.065489890898233925e-04
2.058018606427336515e-04
2.050552294281891689e-04
2.043090954522406059e-04
2.035634587205356529e-04
2.028183192379919258e-04
2.020736770091741867e-04
2.013295320379276671e-04
2.005858843276357012e-04
1.998427338810685339e-04
1.991000807004991409e-04
1.983579247876743887e-04
1.976162661437773317e-04
1.968751047694551842e-04
1.961344406648292415e-04
1.953942738295536702e-04
1.946546042626109464e-04
1.939154319627156673e-04
1.931767569277962205e-04
1.924385791555181563e-04
1.917008986428572011e-04
1.909637153864422179e-04
1.902270293823212898e-04
1.894908406261198780e-04
1.887551491129489353e-04
1.880199548375013463e-04
1.872852577939114688e-04
1.865510579759937940e-04
1.858173553770259159e-04
1.850841499898085967e-04
1.843514418068944517e-04
1.836192308201487118e-04
1.828875170212865004e-04
1.821563004014071412e-04
1.814255809513450057e-04
1.806953586615050675e-04
1.799656335218901421e-04
1.792364055220955479e-04
1.785076746515907274e-04
1.777794408991039353e-04
1.770517042533799063e-04
1.763244647026346095e-04
1.755977222349444232e-04
1.748714768378388539e-04
1.741457284987560643e-04
1.734204772047685697e-04
1.726957229427129360e-04
1.719714656991592051e-04
1.712477054604195686e-04
1.705244422126429643e-04
1.698016759407667338e-04
1.690794066299148104e-04
1.683576342657863234e-04
1.676363588338830775e-04
1.669155803195269266e-04
1.661952987078234539e-04
1.654755139837478669e-04
1.647562261321899109e-04
1.640374351380145574e-04
1.633191409853590882e-04
1.626013436580177980e-04
1.618840431406548097e-04
1.611672394180013583e-04
1.604509324746857609e-04
1.597351222954116595e-04
1.590198088649946945e-04
1.583049921682647631e-04
1.575906715771924714e-04
1.568768469539286690e-04
1.561635184568102683e-04
1.554506866154262558e-04
1.547383511979929366e-04
1.540265117191130253e-04
1.533151686034868628e-04
1.526043218753310535e-04
1.518939715159969134e-04
1.511841175101297815e-04
1.504747598448446470e-04
1.497658985089928756e-04
1.490575334927611638e-04
1.483496647874087279e-04
1.476422923850933438e-04
1.469354162787523288e-04
1.462290364620375709e-04
1.455231529293061230e-04
1.448177656756214769e-04
1.441128746966987575e-04
1.434084799889806430e-04
1.427045815509281356e-04
1.420011793806617438e-04
1.412982734770467958e-04
1.405958638394844053e-04
1.398939504684817894e-04
1.391925333654128489e-04
1.384916125325460600e-04
1.377911879732850588e-04
1.370912596920648282e-04
1.363918275250772466e-04
1.356928912218289488e-04
1.349944512339117423e-04
1.342965075716419463e-04
1.335990602449290874e-04
1.329021092651892181e-04
1.322056546453874719e-04
1.315096963999792183e-04
1.308142345449804815e-04
1.301192690981631782e-04
1.294248000788455414e-04
1.287308275082484977e-04
1.280373514093925864e-04
1.273443718071238997e-04
1.266518887283674870e-04
1.259599022019720980e-04
1.252684122590650415e-04
1.245774189328582762e-04
1.238869222588479576e-04
1.231969222750304660e-04
1.225074190216939409e-04
1.218184125417208009e-04
1.211299028807131178e-04
1.204418900868379149e-04
1.197543742113031315e-04
1.190673553080832112e-04
1.183808334341988943e-04
1.176948086499786589e-04
1.170092810259251096e-04
1.163242506357621916e-04
1.156397175494075957e-04
1.149556818544560620e-04
1.142721438134807838e-04
1.135891038689490994e-04
1.129065620167600683e-04
1.122245180556597600e-04
1.115429721728247427e-04
1.108619244560428934e-04
1.101813748789052155e-04
1.095013230031133180e-04
1.088217690501898843e-04
1.081427132041497187e-04
1.074641556279930634e-04
1.067860964738443522e-04
1.061085358895143987e-04
1.054314740224527604e-04
1.047549110224245660e-04
1.040788470430318815e-04
1.034032822428606740e-04
1.027282167862050589e-04
1.020536508437274841e-04
1.013795845928019615e-04
1.007060182179204933e-04
1.000329519109482664e-04
9.936038587159159411e-05
9.868832030748446232e-05
9.801675543461237149e-05
9.734569147775520598e-05
9.667512867039479234e-05
9.600506725546564151e-05
9.533550748543343151e-05
9.466644962263185553e-05
9.399789393976870037e-05
9.332984072017724581e-05
9.266229025824513439e-05
9.199524285979617313e-05
9.132869884240996995e-05
9.066265868435607553e-05
8.999712283873316228e-05
8.933209162108434050e-05
8.866756556384026359e-05
8.800354514760429518e-05
8.734003040479328063e-05
8.667702170957518814e-05
8.601451952383967238e-05
8.535252428105038244e-05
8.469103598645007279e-05
8.403005515636683971e-05
8.336958236621001871e-05
8.270961817693306092e-05
8.205016314977503695e-05
8.139121785538493007e-05
8.073278288037115239e-05
8.007485882826343554e-05
7.941744632350703143e-05
7.876054601317831311e-05
7.810415856854599883e-05
7.744828468610202496e-05
7.679292508908883456e-05
7.613808057272323886e-05
7.548375201947408629e-05
7.482994021570264157e-05
7.417664599139136335e-05
7.352387037031368419e-05
7.287161412097137563e-05
7.221987819266262711e-05
7.156866357143106927e-05
7.091797128202514413e-05
7.026780238993107905e-05
6.961815800307890592e-05
6.896903915566865342e-05
6.832044694225761412e-05
6.767238261284354685e-05
6.702484748115922490e-05
6.637784291943842291e-05
6.573137038681133438e-05
6.508543133356512887e-05
6.444002727455769340e-05
6.379515979892988844e-05
6.315083063740602892e-05
6.250704149483196051e-05
6.186379415886735737e-05
6.122109050023821926e-05
6.057893247378556617e-05
5.993732212157004436e-05
5.929626159804546104e-05
5.865575313313952516e-05
5.801579901146468413e-05
5.737640162825054859e-05
5.673756354196233121e-05
5.609928745005721883e-05
5.546157615069832730e-05
5.482443256762436140e-05
5.418785976213394510e-05
5.355186097387858608e-05
5.291643956272106702e-05
5.228159905799939684e-05
5.164734317305815555e-05
5.101367580798443779e-05
5.038060105507210303e-05
4.974812320873633008e-05
4.911624680743997265e-05
4.848497662921597370e-05
4.785431770817760299e-05
4.722427535248990084e-05
4.659485516331978388e-05
4.596606305536562320e-05
4.533790527909740904e-05
4.471038844300785902e-05
4.408351954377297103e-05
4.345730599300684640e-05
4.283175564894312087e-05
4.220687685025282279e-05
4.158267845423511006e-05
4.095916987778243975e-05
4.033636094062560830e-05
3.971426164724026398e-05
3.909288325091716615e-05
3.847223795055149521e-05
3.785233878394395540e-05
3.723319970181469666e-05
3.661483565015586256e-05
3.599726266229678038e-05
3.538049796154238571e-05
3.476456007543623225e-05
3.414946896414743056e-05
3.353524616434257541e-05
3.292191495101658106e-05
3.230950051969946315e-05
3.169803019225775196e-05
3.108753365055888501e-05
3.047804320112521153e-05
2.986959407659158514e-05
2.926222477899888293e-05
2.865597747439711443e-05
2.805089844412725239e-05
2.744703860448807883e-05
2.684445410594182702e-05
2.624320702697124569e-05
2.564336617857138715e-05
2.504500803970348031e-05
2.444821784875927221e-05
2.385309087790049448e-05
2.325973392580769290e-05
2.266826706744173313e-05
2.207882512014596656e-05
2.149156109146250517e-05
2.090664876119973972e-05
2.032428578239302736e-05
1.974469752546499255e-05
1.916814151770674995e-05
1.859491250800989048e-05
1.802534773521550135e-05
1.745983384574077685e-05
1.689881313983767261e-05
1.634278956576687715e-05
1.579233466368384065e-05
1.524809047174298894e-05
1.471077000172015055e-05
1.418115221816363486e-05
1.366007045789226341e-05
1.314839362791312019e-05
1.264700002520672578e-05
1.215674588487355271e-05
1.167843216687642655e-05
1.121277390729053054e-05
1.076037606314813634e-05
1.032171830683463823e-05
9.897149304286192729e-06
9.486889345096793377e-06
9.091039221338530001e-06
8.709592986574176719e-06
8.342452662930778859e-06
7.989443036553831593e-06
7.650326113307685151e-06
7.324813838010661771e-06
7.012579220649554840e-06
6.713266504212818084e-06
6.426499105803651986e-06
6.151886410226159450e-06
5.889029357274267094e-06
5.637524991057579121e-06
5.396970031948123344e-06
5.166963810567788680e-06
4.947110904973958495e-06
4.737022755900618988e-06
4.536319071290581770e-06
4.344628889243582913e-06
4.161591361894407074e-06
3.986856312429416716e-06
3.820083758880715019e-06
3.660946184053097740e-06
3.509127703170537599e-06
3.364323114978818475e-06
3.226238478698440234e-06
3.094590963543516397e-06
2.969108646463191392e-06
2.849530269520699101e-06
2.735604965917353010e-06
2.627091961623498167e-06
2.523760258804237373e-06
2.425388306847584191e-06
2.331763664031846076e-06
2.242682654077817454e-06
2.157950020765793902e-06
2.077378582275377851e-06
2.000788888178090266e-06
1.928008880479151746e-06
1.858873560414451863e-06
1.793224662615038389e-06
1.730910337470863641e-06
1.671784843301993289e-06
1.615708249249147973e-06
1.562546149722302349e-06
1.512169334604863726e-06
1.464453401003282004e-06
1.419279269314685640e-06
1.376532038151676323e-06
1.336101106305918649e-06
1.297879966334346835e-06
1.261766011051205879e-06
1.227660397739670813e-06
1.195467875643134400e-06
1.165096644377801655e-06
1.136458212940354034e-06
1.109467321014557814e-06
1.084041826643278978e-06
1.060102535431260480e-06
1.037573314526475866e-06
1.016380940976629009e-06
9.964549516888254757e-07
9.777276474596989635e-07
9.601340417944752442e-07
