2.781466528882654485e-02
2.714429582126264701e-02
2.648137055307006604e-02
2.582580871881992937e-02
2.517752605504280927e-02
2.453646236008944284e-02
2.390250315673527609e-02
2.327562885133170958e-02
2.265573479781843313e-02
2.204278168819277448e-02
2.143670126264009962e-02
2.083744901698662486e-02
2.024499455637267589e-02
1.965926567789758050e-02
1.908024685182136554e-02
1.850793824584435338e-02
1.794230352935410194e-02
1.738330918518488435e-02
1.683097300734075555e-02
1.628531102533140387e-02
1.574634327880417364e-02
1.521410181007616137e-02
1.468861599154919900e-02
1.416995893159016251e-02
1.365821366933003302e-02
1.315347355931720426e-02
1.265586115330689237e-02
1.216552422814353579e-02
1.168260821430429537e-02
1.120733202556692051e-02
1.073994008355745600e-02
1.028070683863316001e-02
9.829950603614669158e-03
9.388090219208814272e-03
8.955538466289108754e-03
8.532825762783068438e-03
8.120564857908031328e-03
7.719402958570102842e-03
7.330185616605317499e-03
6.953762260780415976e-03
6.591156066704836024e-03
6.243520682008647273e-03
5.912001457546165947e-03
5.598005608291463722e-03
5.302851493193554491e-03
5.027845758542961487e-03
4.774240297684430832e-03
4.543125452275750126e-03
4.335165625113251292e-03
4.150645579468315895e-03
3.989333264509935945e-03
3.850435479958470679e-03
3.732555673243887536e-03
3.633860552252260023e-03
3.552329426912451040e-03
3.485785256264550738e-03
3.431808076813315858e-03
3.388571962306503958e-03
3.353911400010328031e-03
3.326334121013599984e-03
3.304438066362109638e-03
3.286949995269296612e-03
3.272960538629233335e-03
3.261805210798324976e-03
3.252800346310626579e-03
3.245429839962277879e-03
3.239342189675968164e-03
3.234231809265367998e-03
3.229914502384869344e-03
3.226210337839235942e-03
3.222979041021225861e-03
3.220103727310091261e-03
3.217499995290748222e-03
3.215099467148983467e-03
3.212853904555959539e-03
3.210721919408283595e-03
3.208681656734030125e-03
3.206713452415120482e-03
3.204800556773824798e-03
3.202929101538329153e-03
3.201087464292685057e-03
3.199270849836846013e-03
3.197473020968158788e-03
3.195687714711471002e-03
3.193910110228883638e-03
3.192140594361662746e-03
3.190377001226993216e-03
3.188617661702744608e-03
3.186861294707890070e-03
3.185106923148516879e-03
3.183353733397541793e-03
3.181600015835121982e-03
3.179846496458439524e-03
3.178093082441202193e-03
3.176339510162340569e-03
3.174585575398524134e-03
3.172831122143629067e-03
3.171076031174063434e-03
3.169320211525846961e-03
3.167563594038027078e-03
3.165806126111690710e-03
3.164047721454594543e-03
3.162288354879720740e-03
3.160528050037657733e-03
3.158766646632957600e-03
3.157004140536713490e-03
3.155240636868339443e-03
3.153476135426834786e-03
3.151710630642746199e-03
3.149944118280000819e-03
3.148176401971375816e-03
3.146407543233289885e-03
3.144637666483797445e-03
3.142866768429718096e-03
3.141094846640434500e-03
3.139321900247554926e-03
3.137547926577203498e-03
3.135772579696465088e-03
3.133996124431969940e-03
3.132218634934736280e-03
3.130440110757777041e-03
3.128660503484048845e-03
3.126879858782653874e-03
3.125098176946693607e-03
3.123315457413828808e-03
3.121531699587703611e-03
3.119746902848030343e-03
3.117961066538236115e-03
3.116174189412515387e-03
3.114386270300033028e-03
3.112597312895626443e-03
3.110807316455233701e-03
3.109016186819197301e-03
3.107223677221497733e-03
3.105429774993263836e-03
3.103634828502216132e-03
3.101838837698239325e-03
3.100041791890054393e-03
3.098243695229371993e-03
3.096444551586919215e-03
3.094644257243559914e-03
3.092842774915273603e-03
3.091040243131081434e-03
3.089236603343341846e-03
3.087431720183318219e-03
3.085625784332042716e-03
3.083818794918675044e-03
3.082010751062464436e-03
3.080201653564699181e-03
3.078391504020182995e-03
3.076580301671922018e-03
3.074768045637008788e-03
3.072954730766611856e-03
3.071140355372425478e-03
3.069324918533471516e-03
3.067508418954719915e-03
3.065690851281900262e-03
3.063872214495967465e-03
3.062052507587940866e-03
3.060231729614435337e-03
3.058409878642064268e-03
3.056586764981308792e-03
3.054762353403222847e-03
3.052936784291063101e-03
3.051110068978210403e-03
3.049282147001259203e-03
3.047453156231134681e-03
3.045623095769711946e-03
3.043791964714078271e-03
3.041959696424696453e-03
3.040126298558360959e-03
3.038291826315725735e-03
3.036456278394143553e-03
3.034619650402615564e-03
3.032781941413988450e-03
3.030943150483646729e-03
3.029103280107552174e-03
3.027262329362312345e-03
3.025420266618633874e-03
3.023577078141456362e-03
3.021732463840531152e-03
3.019886764967736562e-03
3.018039980591964537e-03
3.016192111230651864e-03
3.014343159554164209e-03
3.012493124583775789e-03
3.010642005396254629e-03
3.008789801043277277e-03
3.006936510597727277e-03
3.005082133152125676e-03
3.003226664999154600e-03
3.001370096349651947e-03
2.999512437792957453e-03
2.997653599798148945e-03
2.995793660603212390e-03
2.993932626706506499e-03
2.992070497773544925e-03
2.990207199659092145e-03
2.988342562572690857e-03
2.986476829488961086e-03
2.984609999473654927e-03
2.982742071594275679e-03
2.980873046960376763e-03
2.979002805927446432e-03
2.977131195590996572e-03
2.975258456051754243e-03
2.973384617488320381e-03
2.971509677641033347e-03
2.969633605215128615e-03
2.967756438868136056e-03
2.965878178995372261e-03
2.963998821450375409e-03
2.962118365452139600e-03
2.960236810067090867e-03
2.958354028305277671e-03
2.956469982968012739e-03
2.954584830901748130e-03
2.952698570843602117e-03
2.950811157091465069e-03
2.948922604688248780e-03
2.947032941465699708e-03
2.945142166490096435e-03
2.943250278803360726e-03
2.941357265435595291e-03
2.939463091804953628e-03
2.937567660147965241e-03
2.935671106400506401e-03
2.933773430264629244e-03
2.931874631520232921e-03
2.929974709214973327e-03
2.928073661695953893e-03
2.926171487868747118e-03
2.924268171337356028e-03
2.922363572990458336e-03
2.920457643447424683e-03
2.918550583698973494e-03
2.916642392362923074e-03
2.914733068082135062e-03
2.912822460486272184e-03
2.910910717059790077e-03
2.908997836904991460e-03
2.907083792241786906e-03
2.905168609507935082e-03
2.903252289729384844e-03
2.901334803899362214e-03
2.899416157295444611e-03
2.897496368202603662e-03
2.895575434440667961e-03
2.893653353347847880e-03
2.891730124167045043e-03
2.889805745917400828e-03
2.887880217576813992e-03
2.885953538170098892e-03
2.884025691331346033e-03
2.882096678657011888e-03
2.880166505272696489e-03
2.878235163171444493e-03
2.876302665648463718e-03
2.874369017796229216e-03
2.872434218592324895e-03
2.870498268005082076e-03
2.868561164671926209e-03
2.866622838910656747e-03
2.864683358375604613e-03
2.862742722232491412e-03
2.860800929430589064e-03
2.858857978916782942e-03
2.856913869647426975e-03
2.854968404127924964e-03
2.853021579726649354e-03
2.851073595354222927e-03
2.849124381962372075e-03
2.847173830978790704e-03
2.845222116577339911e-03
2.843269046835788117e-03
2.841314588000386394e-03
2.839358955209601680e-03
2.837402149895793847e-03
2.835444169856989917e-03
2.833485008431115351e-03
2.831524667035485634e-03
2.829563144648916326e-03
2.827600440237993187e-03
2.825636552679864407e-03
2.823671479777541734e-03
2.821705139861149011e-03
2.819737497323603851e-03
2.817768485510400121e-03
2.815798284121268178e-03
2.813826892165153561e-03
2.811854308658390863e-03
2.809880532545577791e-03
2.807905481601958263e-03
2.805929227989247682e-03
2.803951778082439464e-03
2.801973131830980297e-03
2.799993111308558477e-03
2.798011842500361997e-03
2.796029227878340118e-03
2.794044873973946467e-03
2.792059271790766056e-03
2.790072459624263774e-03
2.788084436368180007e-03
2.786095204337576091e-03
2.784104717661718166e-03
2.782113008277545436e-03
2.780119951563699530e-03
2.778125484138034562e-03
2.776129805022765906e-03
2.774132913129747063e-03
2.772134807376900895e-03
2.770135486646359887e-03
2.768134949823357772e-03
2.766133199844783563e-03
2.764130237921893184e-03
2.762126062980534147e-03
2.760120639317401991e-03
2.758113992444195806e-03
2.756106128099860067e-03
2.754097045290705269e-03
2.752086742599900351e-03
2.750075217267105611e-03
2.748062467412259839e-03
2.746048497504483855e-03
2.744033307341799902e-03
2.742016895644297340e-03
2.739999261283728501e-03
2.737980379417627192e-03
2.735960227595178769e-03
2.733938800816957879e-03
2.731916144876222596e-03
2.729892266749253150e-03
2.727867165311957404e-03
2.725840839460797957e-03
2.723813288055971712e-03
2.721784513622266775e-03
2.719754515399349943e-03
2.717723292936890037e-03
2.715690847367430334e-03
2.713657178663355339e-03
2.711622285733389110e-03
2.709586164542109911e-03
2.707548812516876856e-03
2.705510233215603459e-03
2.703470425540528081e-03
2.701429254199739800e-03
2.699386609766506618e-03
2.697342728645469190e-03
2.695297609734127915e-03
2.693251247156748431e-03
2.691203631652813906e-03
2.689154757510599410e-03
2.687104638051975459e-03
2.685053271991031006e-03
2.683000656021190550e-03
2.680946774329946540e-03
2.678891641478043078e-03
2.676835093449657973e-03
2.674777247143290352e-03
2.672718145955312648e-03
2.670657751901201350e-03
2.668595968076125074e-03
2.666532923447254531e-03
2.664468614362151561e-03
2.662403037364226548e-03
2.660336194592829821e-03
2.658268084876859970e-03
2.656198632890259537e-03
2.654127860880103797e-03
2.652055809293143301e-03
2.649982486570633990e-03
2.647907891109650171e-03
2.645832021432103359e-03
2.643754874646081585e-03
2.641676447494313660e-03
2.639596734511931875e-03
2.637515734450985271e-03
2.635433446071675217e-03
2.633349748556180255e-03
2.631264567063410029e-03
2.629178093086755562e-03
2.627090325526228263e-03
2.625001173542668154e-03
2.622910462325654755e-03
2.620818453774688417e-03
2.618725146619786757e-03
2.616630539817978943e-03
2.614534632179613734e-03
2.612437422474952597e-03
2.610338909492032275e-03
2.608238981852715587e-03
2.606137490029139785e-03
2.604034674350749149e-03
2.601930521454371998e-03
2.599825064742667009e-03
2.597718303057780856e-03
2.595610233022000932e-03
2.593500850656800093e-03
2.591390156287975890e-03
2.589278150531947129e-03
2.587164832891856048e-03
2.585050027015456907e-03
2.582933792427159845e-03
2.580816001368072422e-03
2.578696803286555008e-03
2.576576283781745191e-03
2.574454442082569228e-03
2.572331277893549935e-03
2.570206759439971206e-03
2.568080920236641158e-03
2.565953635680337085e-03
2.563824896394028153e-03
2.561694762801706993e-03
2.559563176642874749e-03
2.557430231089547965e-03
2.555295954654745409e-03
2.553160346106284322e-03
2.551023404190509106e-03
2.548884964812952580e-03
2.546745002866494800e-03
2.544603705794060665e-03
2.542461072378146211e-03
2.540317101381047490e-03
2.538171791565337673e-03
2.536025141481064189e-03
2.533877150491672427e-03
2.531727821559595637e-03
2.529577153461277407e-03
2.527425144977539766e-03
2.525271796475674416e-03
2.523117109625497116e-03
2.520961008676473117e-03
2.518803517652051880e-03
2.516644677550433033e-03
2.514484486125766801e-03
2.512322939499129961e-03
2.510160036458195399e-03
2.507995754171420035e-03
2.505830098223386579e-03
2.503663082939760250e-03
2.501494707112820060e-03
2.499324969536336014e-03
2.497153872630599944e-03
2.494981415881469735e-03
2.492807598050497675e-03
2.490632415587019227e-03
2.488455870789067683e-03
2.486277961181993217e-03
2.484098670124023668e-03
2.481917981374886454e-03
2.479735900264329503e-03
2.477552381177596050e-03
2.475367484850006950e-03
2.473181210721260830e-03
2.470993558134683757e-03
2.468804525834005902e-03
2.466614112568860269e-03
2.464422162521295867e-03
2.462228619022296429e-03
2.460033689383384070e-03
2.457837025464287405e-03
2.455638937510257799e-03
2.453439460131317130e-03
2.451238593115434919e-03
2.449036335625264481e-03
2.446832686238495196e-03
2.444627643402192633e-03
2.442421205712926469e-03
2.440213371890215775e-03
2.438004140666370171e-03
2.435793510768834678e-03
2.433581276935190257e-03
2.431367537716435864e-03
2.429152390684827766e-03
2.426935612845610921e-03
2.424717428784524658e-03
2.422497837625283389e-03
2.420276837861620213e-03
2.418054412966960318e-03
2.415830560918672074e-03
2.413605255659090343e-03
2.411378531072278647e-03
2.409150385861718972e-03
2.406920820260194296e-03
2.404689817455885753e-03
2.402457137982490654e-03
2.400223041755657899e-03
2.397987393766380475e-03
2.395750218923621295e-03
2.393511623845329638e-03
2.391271607298992713e-03
2.389030103993502931e-03
2.386787022055139422e-03
2.384542316376921534e-03
2.382296181397896596e-03
2.380048614917283385e-03
2.377799613505523612e-03
2.375549177110304524e-03
2.373297303479665783e-03
2.371043983901053708e-03
2.368789215098897512e-03
2.366532998379270065e-03
2.364275313511188248e-03
2.362016174973438284e-03
2.359755585714648930e-03
2.357493332958711819e-03
2.355229625433712982e-03
2.352964463571189171e-03
2.350697846076770393e-03
2.348429771665187880e-03
2.346160235492018159e-03
2.343889234318255813e-03
2.341616752688158252e-03
2.339342808148442161e-03
2.337067400486254800e-03
2.334790516851412145e-03
2.332512147871646912e-03
2.330232314971917695e-03
2.327950968575305101e-03
2.325668004583040030e-03
2.323383571953210967e-03
2.321097664967358351e-03
2.318810130690803373e-03
2.316520937847561627e-03
2.314230266506027769e-03
2.311938115320830069e-03
2.309644459764879400e-03
2.307349251701964164e-03
2.305052563922656977e-03
2.302754395110022563e-03
2.300454587666695642e-03
2.298153277328870633e-03
2.295850472345985129e-03
2.293546180745543138e-03
2.291240401180135930e-03
2.288933132305447354e-03
2.286624372778239822e-03
2.284314124025641282e-03
2.282002384493985250e-03
2.279689153407905410e-03
2.277374428829237289e-03
2.275058015671173935e-03
2.272739997973662659e-03
2.270420201016815163e-03
2.268098908998449938e-03
2.265776120547235116e-03
2.263451835581355067e-03
2.261126052983836957e-03
2.258798759668413474e-03
2.256469827057252207e-03
2.254139255100434322e-03
2.251807174843526577e-03
2.249473550237752160e-03
2.247138210701128073e-03
2.244801347592872282e-03
2.242462888004023366e-03
2.240122915191162644e-03
2.237781428933431627e-03
2.235438426205960463e-03
2.233093903221945384e-03
2.230747857367825979e-03
2.228400287264371751e-03
2.226051191550694735e-03
2.223700567868160376e-03
2.221348413269747142e-03
2.218994703482626927e-03
2.216639344155275741e-03
2.214282458878915043e-03
2.211924045738529812e-03
2.209564103078275749e-03
2.207202629688313333e-03
2.204839344087769666e-03
2.202474487212830682e-03
2.200107989282083527e-03
2.197739893960928056e-03
2.195370259383803372e-03
2.192999083748147903e-03
2.190626365651880507e-03
2.188252103652771167e-03
2.185876290933953369e-03
2.183498925745320975e-03
2.181120007977035199e-03
2.178739538957376407e-03
2.176357517254936657e-03
2.173973941129224950e-03
2.171588810355560770e-03
2.169202124024926463e-03
2.166813880703836754e-03
2.164424078981107974e-03
2.162032718200755741e-03
2.159639799670474026e-03
2.157245321945945073e-03
2.154849282880146304e-03
2.152451681960927937e-03
2.150052520011808740e-03
2.147651799838231224e-03
2.145249472591711538e-03
2.142845378812928501e-03
2.140439709000028883e-03
2.138032199778448338e-03
2.135623078781340948e-03
2.133212192360721318e-03
2.130799665522085419e-03
2.128385567918213324e-03
2.125969898173902129e-03
2.123552616049031137e-03
2.121133723452201230e-03
2.118713252390751894e-03
2.116291201427494655e-03
2.113867569137432238e-03
2.111442350615652663e-03
2.109015544047421805e-03
2.106587105293253760e-03
2.104157064236660858e-03
2.101725430899111131e-03
2.099292203787046698e-03
2.096857381217413253e-03
2.094420961739850134e-03
2.091982943887827316e-03
2.089543202014838147e-03
2.087101679777195965e-03
2.084658554550238713e-03
2.082213824893264665e-03
2.079767489187324056e-03
2.077319545685461007e-03
2.074869993411886625e-03
2.072418798434964762e-03
2.069965926238352509e-03
2.067511415361552619e-03
2.065055270733263167e-03
2.062597504947151581e-03
2.060138115662838668e-03
2.057676832577706900e-03
2.055213888454089123e-03
2.052749316467237378e-03
2.050283115078683962e-03
2.047815284368960376e-03
2.045345823283997461e-03
2.042874728218802612e-03
2.040401983022730337e-03
2.037927593400808233e-03
2.035451540820309296e-03
2.032973615525221055e-03
2.030493979563428603e-03
2.028012695739476925e-03
2.025529761777467800e-03
2.023045143035572327e-03
2.020558854887075616e-03
2.018070912463490896e-03
2.015581314678764179e-03
2.013090059937852356e-03
2.010597146637563455e-03
2.008102363141946092e-03
2.005605841259628080e-03
2.003107568587942418e-03
2.000607491379732209e-03
1.998105749783022148e-03
1.995602332815794855e-03
1.993097227689916932e-03
1.990590453532332330e-03
1.988082008487429466e-03
1.985571891017804021e-03
1.983060104100169054e-03
1.980546646606392257e-03
1.978031482488777984e-03
1.975514600162018002e-03
1.972996041734332434e-03
1.970475806764706433e-03
1.967953896478053400e-03
1.965430308305872800e-03
1.962905014143246935e-03
1.960377942973460727e-03
1.957849185528951798e-03
1.955318739781884349e-03
1.952786604085042814e-03
1.950252673319696414e-03
1.947717017707318102e-03
1.945179645607476989e-03
1.942640475019186998e-03
1.940099234399967785e-03
1.937556140417456742e-03
1.935011349400505860e-03
1.932464860523161248e-03
1.929916672209285684e-03
1.927366782792625010e-03
1.924815189801548903e-03
1.922261891540108210e-03
1.919706886374952575e-03
1.917150171539061228e-03
1.914591743105732539e-03
1.912031599351325748e-03
1.909469736354656947e-03
1.906906150627923425e-03
1.904340652907313743e-03
1.901773307062753094e-03
1.899204214919728104e-03
1.896633381489607265e-03
1.894060818100473361e-03
1.891486509535693101e-03
1.888910214251937527e-03
1.886332128182474296e-03
1.883752076957349170e-03
1.881170288655792996e-03
1.878586759018071933e-03
1.876001484875098593e-03
1.873414464575919730e-03
1.870825641297718710e-03
1.868235010628706456e-03
1.865642626685358376e-03
1.863048489736984651e-03
1.860452597789116454e-03
1.857854949357634752e-03
1.855255542832157361e-03
1.852654308109499522e-03
1.850051127836123540e-03
1.847446185242236898e-03
1.844839359847717623e-03
1.842230661631140323e-03
1.839620197908331794e-03
1.837007967039803579e-03
1.834393933537954756e-03
1.831778133297834194e-03
1.829160565698286639e-03
1.826541232524256245e-03
1.823920113884068550e-03
1.821297215514321817e-03
1.818672547286737324e-03
1.816046095286148092e-03
1.813417837217605900e-03
1.810787777574616574e-03
1.808155941715498208e-03
1.805522328164510266e-03
1.802886935266489977e-03
1.800249750995948665e-03
1.797610781148988859e-03
1.794970030617122885e-03
1.792327497710971855e-03
1.789683182152197434e-03
1.787037083838950323e-03
1.784389196935783593e-03
1.781739523217735479e-03
1.779087906843924332e-03
1.776434334965869624e-03
1.773778970433610800e-03
1.771121805659503371e-03
1.768462808396478389e-03
1.765802015326264256e-03
1.763139424745938447e-03
1.760475034915118817e-03
1.757808844174448253e-03
1.755140710660425558e-03
1.752470451559088628e-03
1.749798385179935148e-03
1.747124507468153943e-03
1.744448811751341064e-03
1.741771293578538897e-03
1.739091939364184429e-03
1.736410754303677108e-03
1.733727741409616004e-03
1.731042897775044104e-03
1.728356219660907855e-03
1.725667587983620733e-03
1.722977021516991850e-03
1.720284576983573859e-03
1.717590290841278103e-03
1.714894164652602977e-03
1.712196195387240055e-03
1.709496370546693391e-03
1.706794699525266464e-03
1.704091179893135570e-03
1.701385810931613013e-03
1.698678591008535854e-03
1.695969517422726489e-03
1.693258585873773543e-03
1.690545796821225650e-03
1.687831150324433120e-03
1.685114643061519542e-03
1.682396272333377485e-03
1.679676033601563111e-03
1.676953924368132292e-03
1.674229941439927052e-03
1.671504003000235349e-03
1.668776194806671732e-03
1.666046515165613530e-03
1.663314876831381746e-03
1.660581315562005512e-03
1.657845675227130741e-03
1.655108117048580216e-03
1.652368684512947172e-03
1.649627375902652186e-03
1.646884036412437670e-03
1.644138570321832362e-03
1.641391225563926769e-03
1.638641998799713869e-03
1.635890886251967951e-03
1.633137886306976812e-03
1.630382906603686319e-03
1.627625925424885326e-03
1.624866956442069191e-03
1.622105792351631994e-03
1.619342723209120588e-03
1.616577749531694641e-03
1.613810871543005111e-03
1.611042087570360281e-03
1.608271395937806289e-03
1.605498794595029222e-03
1.602724280262996437e-03
1.599947851234459874e-03
1.597169506303019538e-03
1.594389244723939773e-03
1.591607064175694797e-03
1.588822962916410604e-03
1.586036939954708338e-03
1.583248933862084224e-03
1.580458840613002897e-03
1.577666822908568682e-03
1.574872879132082617e-03
1.572077007632088604e-03
1.569279206752707866e-03
1.566479474929080616e-03
1.563677811253321110e-03
1.560874165737278140e-03
1.558068349501138660e-03
1.555260526695287577e-03
1.552450766676800311e-03
1.549639038926069190e-03
1.546825352555124570e-03
1.544009719801988680e-03
1.541192083434593258e-03
1.538372383653022202e-03
1.535550596561591251e-03
1.532726859605001209e-03
1.529901171040395566e-03
1.527073383300666483e-03
1.524243621851385051e-03
1.521411905087251097e-03
1.518578231765055960e-03
1.515742542591424743e-03
1.512904880656779300e-03
1.510065242512689289e-03
1.507223569149046061e-03
1.504379930217655858e-03
1.501534288225460107e-03
1.498686669697277393e-03
1.495837079345122781e-03
1.492985518339504407e-03
1.490131984705093731e-03
1.487276415305561908e-03
1.484418837809127131e-03
1.481559283040388784e-03
1.478697749139517518e-03
1.475834204625788189e-03
1.472968620298235149e-03
1.470101046215745557e-03
1.467231477856632783e-03
1.464359911927636199e-03
1.461486346512948231e-03
1.458610779796929010e-03
1.455733209831994732e-03
1.452853635071472234e-03
1.449972054062831795e-03
1.447088382995546756e-03
1.444202582030621297e-03
1.441314688706038559e-03
1.438424780804773697e-03
1.435532856574648665e-03
1.432638865894813067e-03
1.429742786020356130e-03
1.426844677997465274e-03
1.423944382472221984e-03
1.421041935790281693e-03
1.418137474577728331e-03
1.415230995712319414e-03
1.412322496346169170e-03
1.409411973382418892e-03
1.406499425195248442e-03
1.403584811821361042e-03
1.400668170021648982e-03
1.397749499508651669e-03
1.394828632275144000e-03
1.391905649768402200e-03
1.388980586730647736e-03
1.386053481350516241e-03
1.383124324307084341e-03
1.380193117901907032e-03
1.377259864662447580e-03
1.374324514410548348e-03
1.371386924614449720e-03
1.368447101049323489e-03
1.365505225893123582e-03
1.362561299474108686e-03
1.359615321906707235e-03
1.356667291226487356e-03
1.353717205807014818e-03
1.350764955558549996e-03
1.347810554504662956e-03
1.344854062509665341e-03
1.341895507660340265e-03
1.338934888259019030e-03
1.335972204101594507e-03
1.333007454706690471e-03
1.330040638770614309e-03
1.327071754387220207e-03
1.324100800248156733e-03
1.321127774490530151e-03
1.318152643669986404e-03
1.315175406156170353e-03
1.312196091212318580e-03
1.309214583107693808e-03
1.306230985684561771e-03
1.303245303846041394e-03
1.300257532468027328e-03
1.297267669544677898e-03
1.294275704560344424e-03
1.291281636400775203e-03
1.288285471464693799e-03
1.285287191393161494e-03
1.282286773688782197e-03
1.279284252194950360e-03
1.276279624894026887e-03
1.273272866977123545e-03
1.270263975710618411e-03
1.267252972007718199e-03
1.264239857986787421e-03
1.261224607804883489e-03
1.258207204031957897e-03
1.255187682478405443e-03
1.252165863410774045e-03
1.249141870223212988e-03
1.246115754842097361e-03
1.243087509694607625e-03
1.240057125986931312e-03
1.237024591522789064e-03
1.233989927524649973e-03
1.230953132066462275e-03
1.227914203177584221e-03
1.224873123727435002e-03
1.221829715376477471e-03
1.218784144997752186e-03
1.215736434877487566e-03
1.212686374808505125e-03
1.209634082605851859e-03
1.206579606192036179e-03
1.203522983819207146e-03
1.200464214295482663e-03
1.197403293739323108e-03
1.194340225958306651e-03
1.191274852483276657e-03
1.188207278830437624e-03
1.185137549224400287e-03
1.182065661884343713e-03
1.178991607735145088e-03
1.175915387361393862e-03
1.172837000607182198e-03
1.169756437993078315e-03
1.166673702688197792e-03
1.163588794441324480e-03
1.160501709079898511e-03
1.157412447516093434e-03
1.154321010337832623e-03
1.151227396799567272e-03
1.148131603110370824e-03
1.145033625851191780e-03
1.141933462947550661e-03
1.138831112596149940e-03
1.135726572876884699e-03
1.132619841837273576e-03
1.129510919523130617e-03
1.126399804065481665e-03
1.123286368215750675e-03
1.120170673577896127e-03
1.117052779994235755e-03
1.113932685671486155e-03
1.110810388736025627e-03
1.107685887688718718e-03
1.104559180930349011e-03
1.101430264065714421e-03
1.098299134718635182e-03
1.095165763482867146e-03
1.092029986927754584e-03
1.088891837955580826e-03
1.085751469909658744e-03
1.082608880691361079e-03
1.079464067032843500e-03
1.076316998111979907e-03
1.073167662650584449e-03
1.070016084504688859e-03
1.066862093821603717e-03
1.063705866357069277e-03
1.060547408823541652e-03
1.057386717957844655e-03
1.054223790176238209e-03
1.051058623609513534e-03
1.047891216333384596e-03
1.044721565005804704e-03
1.041549667374353167e-03
1.038375521599829753e-03
1.035199125782321075e-03
1.032020481374699896e-03
1.028839586325954293e-03
1.025656438388267101e-03
1.022470938436595075e-03
1.019283112536394868e-03
1.016093026200291533e-03
1.012900677060050341e-03
1.009706063342412016e-03
1.006509182110213460e-03
1.003310030277427579e-03
1.000108553299449863e-03
9.969046919949332061e-04
9.936985528753421865e-04
9.904901346932954830e-04
9.872794226689202406e-04
9.840662813071865498e-04
9.808508519919261360e-04
9.776331329765118507e-04
9.744131225018439922e-04
9.711907124675188234e-04
9.679658631039993969e-04
9.647387188943713646e-04
9.615092738995828503e-04
9.582775171635551448e-04
9.550434665382758230e-04
9.518071203913283521e-04
9.485684768693014276e-04
9.453275324313811399e-04
9.420842075420699435e-04
9.388385125009034767e-04
9.355905115621582268e-04
9.323401986230378654e-04
9.290875524555127505e-04
9.258325962640914005e-04
9.225752068126273761e-04
9.193154876464618153e-04
9.160534505202025304e-04
9.127890939842682894e-04
9.095223957453028038e-04
9.062533324489384801e-04
9.029819322959677140e-04
8.997080835560665110e-04
8.964319086492623283e-04
8.931534060336966197e-04
8.898724516218104721e-04
8.865891592855450589e-04
8.833035297803182436e-04
8.800155617088332516e-04
8.767251713765044242e-04
8.734324024615541500e-04
8.701372913166445207e-04
8.668398365347790551e-04
8.635399926604921898e-04
8.602377083505496815e-04
8.569330796998007307e-04
8.536261072273189452e-04
8.503167897265419143e-04
8.470051248335750760e-04
8.436910735145841059e-04
8.403746271372441144e-04
8.370558207815172571e-04
8.337346032404953540e-04
8.304109501220435004e-04
8.270848927158003282e-04
8.237563467986304270e-04
8.204254227555916618e-04
8.170921385199960947e-04
8.137564735887485188e-04
8.104183430194538025e-04
8.070778296042403505e-04
8.037349513147577220e-04
8.003897061757417808e-04
7.970420927952909587e-04
7.936921105795902197e-04
7.903397328254141039e-04
7.869849854635773984e-04
7.836278601531964554e-04
7.802682991086691252e-04
7.769063178617779735e-04
7.735418397074804008e-04
7.701748892070530306e-04
7.668055080422652272e-04
7.634337338112502560e-04
7.600595835110906780e-04
7.566830565341027765e-04
7.533041531224115564e-04
7.499228414797244223e-04
7.465391012084933572e-04
7.431529820392599860e-04
7.397644531535900242e-04
7.363735168839182811e-04
7.329801891165011515e-04
7.295843641050249115e-04
7.261861098433884838e-04
7.227854424418668749e-04
7.193823758731220878e-04
7.159769086573549834e-04
7.125690031878077930e-04
7.091587069843849778e-04
7.057460228710491727e-04
7.023309374281966246e-04
6.989134581246403367e-04
6.954935631799458650e-04
6.920711869034880696e-04
6.886463903408974151e-04
6.852192015293140023e-04
6.817896222668721725e-04
6.783576512477209903e-04
6.749232872648415959e-04
6.714865102181308753e-04
6.680473376507572439e-04
6.646057360775871987e-04
6.611617076677603908e-04
6.577152466204016319e-04
6.542663878075428334e-04
6.508151319870975841e-04
6.473614782440472804e-04
6.439054199357480222e-04
6.404469291682438926e-04
6.369860282191794646e-04
6.335226882956255428e-04
6.300569453485280148e-04
6.265887967367197563e-04
6.231182305724267990e-04
6.196452541467668308e-04
6.161698511222838326e-04
6.126920201669911999e-04
6.092117761515830187e-04
6.057291211052928410e-04
6.022440541467778165e-04
5.987565592680359466e-04
5.952666499744426517e-04
5.917743276574095488e-04
5.882795848587064240e-04
5.847824236318608726e-04
5.812828439884358024e-04
5.777808460284021346e-04
5.742764300741435906e-04
5.707695961711568714e-04
5.672603434379187154e-04
5.637486709705763922e-04
5.602345780204079622e-04
5.567180636154629323e-04
5.531991267903115265e-04
5.496777668775103222e-04
5.461539835885862977e-04
5.426277764386611482e-04
5.390991453529558235e-04
5.355680896276797821e-04
5.320346086893924234e-04
5.284987022215597305e-04
5.249603700237080598e-04
5.214196119568894217e-04
5.178764277844566345e-04
5.143308176030461556e-04
5.107827811595737561e-04
5.072323185737473905e-04
5.036794300662744087e-04
5.001241156271636710e-04
4.965663756992614577e-04
4.930062107502832620e-04
4.894436211350397742e-04
4.858786073965299084e-04
4.823111701344058285e-04
4.787413099713073322e-04
4.751690276515873495e-04
4.715943239362550832e-04
4.680171996988533620e-04
4.644376559785186277e-04
4.608556939510981146e-04
4.572713149377021988e-04
4.536845204227528947e-04
4.500953120039290060e-04
4.465036914446546832e-04
4.429096606939422753e-04
4.393132218544121607e-04
4.357143772074695471e-04
4.321131292387402891e-04
4.285094806428265779e-04
4.249034343328198394e-04
4.212949934365682061e-04
4.176841613214125350e-04
4.140709416010285369e-04
4.104553381514787144e-04
4.068373551165845839e-04
4.032169969294693932e-04
3.995942683203378143e-04
3.959691743546222414e-04
3.923417203993933406e-04
3.887119121626094690e-04
3.850797557103327758e-04
3.814452576002820929e-04
3.778084247751847921e-04
3.741692646316957765e-04
3.705277849407213604e-04
3.668839939515182360e-04
3.632379005673125956e-04
3.595895141699719010e-04
3.559388447043508792e-04
3.522859027204769075e-04
3.486306994186212736e-04
3.449732467091047431e-04
3.413135572321674620e-04
3.376516444122860754e-04
3.339875225025777162e-04
3.303212066465392466e-04
3.266527129340958489e-04
3.229820584684440403e-04
3.193092614094822650e-04
3.156343411030778246e-04
3.119573181555903283e-04
3.082782143085798258e-04
3.045970527505284845e-04
3.009138583831935557e-04
2.972286577671985315e-04
2.935414791433854772e-04
2.898523526725353293e-04
2.861613105397007250e-04
2.824683870952940986e-04
2.787736190844559091e-04
2.750770459499055380e-04
2.713787099234921877e-04
2.676786562728855168e-04
2.639769335683861385e-04
2.602735939749663188e-04
2.565686936181734096e-04
2.528622928305104562e-04
2.491544566391666040e-04
2.454452551995025948e-04
2.417347643371305478e-04
2.380230660859051887e-04
2.343102494808447264e-04
2.305964109297828086e-04
2.268816549085949231e-04
2.231660954099671829e-04
2.194498566685703972e-04
2.157330741658553853e-04
2.120158963286933643e-04
2.082984857676322722e-04
2.045810210660586859e-04
2.008636988136558584e-04
1.971467359490417653e-04
1.934303723437551627e-04
1.897148738042676375e-04
1.860005357808047809e-04
1.822876876225472517e-04
1.785766976319185211e-04
1.748679786716977370e-04
1.711619950829713953e-04
1.674592703658651233e-04
1.637603971032796659e-04
1.600660484666919993e-04
1.563769911981867421e-04
1.526941020318880776e-04
1.490183869288871259e-04
1.453510036015951757e-04
1.416932885272419206e-04
1.380467880353116058e-04
1.344132947533641608e-04
1.307948889043441425e-04
1.271939834316874302e-04
1.236133701377138379e-04
1.200562673437025046e-04
1.165263546780089427e-04
1.130277926031049754e-04
1.095652119322565194e-04
1.061436600222919781e-04
1.027684952683808478e-04
9.944522822422979184e-05
9.617932073673768085e-05
9.297596805074105945e-05
8.983989580388794158e-05
8.677520010748165956e-05
8.378524849522855640e-05
8.087264385704612333e-05
7.803924179446666734e-05
7.528620584591057231e-05
7.261408468120892376e-05
7.002289757692653602e-05
6.751221889106269198e-05
6.508126015722656775e-05
6.272893798637249249e-05
6.045393542092920445e-05
5.825475395521128045e-05
5.612975692477186135e-05
5.407720535489080434e-05
5.209528764461880543e-05
5.018214373443237117e-05
4.833588461029033733e-05
4.655460854750707243e-05
4.483641425343014514e-05
4.317941115205801847e-05
4.158172809480021063e-05
4.004151972886228783e-05
3.855697213478268155e-05
3.712630697861645310e-05
3.574778455650867595e-05
3.441970615642270758e-05
3.314041699070968016e-05
3.190830615574370796e-05
3.072180774660655974e-05
2.957940100872553658e-05
2.847961192297176605e-05
2.742101166094977388e-05
2.640221671925907732e-05
2.542188858410626850e-05
2.447873302266230912e-05
2.357149961812971342e-05
2.269898060820379424e-05
2.186000987411196924e-05
2.105346261180374289e-05
2.027825419411406226e-05
1.953333832418496609e-05
1.881770740219979878e-05
1.813039032757552950e-05
1.747045168369215130e-05
1.683699069014684736e-05
1.622913995482494070e-05
1.564606428038705258e-05
1.508695989251598486e-05
1.455105281102308708e-05
1.403759821782457033e-05
1.354587851126296123e-05
1.307520225360823085e-05
1.262490308086789217e-05
1.219433861451822404e-05
1.178288908986082264e-05
1.138995593189868726e-05
1.101496038516585685e-05
1.065734233917726956e-05
1.031655900109063451e-05
9.992083786542796354e-06
9.683404563156069252e-06
9.390022579385867284e-06
9.111451294678135908e-06
8.847214954765708050e-06
8.596847319105345301e-06
8.359890810812299207e-06
8.135895264758469803e-06
7.924416952019240748e-06
7.725017941974955581e-06
7.537264967683333137e-06
7.360729222148862665e-06
7.194985737733333990e-06
7.039613073284694338e-06
6.894193302364951394e-06
6.758312005004312648e-06
6.631558433342190774e-06
6.513525826008179651e-06
6.403811801251390408e-06
6.403811801251390408e-06
