5.456088068270380231e-03
5.438026996178241777e-03
5.419860582474141271e-03
5.401597782171063331e-03
5.383193158747254584e-03
5.364704942323908661e-03
5.345994394001536872e-03
5.327239663533448778e-03
5.308316796142619268e-03
5.289325171423685246e-03
5.270197951291397120e-03
5.250862766824710738e-03
5.231369189117766189e-03
5.211757377957883762e-03
5.192020072731085359e-03
5.172111423871324394e-03
5.152097456837510109e-03
5.131998311297700753e-03
5.111739220235152724e-03
5.091278673572528779e-03
5.070716721044762378e-03
5.050040545480547448e-03
5.029183583789872784e-03
5.008231537667334407e-03
4.987082310373290757e-03
4.965768826070622241e-03
4.944315753220803779e-03
4.922770301072339726e-03
4.901077051251842391e-03
4.879129626869873129e-03
4.856978222066126415e-03
4.834683684990703258e-03
4.812267301570188373e-03
4.789665493248730296e-03
4.766916898764268253e-03
4.744065554851304226e-03
4.720920731490616321e-03
4.697607050060104844e-03
4.674179921486227261e-03
4.650553862812091717e-03
4.626791725898962357e-03
4.602802059489193541e-03
4.578634465661300147e-03
4.554363934340035537e-03
4.529910472796716547e-03
4.505211921236111985e-03
4.480226386714598191e-03
4.455082650329666820e-03
4.429824338126456262e-03
4.404374171178406482e-03
4.378681755629945486e-03
4.352774050299900756e-03
4.326668834248574395e-03
4.300315757032681201e-03
4.273833383513125223e-03
4.247143950249039276e-03
4.220184047240537958e-03
4.193036795368786269e-03
4.165716473314493365e-03
4.138160861328273564e-03
4.110259110921312721e-03
4.082128581009235486e-03
4.053868798759114808e-03
4.025435553333027786e-03
3.996707248057961709e-03
3.967673015115417284e-03
3.938488804474025128e-03
3.908980937901406112e-03
3.879281706566361891e-03
3.849372602941211492e-03
3.819115207531370224e-03
3.788739813178333433e-03
3.758036054745042889e-03
3.727017169556453517e-03
3.695691941598651994e-03
3.664199870978975503e-03
3.632543859066874724e-03
3.600479384890374526e-03
3.568103229919383432e-03
3.535483511434013917e-03
3.502617017264026984e-03
3.469475239548861292e-03
3.436032606968202150e-03
3.402347874989271152e-03
3.368258445110280941e-03
3.333947753496205400e-03
3.299250898541870782e-03
3.264377343674990106e-03
3.229271393142929374e-03
3.193670759141663176e-03
3.157703402275990716e-03
3.121577430406697207e-03
3.085216127274704664e-03
3.048357953170850645e-03
3.011251028133276036e-03
2.973728063803955310e-03
2.935909770685321551e-03
2.897749811648991751e-03
2.859402106293399033e-03
2.820593368980200705e-03
2.781357226719212341e-03
2.741850336357544785e-03
2.702179851035867945e-03
2.662113410589714811e-03
2.621483501496896934e-03
2.580546680614351739e-03
2.539435444344618001e-03
2.497885050296342214e-03
2.455992414441542440e-03
2.413594970911728428e-03
2.370997254684458974e-03
2.328073096063089289e-03
2.284896828315872725e-03
2.241121880901057826e-03
2.197033964222416900e-03
2.152706426126441315e-03
2.108143207171818152e-03
2.063121843484182032e-03
2.017631582649353442e-03
1.972028581949505747e-03
1.926248674782284932e-03
1.880064979161735284e-03
1.833297210601883380e-03
1.786557947761696847e-03
1.739754247646317772e-03
1.692640954645763729e-03
1.644821610797420107e-03
1.597134050948314631e-03
1.549559541803501419e-03
1.501940213156637526e-03
1.453663652805002550e-03
1.405736201109018856e-03
1.358037508219735266e-03
1.310426102570984644e-03
1.262589048666643140e-03
1.215302656038927962e-03
1.168621422196307975e-03
1.122240369687239631e-03
1.076302683607640231e-03
1.031476170567115040e-03
9.876521204619439099e-04
9.447195361874624912e-04
9.031426189652709720e-04
8.632106556986327570e-04
8.252408503203430886e-04
7.890265136197626783e-04
7.551083413599469227e-04
7.239240561127416535e-04
6.954422831039637747e-04
6.696929775363763332e-04
6.467689193750288373e-04
6.267654827953332737e-04
6.095886843480419854e-04
5.951802880422473385e-04
5.829529612423903434e-04
5.729456756167906461e-04
5.645992615510572266e-04
5.578907899608261502e-04
5.525869802397816903e-04
5.484169246988052950e-04
5.450910271420488515e-04
5.424916071847360639e-04
5.404373822442846758e-04
5.387479212260783959e-04
5.374216250924910643e-04
5.363781136394117979e-04
5.355515529320266583e-04
5.348890101399860538e-04
5.343509557813965784e-04
5.338843894613753537e-04
5.334789425871455876e-04
5.331095365219378065e-04
5.327802707122399018e-04
5.324870316340336081e-04
5.322213639391643264e-04
5.319768010629185575e-04
5.317483992537141470e-04
5.315323793376130037e-04
5.313258519685373034e-04
5.311266072964767075e-04
5.309329541773632252e-04
5.307435973855192772e-04
5.305575439191009173e-04
5.303740315423515362e-04
5.301924743047395491e-04
5.300124210085853686e-04
5.298335235466440337e-04
5.296555127593346362e-04
5.294781800190080569e-04
5.293013631754754037e-04
5.291249358232896945e-04
5.289487990981687170e-04
5.287728754013364335e-04
5.285971035917353495e-04
5.284214352990618258e-04
5.282458320908387179e-04
5.280702632926775409e-04
5.278947043066599745e-04
5.277191353124441450e-04
5.275435402600113163e-04
5.273679060878015169e-04
5.271922221126045709e-04
5.270164795531605793e-04
5.268406711557455536e-04
5.266647908997776741e-04
5.264888337643376052e-04
5.263127955434176259e-04
5.261366726977250710e-04
5.259604622367547444e-04
5.257841616229805759e-04
5.256077686950224410e-04
5.254312816046903360e-04
5.252546987658033130e-04
5.250780188120120640e-04
5.249012405623799471e-04
5.247243629922428848e-04
5.245473852096739368e-04
5.243703064352389686e-04
5.241931259855235007e-04
5.240158432589094939e-04
5.238384577237158038e-04
5.236609689081101133e-04
5.234833763917977638e-04
5.233056797984501213e-04
5.231278787897554504e-04
5.229499730600275023e-04
5.227719623316968598e-04
5.225938463513880774e-04
5.224156248867464379e-04
5.222372977233211968e-04
5.220588646656441466e-04
5.218803255939346913e-04
5.217016803235917984e-04
5.215229286813439146e-04
5.213440702274250863e-04
5.211651046864398300e-04
5.209860319729422810e-04
5.208068519996903768e-04
5.206275646778012233e-04
5.204481699171216750e-04
5.202686676571812233e-04
5.200890578834659788e-04
5.199093404861310826e-04
5.197295153564767019e-04
5.195495823871080577e-04
5.193695414716039847e-04
5.191893925042534701e-04
5.190091353802124292e-04
5.188287699951335584e-04
5.186482962452604447e-04
5.184677140272002079e-04
5.182870232379340174e-04
5.181062237747685205e-04
5.179253155352220002e-04
5.177442984170587455e-04
5.175631723180771976e-04
5.173819371363768804e-04
5.172005927701055650e-04
5.170191391172878573e-04
5.168375760762275450e-04
5.166559035451639059e-04
5.164741214223243998e-04
5.162922296059496057e-04
5.161102279942849811e-04
5.159281164854214851e-04
5.157458949776171520e-04
5.155635633688718678e-04
5.153811215572314886e-04
5.151985694407013212e-04
5.150159069171037678e-04
5.148331338843099110e-04
5.146502502400286368e-04
5.144672558819010687e-04
5.142841507075495734e-04
5.141009346143421638e-04
5.139176074997805349e-04
5.137341692756367591e-04
5.135506199537546610e-04
5.133669594113485614e-04
5.131831875281035694e-04
5.129993041860169637e-04
5.128153092689007606e-04
5.126312026621586936e-04
5.124469842525815159e-04
5.122626539282367376e-04
5.120782115781377262e-04
5.118936570921996890e-04
5.117089903610657665e-04
5.115242112759081899e-04
5.113393197285981753e-04
5.111543156113177800e-04
5.109691988166459873e-04
5.107839692374842224e-04
5.105986267670167790e-04
5.104131712984708849e-04
5.102276027254470589e-04
5.100419209415306410e-04
5.098561258404131144e-04
5.096702173158900459e-04
5.094841952617774937e-04
5.092980595719037674e-04
5.091118101401181017e-04
5.089254468602716830e-04
5.087389696261292865e-04
5.085523783314840939e-04
5.083656728700288894e-04
5.081788531354381345e-04
5.079919190213242741e-04
5.078048704212020665e-04
5.076177072285219770e-04
5.074304293366557576e-04
5.072430366389310335e-04
5.070555290285659253e-04
5.068679063985819877e-04
5.066801686421262179e-04
5.064923156520167741e-04
5.063043473211229894e-04
5.061162635221286288e-04
5.059280641452954105e-04
5.057397490867503696e-04
5.055513182420523109e-04
5.053627715062204316e-04
5.051741087738182388e-04
5.049853299389694874e-04
5.047964348953566617e-04
5.046074235365031937e-04
5.044182957553764281e-04
5.042290514448366989e-04
5.040396904974457507e-04
5.038502128055146606e-04
5.036606182610538565e-04
5.034709067559809586e-04
5.032810781819366816e-04
5.030911324304176502e-04
5.029010693927238144e-04
5.027108889600282729e-04
5.025205910232381692e-04
5.023301754732470946e-04
5.021396422007386303e-04
5.019489910962001171e-04
5.017582220500319424e-04
5.015673349525655387e-04
5.013763296938280028e-04
5.011852061639299151e-04
5.009939642526238524e-04
5.008026038497407793e-04
5.006111248448034219e-04
5.004195271274319758e-04
5.002278105868851639e-04
5.000359749121218627e-04
4.998440198674028011e-04
4.996519453958800068e-04
4.994597514332464131e-04
4.992674379088865230e-04
4.990750047465058971e-04
4.988824518651022730e-04
4.986897791793263885e-04
4.984969866003091188e-04
4.983040740359194086e-04
4.981110413913421514e-04
4.979178885692462416e-04
4.977246154702491543e-04
4.975312219931180653e-04
4.973377080350336373e-04
4.971440734917575294e-04
4.969503182578805705e-04
4.967564422268000998e-04
4.965624452910875116e-04
4.963683273423898090e-04
4.961740882716581544e-04
4.959797279691989351e-04
4.957852463247395744e-04
4.955906432274540105e-04
4.953959185660931257e-04
4.952010722289131896e-04
4.950061041039517879e-04
4.948110140787450630e-04
4.946158020405881390e-04
4.944204678765624439e-04
4.942250114733658150e-04
4.940294327174997403e-04
4.938337314952483256e-04
4.936379076927488755e-04
4.934419611958589707e-04
4.932458918902808253e-04
4.930496996615128238e-04
4.928533843949093685e-04
4.926569459757110204e-04
4.924603842889449697e-04
4.922636992194832570e-04
4.920668906520718304e-04
4.918699584713414957e-04
4.916729025617538147e-04
4.914757228076304871e-04
4.912784190931895629e-04
4.910809913024786555e-04
4.908834393194669906e-04
4.906857630279942315e-04
4.904879623117067286e-04
4.902900370542173300e-04
4.900919871389530520e-04
4.898938124491572467e-04
4.896955128681989254e-04
4.894970882790155870e-04
4.892985385646841587e-04
4.890998636079542470e-04
4.889010632915729649e-04
4.887021374981785713e-04
4.885030861102236015e-04
4.883039090100928280e-04
4.881046060800478038e-04
4.879051772021622438e-04
4.877056222584855226e-04
4.875059411309099139e-04
4.873061337012319022e-04
4.871061998510821433e-04
4.869061394620138807e-04
4.867059524154340993e-04
4.865056385927050606e-04
4.863051978749220413e-04
4.861046301432462376e-04
4.859039352785899670e-04
4.857031131618129091e-04
4.855021636736013254e-04
4.853010866945641735e-04
4.850998821052404262e-04
4.848985497859158948e-04
4.846970896169041461e-04
4.844955014951325190e-04
4.842937853382639902e-04
4.840919410163297700e-04
4.838899684004756285e-04
4.836878673631331998e-04
4.834856377774256219e-04
4.832832795173409011e-04
4.830807924575599571e-04
4.828781764732340909e-04
4.826754314399402611e-04
4.824725572337448354e-04
4.822695537307951710e-04
4.820664208076334378e-04
4.818631583410239584e-04
4.816597662078001192e-04
4.814562442848980346e-04
4.812525924493545959e-04
4.810488105783045976e-04
4.808448985487970197e-04
4.806408562380090491e-04
4.804366835230707640e-04
4.802323802809814338e-04
4.800279463888895140e-04
4.798233817237566520e-04
4.796186861625308887e-04
4.794138595821149451e-04
4.792089018592465268e-04
4.790038128706874086e-04
4.787985924930666048e-04
4.785932406029601120e-04
4.783877570767778274e-04
4.781821417908862257e-04
4.779763946215476438e-04
4.777705154448789733e-04
4.775645041369580741e-04
4.773583605737439237e-04
4.771520846310424099e-04
4.769456761845747446e-04
4.767391351099344206e-04
4.765324612826837055e-04
4.763256545781339828e-04
4.761187148715325052e-04
4.759116420382012813e-04
4.757044359530333008e-04
4.754970964909868225e-04
4.752896235269513667e-04
4.750820169355204664e-04
4.748742765913563390e-04
4.746664023688580659e-04
4.744583941425038753e-04
4.742502517863933921e-04
4.740419751746676575e-04
4.738335641813777783e-04
4.736250186803877822e-04
4.734163385454766412e-04
4.732075236502585828e-04
4.729985738683185068e-04
4.727894887940579526e-04
4.725802680859863040e-04
4.723709116157940343e-04
4.721614192549716360e-04
4.719517908748652939e-04
4.717420263467864442e-04
4.715321255418069690e-04
4.713220883309450276e-04
4.711119145851331820e-04
4.709016041750524592e-04
4.706911569714895957e-04
4.704805728448756014e-04
4.702698516656664230e-04
4.700589933041084308e-04
4.698479976304082589e-04
4.696368645146207534e-04
4.694255938266773780e-04
4.692141856990353832e-04
4.690026400521509213e-04
4.687909566904116402e-04
4.685791354276099365e-04
4.683671760856317223e-04
4.681550784930730365e-04
4.679428424843438440e-04
4.677304580761612270e-04
4.675179244555392765e-04
4.673052414564037526e-04
4.670924089150585586e-04
4.668794266700895183e-04
4.666662945617082708e-04
4.664530124317826823e-04
4.662395801233376797e-04
4.660259974805878308e-04
4.658122643484293411e-04
4.655983805726923480e-04
4.653843319015367463e-04
4.651701119256765652e-04
4.649557343330370011e-04
4.647411953502445132e-04
4.645264948086015805e-04
4.643116325393674220e-04
4.640966083739324452e-04
4.638814221435501772e-04
4.636660736795144774e-04
4.634505628130095923e-04
4.632348893751483737e-04
4.630190531969639845e-04
4.628030541093399678e-04
4.625868917518581938e-04
4.623705656352673364e-04
4.621540758570630834e-04
4.619374224297594046e-04
4.617206051933553271e-04
4.615036239861074565e-04
4.612864786450706148e-04
4.610691690059971716e-04
4.608516949036392659e-04
4.606340561717114554e-04
4.604162526432533818e-04
4.601982841505201580e-04
4.599801505250900838e-04
4.597618515980267341e-04
4.595433435860858261e-04
4.593239890711273339e-04
4.591044685055076647e-04
4.588847817196924019e-04
4.586649285435472935e-04
4.584449088063408551e-04
4.582247223368702996e-04
4.580043689633539299e-04
4.577838485136178932e-04
4.575631608150577457e-04
4.573423060474349666e-04
4.571212842061656576e-04
4.569000951193731455e-04
4.566786739592162015e-04
4.564564553655537445e-04
4.562340687532759364e-04
4.560115141536532279e-04
4.557887913737623049e-04
4.555659002112400304e-04
4.553428404675089218e-04
4.551196119472715332e-04
4.548962144581371650e-04
4.546726478100526032e-04
4.544489118149263891e-04
4.542250062863185207e-04
4.540009310392296299e-04
4.537766858897782692e-04
4.535522706550523765e-04
4.533276851529054446e-04
4.531029292019153761e-04
4.528780026210946761e-04
4.526529052299188040e-04
4.524276368481122603e-04
4.522021972957371121e-04
4.519765863930634846e-04
4.517508039603575459e-04
4.515248498180353550e-04
4.512987237865776977e-04
4.510724256864321290e-04
4.508459553380749353e-04
4.506193125618093102e-04
4.503925049654716522e-04
4.501655356008619851e-04
4.499384043045289165e-04
4.497111109132021162e-04
4.494836552637572415e-04
4.492560371933324893e-04
4.490282565390413911e-04
4.488003131380327148e-04
4.485722068276334169e-04
4.483439374450202920e-04
4.481155048274233690e-04
4.478869088119687017e-04
4.476581495233489185e-04
4.474292370989139088e-04
4.472001713906732746e-04
4.469709522509455069e-04
4.467415795322658288e-04
4.465120530873847859e-04
4.462823727691829197e-04
4.460525384306392171e-04
4.458225499248640706e-04
4.455924071048873161e-04
4.453621098239105816e-04
4.451316579350934823e-04
4.449010512915145348e-04
4.446702897462662422e-04
4.444393731524235976e-04
4.442083013629394587e-04
4.439770742308227908e-04
4.437456916089170555e-04
4.435141533499918263e-04
4.432824593068030697e-04
4.430506091693099473e-04
4.428186011998011388e-04
4.425864361927207445e-04
4.423541142831322742e-04
4.421216351201270813e-04
4.418889983831144437e-04
4.416562037774727210e-04
4.414232510302448006e-04
4.411901398872413262e-04
4.409568701099895365e-04
4.407234414732910449e-04
4.404898537633347320e-04
4.402561067759986680e-04
4.400222003151328990e-04
4.397881341916527829e-04
4.395539082222147450e-04
4.393195222284389050e-04
4.390849760362508037e-04
4.388502694749669866e-04
4.386154023770383195e-04
4.383803745773291564e-04
4.381451859129476619e-04
4.379098362227159614e-04
4.376743253470705575e-04
4.374386531275588266e-04
4.372028194070449623e-04
4.369668240290315911e-04
4.367306668379682816e-04
4.364943476787720559e-04
4.362578663970000494e-04
4.360211514293110715e-04
4.357842291787982132e-04
4.355471444461732800e-04
4.353098970798403053e-04
4.350724869284235239e-04
4.348349138407411885e-04
4.345971776656581726e-04
4.343592782521176832e-04
4.341212154490901409e-04
4.338829891057421526e-04
4.336445990711004631e-04
4.334060451942477079e-04
4.331673273242833276e-04
4.329284453102983602e-04
4.326893990012952644e-04
4.324501882463504415e-04
4.322108128944298668e-04
4.319712706889162297e-04
4.317315550590418373e-04
4.314916658398961239e-04
4.312516028660508716e-04
4.310113659717658831e-04
4.307709549909862715e-04
4.305303697573377442e-04
4.302896101042302519e-04
4.300486758648517011e-04
4.298075668720489082e-04
4.295662781662729882e-04
4.293248062571117718e-04
4.290831509621590312e-04
4.288413120984925671e-04
4.285992904370472360e-04
4.283570866701266202e-04
4.281147006142371997e-04
4.278721320856586395e-04
4.276293809002251604e-04
4.273864468737084243e-04
4.271433298215283241e-04
4.269000295588078436e-04
4.266565459005286411e-04
4.264128786614772727e-04
4.261690276560782791e-04
4.259249926987259522e-04
4.256804172097792063e-04
4.254354524141068235e-04
4.251903028071685946e-04
4.249449682010010510e-04
4.246994484076090657e-04
4.244537432386314302e-04
4.242078525055730919e-04
4.239617760197302888e-04
4.237155135922810270e-04
4.234690650513286297e-04
4.232218986144435364e-04
4.229745446381172184e-04
4.227270036201216923e-04
4.224792753632604239e-04
4.222313596710258895e-04
4.219832563475357703e-04
4.217349651972880317e-04
4.214864860252345944e-04
4.212378186363983945e-04
4.209889628360852362e-04
4.207399184297446891e-04
4.204906852228701788e-04
4.202412630210085819e-04
4.199916516297123046e-04
4.197418508543968182e-04
4.194918605005355447e-04
4.192416803734862218e-04
4.189913140873508142e-04
4.187407667211385837e-04
4.184900380965671197e-04
4.182391280354534331e-04
4.179880363595725218e-04
4.177367628908727477e-04
4.174853074511759464e-04
4.172336698623770285e-04
4.169818499463193509e-04
4.167298475247233221e-04
4.164776693591059611e-04
4.162253169797645327e-04
4.159727902254169705e-04
4.157200887094380810e-04
4.154672118330885984e-04
4.152141600944229201e-04
4.149609333317397729e-04
4.147075309649310925e-04
4.144539508857745906e-04
4.142001929350744229e-04
4.139462569530968721e-04
4.136921427808565375e-04
4.134378502593045925e-04
4.131833792292970175e-04
4.129287295317531103e-04
4.126739010075148109e-04
4.124188934972599111e-04
4.121637068418218400e-04
4.119083408818403880e-04
4.116527954579664588e-04
4.113970704108607136e-04
4.111411655810603234e-04
4.108850808091559642e-04
4.106288159356558044e-04
4.103723708010274091e-04
4.101157452457322716e-04
4.098589391101634723e-04
4.096019522347074779e-04
4.093447844597577481e-04
4.090874356256117908e-04
4.088299055725304137e-04
4.085721941408688583e-04
4.083143010862000876e-04
4.080562258406338029e-04
4.077979683473034918e-04
4.075395084126158291e-04
4.072807365608202470e-04
4.070217825907311831e-04
4.067626464187964943e-04
4.065033279591477480e-04
4.062438270758406827e-04
4.059841436294778531e-04
4.057242774775992678e-04
4.054642284754668641e-04
4.052039964762248073e-04
4.049435813312661676e-04
4.046829828906167281e-04
4.044222010029746659e-04
4.041612355161243930e-04
4.039000862770337542e-04
4.036387531318751153e-04
4.033772357377199912e-04
4.031155337136423512e-04
4.028536469959900410e-04
4.025915755055672418e-04
4.023293191503364108e-04
4.020668778273879507e-04
4.018042514803756579e-04
4.015414399921762075e-04
4.012784432238033377e-04
4.010152610334023673e-04
4.007518932763611636e-04
4.004883398060550439e-04
4.002246004739708077e-04
3.999606751301995611e-04
3.996965646163189796e-04
3.994322702392367162e-04
3.991677918430643394e-04
3.989031292710026877e-04
3.986382823657667147e-04
3.983732509694662806e-04
3.981080349238493932e-04
3.978426339839358553e-04
3.975770479319733100e-04
3.973112766410844617e-04
3.970453199789421100e-04
3.967791778083896927e-04
3.965128499883825361e-04
3.962463363746190773e-04
3.959796368200954879e-04
3.957127511754398252e-04
3.954456792894421526e-04
3.951784210093133389e-04
3.949109761766812082e-04
3.946433446029849507e-04
3.943755261407001582e-04
3.941075206403279823e-04
3.938393278012932114e-04
3.935709474639604113e-04
3.933023795102226147e-04
3.930336238147715835e-04
3.927646802463438821e-04
3.924955486685776144e-04
3.922262289409966080e-04
3.919567209196364870e-04
3.916870244577074986e-04
3.914171394059784296e-04
3.911470656131072875e-04
3.908768029263045077e-04
3.906063511911559024e-04
3.903357102522249356e-04
3.900648799531147935e-04
3.897938601364108130e-04
3.895226506443662945e-04
3.892512513183428360e-04
3.889796619993894601e-04
3.887078825281242191e-04
3.884359127447978375e-04
3.881637524894309180e-04
3.878914016016914807e-04
3.876188599212167544e-04
3.873461272872543056e-04
3.870732035391060734e-04
3.868000884217910173e-04
3.865267817838321076e-04
3.862532834856102879e-04
3.859795933836986754e-04
3.857057113316177078e-04
3.854316371801254381e-04
3.851573707780056414e-04
3.848829119721623032e-04
3.846082606080540047e-04
3.843334165298457655e-04
3.840583795806932674e-04
3.837831496029385525e-04
3.835077264382168172e-04
3.832321099275113815e-04
3.829562999113752457e-04
3.826802962299161279e-04
3.824040987228970244e-04
3.821277072298089050e-04
3.818511215899834162e-04
3.815743416423854188e-04
3.812973672258701606e-04
3.810201981792838365e-04
3.807428343410928996e-04
3.804652755499699640e-04
3.801875216442480174e-04
3.799095724623128482e-04
3.796314278424075639e-04
3.793530876228050331e-04
3.790745516416390757e-04
3.787958197371466733e-04
3.785168917473912269e-04
3.782377675103714646e-04
3.779584468642797532e-04
3.776789296470373005e-04
3.773992156966661450e-04
3.771193048511399699e-04
3.768391969484672613e-04
3.765588918265518254e-04
3.762783893233904932e-04
3.759976892768850652e-04
3.757167915249031353e-04
3.754356959054402335e-04
3.751544022331235921e-04
3.748729103520393011e-04
3.745912201052389585e-04
3.743093313348496093e-04
3.740272438821384176e-04
3.737449575878566839e-04
3.734624722822780878e-04
3.731797877962978816e-04
3.728969039741896678e-04
3.726138206592770710e-04
3.723305345096075626e-04
3.720470418600472454e-04
3.717633425289678067e-04
3.714794363340150063e-04
3.711953230922591094e-04
3.709109980034438407e-04
3.706264580949928593e-04
3.703417031584946436e-04
3.700567329852954613e-04
3.697715473660006906e-04
3.694861460909184755e-04
3.692005289501241821e-04
3.689146957330803850e-04
3.686286462292224998e-04
3.683423802275755175e-04
3.680558975169364753e-04
3.677691978859029174e-04
3.674822811227790027e-04
3.671951470156679335e-04
3.669077953525569022e-04
3.666202259211576056e-04
3.663324385090438841e-04
3.660444329035295865e-04
3.657562088918925119e-04
3.654677662610302837e-04
3.651791047978585232e-04
3.648902242832670730e-04
3.646011244857985559e-04
3.643118051979895851e-04
3.640222662109052947e-04
3.637325073147731100e-04
3.634425282988357295e-04
3.631523289514810670e-04
3.628617155795170490e-04
3.625706769919928942e-04
3.622794166072337016e-04
3.619879342089867284e-04
3.616962295806737545e-04
3.614040242728760923e-04
3.611114327939299318e-04
3.608186141646994036e-04
3.605255681474794156e-04
3.602322945039440616e-04
3.599387918770556496e-04
3.596450572698435067e-04
3.593510904241303643e-04
3.590568910811100080e-04
3.587624589756789064e-04
3.584677936400784150e-04
3.581728948617798631e-04
3.578777624188458190e-04
3.575823960817660786e-04
3.572867956144975231e-04
3.569909607757755705e-04
3.566948913198296944e-04
3.563985869972834206e-04
3.561020475554257025e-04
3.558052727391514125e-04
3.555082622909410675e-04
3.552110159513760957e-04
3.549135334595320771e-04
3.546158145528030482e-04
3.543178589674656127e-04
3.540195672860984807e-04
3.537209329283159476e-04
3.534220603363141160e-04
3.531229492360055382e-04
3.528235357170777338e-04
3.525237211379161862e-04
3.522236733455626624e-04
3.519233920810819821e-04
3.516228770850993212e-04
3.513221280978929650e-04
3.510211522059069212e-04
3.507199494760350001e-04
3.504185196724599765e-04
3.501168612807268395e-04
3.498149739650630551e-04
3.495128574974138520e-04
3.492105116493904706e-04
3.489079361924449902e-04
3.486051308976225891e-04
3.483020955356608576e-04
3.479988298770703538e-04
3.476953336919493139e-04
3.473916067501545222e-04
3.470876488210901628e-04
3.467834596738647579e-04
3.464790390773072140e-04
3.461743884770793179e-04
3.458695085239732068e-04
3.455643990140567405e-04
3.452590597428912937e-04
3.449534930370386069e-04
3.446477003102237742e-04
3.443416813772821406e-04
3.440354360529879565e-04
3.437289641519866148e-04
3.434222654888095588e-04
3.431153398779287090e-04
3.428081871335233056e-04
3.425008070697365932e-04
3.421931995004630464e-04
3.418853642394539707e-04
3.415773011002558117e-04
3.412690098962252797e-04
3.409604221136737826e-04
3.406515917037443528e-04
3.403425321197176348e-04
3.400332431829286572e-04
3.397237247142111138e-04
3.394139765340802137e-04
3.391039984626571671e-04
3.387937609053185101e-04
3.384832581128007097e-04
3.381725255353178194e-04
3.378615629825728966e-04
3.375503702639120790e-04
3.372389471882354097e-04
3.369272935639958068e-04
3.366154091992294207e-04
3.363032939015456061e-04
3.359909474781732166e-04
3.356783697357835551e-04
3.353655604807298193e-04
3.350525195189435609e-04
3.347392466558335293e-04
3.344257416964584932e-04
3.341120044454162189e-04
3.337980347067782006e-04
3.334837894111551291e-04
3.331692870798155619e-04
3.328545522210498071e-04
3.325395846275672456e-04
3.322243840917581234e-04
3.319089504056105017e-04
3.315932833605240450e-04
3.312773827695102537e-04
3.309612488892303022e-04
3.306448816962603821e-04
3.303282817303090707e-04
3.300114487721741074e-04
3.296943826024001248e-04
3.293770830011201922e-04
3.290595497482270656e-04
3.287417826231510344e-04
3.284237814051693531e-04
3.281055454014097212e-04
3.277870726593233391e-04
3.274683629404893785e-04
3.271494160060070891e-04
3.268302316164511294e-04
3.265108095318382817e-04
3.261911495117006897e-04
3.258712513150214033e-04
3.255511147002987252e-04
3.252307405069258263e-04
3.249101287944519147e-04
3.245892792662925103e-04
3.242681919156361670e-04
3.239468664985014549e-04
3.236253024463157327e-04
3.233034969439829167e-04
3.229814495893895514e-04
3.226591600054048016e-04
3.223366278350826950e-04
3.220138527371893544e-04
3.216908118278648254e-04
3.213674818249442834e-04
3.210439086554098351e-04
3.207200920135713828e-04
3.203960315987799891e-04
3.200717271142375863e-04
3.197471782662085981e-04
3.194223847632559027e-04
3.190973463156299389e-04
3.187720626348364891e-04
3.184465334334301385e-04
3.181206878810402387e-04
3.177945437720052207e-04
3.174681520647255071e-04
3.171415124711921148e-04
3.168146247031847500e-04
3.164874884721737957e-04
3.161601034893253537e-04
3.158324694652668943e-04
3.155045861102041328e-04
3.151764532502823236e-04
3.148480706868764419e-04
3.145194380612309818e-04
3.141905550274853420e-04
3.138614212500659396e-04
3.135319538705549480e-04
3.132021667125539730e-04
3.128721269605327536e-04
3.125418342948182906e-04
3.122112883987930836e-04
3.118804889580855571e-04
3.115494357354600240e-04
3.112181296074027596e-04
3.108865702513689301e-04
3.105547573454801066e-04
3.102226905679344050e-04
3.098903695970096840e-04
3.095577941108141251e-04
3.092249637650854033e-04
3.088918777812067642e-04
3.085585358364970900e-04
3.082249376075812649e-04
3.078910585398804867e-04
3.075569215227731907e-04
3.072225297135056511e-04
3.068878827957090836e-04
3.065529804523602791e-04
3.062178223657581857e-04
3.058824082174319134e-04
3.055467376881963542e-04
3.052108104580685357e-04
3.048746262063460090e-04
3.045381844541413907e-04
3.042014846834569810e-04
3.038645266085993274e-04
3.035273100174198805e-04
3.031898346737650954e-04
3.028521008812389025e-04
3.025141105721100457e-04
3.021758634838682422e-04
3.018373593444362095e-04
3.014985978736235261e-04
3.011595787850797671e-04
3.008203017870620115e-04
3.004807665836033950e-04
3.001409728752831648e-04
2.998009203596747798e-04
2.994606087318952767e-04
2.991200216605030852e-04
2.987791646909285855e-04
2.984380477426508611e-04
2.980966704966235277e-04
2.977550326324433219e-04
2.974131340721919404e-04
2.970709747284994390e-04
2.967285542735956174e-04
2.963858723790369315e-04
2.960429287154630359e-04
2.956997229528615461e-04
2.953562547604084978e-04
2.950125238067202618e-04
2.946685297595389623e-04
2.943242722861481604e-04
2.939797510530677590e-04
2.936349657260896740e-04
2.932899159704465352e-04
2.929446014507419726e-04
2.925990218308532551e-04
2.922531767741137071e-04
2.919070659430556989e-04
2.915606889997974355e-04
2.912140456056425066e-04
2.908671354212774281e-04
2.905199581068431455e-04
2.901725133216617606e-04
2.898248007246718386e-04
2.894768199739401922e-04
2.891285707270055730e-04
2.887800526407086695e-04
2.884312655887364047e-04
2.880822094995330617e-04
2.877328840273845148e-04
2.873832888260463548e-04
2.870334235488767585e-04
2.866832878485338874e-04
2.863328813774492507e-04
2.859822038671182829e-04
2.856312549422189775e-04
2.852800342316567949e-04
2.849285413688145709e-04
2.845767759902149367e-04
2.842247377348812898e-04
2.838724262435477364e-04
2.835198411581345539e-04
2.831669821216835727e-04
2.828138487776159856e-04
2.824604407698003811e-04
2.821067577421178165e-04
2.817527993386365905e-04
2.813985652031603482e-04
2.810440549793637686e-04
2.806892683106840367e-04
2.803342048401419491e-04
2.799788642104626408e-04
2.796232460638989142e-04
2.792673500423638907e-04
2.789111757872794945e-04
2.785547229395299936e-04
2.781979911397299606e-04
2.778409800277386048e-04
2.774836892432045832e-04
2.771261184250299711e-04
2.767682672116690144e-04
2.764101352412252736e-04
2.760517221511215929e-04
2.756930275782762288e-04
2.753340511592094813e-04
2.749747925297685780e-04
2.746152513254224137e-04
2.742554271810498608e-04
2.738953197309061584e-04
2.735349286089541363e-04
2.731742534484352504e-04
2.728132938822023243e-04
2.724520495424419394e-04
2.720905200609296018e-04
2.717287050688672748e-04
2.713666041968646218e-04
2.710042170320409215e-04
2.706415432022583065e-04
2.702785823563909101e-04
2.699153341381369930e-04
2.695517981870761484e-04
2.691879741394851647e-04
2.688238616289701692e-04
2.684594602869657949e-04
2.680947697430774630e-04
2.677297896254646485e-04
2.673645195773958344e-04
2.669989592722737102e-04
2.666331083092207026e-04
2.662669662463811667e-04
2.659005326906853568e-04
2.655338072241578856e-04
2.651667894946778056e-04
2.647994791435425203e-04
2.644318757820275493e-04
2.640639790132935389e-04
2.636957884870033252e-04
2.633273038452195415e-04
2.629585247239377339e-04
2.625894507545078051e-04
2.622200815644879315e-04
2.618504167784812425e-04
2.614804561044614607e-04
2.611101991778172504e-04
2.607396455729104625e-04
2.603687948728763122e-04
2.599976466677207123e-04
2.596262005523301657e-04
2.592544561647409582e-04
2.588824132018055545e-04
2.585100712115088475e-04
2.581374297560535777e-04
2.577644884084849411e-04
2.573912467501286738e-04
2.570177043680850807e-04
2.566438608541715054e-04
2.562697158034484110e-04
2.558952688133784193e-04
2.555205194831012497e-04
2.551454674129468051e-04
2.547701122039397448e-04
2.543944534576851016e-04
2.540184907758721508e-04
2.536422237603285662e-04
2.532656520126058209e-04
2.528887751343575200e-04
2.525115927266135272e-04
2.521341043903592536e-04
2.517563097259159282e-04
2.513782083333451680e-04
2.509997998121779811e-04
2.506210837615565810e-04
2.502420597800490958e-04
2.498627274657881842e-04
2.494830864163045015e-04
2.491031362287495572e-04
2.487228764995853087e-04
2.483423068248843762e-04
2.479614268001297363e-04
2.475802360202225289e-04
2.471987340796426270e-04
2.468169205722816153e-04
2.464347950914353097e-04
2.460523572299494737e-04
2.456696065801301006e-04
2.452865427336650261e-04
2.449031652817176027e-04
2.445194738150196709e-04
2.441354679236031370e-04
2.437511471971336911e-04
2.433665112245916179e-04
2.429815595944597698e-04
2.425962918947522989e-04
2.422107077128192020e-04
2.418248064023233558e-04
2.414385876745277356e-04
2.410520511811341010e-04
2.406651965562081456e-04
2.402780234212914827e-04
2.398905313883974589e-04
2.395027199665704907e-04
2.391145886643015366e-04
2.387261371662944133e-04
2.383373651314394119e-04
2.379482721988545268e-04
2.375588579930338435e-04
2.371691221415735671e-04
2.367790642544171124e-04
2.363886839196996555e-04
2.359979807229510887e-04
2.356069542475507355e-04
2.352156040753130358e-04
2.348239297865109109e-04
2.344319309603891334e-04
2.340396071749501698e-04
2.336469580075205407e-04
2.332539830344385436e-04
2.328606818455522586e-04
2.324670540215930889e-04
2.320730991509060309e-04
2.316788167878437406e-04
2.312842064911734745e-04
2.308892678227946133e-04
2.304940003466462474e-04
2.300984036282028059e-04
2.297024772339075068e-04
2.293062207307160162e-04
2.289096336858628298e-04
2.285127156665924994e-04
2.281154662401840003e-04
2.277178849735625866e-04
2.273199714334843229e-04
2.269217251862480384e-04
2.265231457976931589e-04
2.261242328333624182e-04
2.257249858581712851e-04
2.253254044366060195e-04
2.249254881326749925e-04
2.245252365097266483e-04
2.241246491307822999e-04
2.237237255581905947e-04
2.233224653537613583e-04
2.229208680788347129e-04
2.225189332941214287e-04
2.221166605598174422e-04
2.217140494357162342e-04
2.213110994806985769e-04
2.209078102534992006e-04
2.205041813121172856e-04
2.201002122139151520e-04
2.196959025158887137e-04
2.192912517743568002e-04
2.188862595451023744e-04
2.184809253834684025e-04
2.180752488440676679e-04
2.176692294811536223e-04
2.172628668483021720e-04
2.168561604985036191e-04
2.164491099843117384e-04
2.160417148577471215e-04
2.156339746701861268e-04
2.152258889723971465e-04
2.148174573148541847e-04
2.144086792472505657e-04
2.139995543187649162e-04
2.135900820781131521e-04
2.131802620734039009e-04
2.127700938522696626e-04
2.123595769616715991e-04
2.119487109481484673e-04
2.115374953575518567e-04
2.111259297353165352e-04
2.107140136263691325e-04
2.103017465748956323e-04
2.098891281246980755e-04
2.094761578190249094e-04
2.090628352004910817e-04
2.086491598112132952e-04
2.082351311928217169e-04
2.078207488863356202e-04
2.074060124322536173e-04
2.069909213704834304e-04
2.065754752405021637e-04
2.061596735811676250e-04
2.057435159308014570e-04
2.053270018271685649e-04
2.049101308075256065e-04
2.044929024086189603e-04
2.040753161666076653e-04
2.036573716171486391e-04
2.032390682952772806e-04
2.028204057356124113e-04
2.024013834720912145e-04
2.019820010383422283e-04
2.015622579671293396e-04
2.011421537910699597e-04
2.007216880418787118e-04
2.003008602510328328e-04
1.998796699492386380e-04
1.994581166673203496e-04
1.990361999346808818e-04
1.986139192803552521e-04
1.981912742330209354e-04
1.977682643206033766e-04
1.973448890707928300e-04
1.969211480104722262e-04
1.964970406664004086e-04
1.960725665644019364e-04
1.956477252300559870e-04
1.952225161883549946e-04
1.947969389637854774e-04
1.943709930802076102e-04
1.939446780608601302e-04
1.935179934159962038e-04
1.930909386679531623e-04
1.926635133387152941e-04
1.922357169495126619e-04
1.918075490212698005e-04
1.913790090742394730e-04
1.909500966281955231e-04
1.905208112025117513e-04
1.900911523158488781e-04
1.896611194865433663e-04
1.892307122322394700e-04
1.887999300702156060e-04
1.883687725172233235e-04
1.879372390893526725e-04
1.875053293023795555e-04
1.870730426714522306e-04
1.866403787112232311e-04
1.862073369359578952e-04
1.857739168592535564e-04
1.853401179941866167e-04
1.849059398536000761e-04
1.844713818318060715e-04
1.840364430382494495e-04
1.836011235057472750e-04
1.831654227449383923e-04
1.827293402660495945e-04
1.822928755787294971e-04
1.818560281921962599e-04
1.814187976151592537e-04
1.809811833558411785e-04
1.805431849219271050e-04
1.801048018205925563e-04
1.796660335586895837e-04
1.792268796424201780e-04
1.787873395775773689e-04
1.783474128694026526e-04
1.779070990227644240e-04
1.774663975419342790e-04
1.770253079307685100e-04
1.765838296926441377e-04
1.761419623304860704e-04
1.756997053466367560e-04
1.752570582430655144e-04
1.748140205212674622e-04
1.743705916822160524e-04
1.739267712343492531e-04
1.734825586836745491e-04
1.730379535297347344e-04
1.725929552716542635e-04
1.721475635129924978e-04
1.717017777540874124e-04
1.712555973901846963e-04
1.708090218479675919e-04
1.703620505760650573e-04
1.699146831995492477e-04
1.694669190926565620e-04
1.690187576464254971e-04
1.685701982843069904e-04
1.681212404516553571e-04
1.676718836087517201e-04
1.672221272259716122e-04
1.667719707803312504e-04
1.663214137533607106e-04
1.658704556295293136e-04
1.654190958949810120e-04
1.649673340372778132e-04
1.645151695442637529e-04
1.640626019043572501e-04
1.636096306058861926e-04
1.631562551370881002e-04
1.627024749861012069e-04
1.622482896407361549e-04
1.617936985884604363e-04
1.613387013164838287e-04
1.608832973115449151e-04
1.604274860601047229e-04
1.599712670481779676e-04
1.595146397614390066e-04
1.590576036849956204e-04
1.586001583034098562e-04
1.581423031011131692e-04
1.576840375621731832e-04
1.572253611703860110e-04
1.567662734089586096e-04
1.563067737608696305e-04
1.558468617086255820e-04
1.553865367344704057e-04
1.549257983201766595e-04
1.544646459470952818e-04
1.540030790479721568e-04
1.535410968970249760e-04
1.530786991831197810e-04
1.526158855256527390e-04
1.521526554974336114e-04
1.516890086401864843e-04
1.512249444748714000e-04
1.507604625085714263e-04
1.502955622388176199e-04
1.498302431570983995e-04
1.493645047503721430e-04
1.488983465027202710e-04
1.484317678998535429e-04
1.479647684069191433e-04
1.474973475123845515e-04
1.470295046914326526e-04
1.465612394195989958e-04
1.460925511730366377e-04
1.456234394279597025e-04
1.451539036603034306e-04
1.446839433462685832e-04
1.442135579616124832e-04
1.437427469821350354e-04
1.432715098832384863e-04
1.427998461402372619e-04
1.423277552281534335e-04
1.418552366217972459e-04
1.413822897957690426e-04
1.409089142244756914e-04
1.404351093819567321e-04
1.399608747421619598e-04
1.394862097788978380e-04
1.390111139655693503e-04
1.385355867755938401e-04
1.380596276820290750e-04
1.375832361578401236e-04
1.371064116757052286e-04
1.366291537085759060e-04
1.361514617290002400e-04
1.356733352092676515e-04
1.351947736214595571e-04
1.347157764375867645e-04
1.342363431295253155e-04
1.337564731688101617e-04
1.332761660272322617e-04
1.327954211760580105e-04
1.323142380867837347e-04
1.318326162306193423e-04
1.313505550787703229e-04
1.308680541022985363e-04
1.303851127722764679e-04
1.299017305596569338e-04
1.294179069353463467e-04
1.289336413702403853e-04
1.284489333352237782e-04
1.279637823010450778e-04
1.274781877385475692e-04
1.269921491185658363e-04
1.265056659119070601e-04
1.260187375894172900e-04
1.255313636219620099e-04
1.250435434804410186e-04
1.245552766358892338e-04
1.240665625592959822e-04
1.235774007218194822e-04
1.230877905946249997e-04
1.225977316491136957e-04
1.221072233566990910e-04
1.216162651889449907e-04
1.211248566175689801e-04
1.206329971144494184e-04
1.201406861516753928e-04
1.196479232014761239e-04
1.191547077363273795e-04
1.186610392288871957e-04
1.181669171521082946e-04
1.176723410912388523e-04
1.171773104451974282e-04
1.166818247245776012e-04
1.161858832309316833e-04
1.156894853178557371e-04
1.151926303844659586e-04
1.146953178579112687e-04
1.141975471829391817e-04
1.136993177918644351e-04
1.132006290932929078e-04
1.127014805806417192e-04
1.122018717841016870e-04
1.117018022883487725e-04
1.112012716366190764e-04
1.107002793470177607e-04
1.101988249225573915e-04
1.096969078573628960e-04
1.091945276405162791e-04
1.086916837580716535e-04
1.081883756946334452e-04
1.076846029343833769e-04
1.071803649612713147e-04
1.066756612596050875e-04
1.061704913142514712e-04
1.056648546106606643e-04
1.051587506351504711e-04
1.046521788747257006e-04
1.041451388173758071e-04
1.036376299520661216e-04
1.031296517686988343e-04
1.026212037582522468e-04
1.021122854127091333e-04
1.016028962253198628e-04
1.010930356903862366e-04
1.005827033035132400e-04
1.000718985615029258e-04
9.956062096262295776e-05
9.904887000626693002e-05
9.853664519341349970e-05
9.802394602648255382e-05
9.751077200942286712e-05
9.699712264777586666e-05
9.648299744864612798e-05
9.596839592100916657e-05
9.545331757541696850e-05
9.493776192438778828e-05
9.442172848226808920e-05
9.390521676545473704e-05
9.338822629232047476e-05
9.287075658346159485e-05
9.235280716146386016e-05
9.183437755145756117e-05
9.131546728076346976e-05
9.079607587923705985e-05
9.027620282140756485e-05
8.975584771291884683e-05
8.923501016333587989e-05
8.871368971355158715e-05
8.819188587948197718e-05
8.766959814904562453e-05
8.714682603731223668e-05
8.662356907650521219e-05
8.609982680990148568e-05
8.557559878897128046e-05
8.505088457137592595e-05
8.452568371990468903e-05
8.399999580214623370e-05
8.347382039014109359e-05
8.294715706043159949e-05
8.242000539415653018e-05
8.189236497683218495e-05
8.136423539897269627e-05
8.083561625597765227e-05
8.030650714830426802e-05
7.977690768150937127e-05
7.924681746664931044e-05
7.871623612068222070e-05
7.818516326644541837e-05
7.765359853296682443e-05
7.712154155576573578e-05
7.658899197711185468e-05
7.605594944543106462e-05
7.552241358500405316e-05
7.498838409721550761e-05
7.445386067601278651e-05
7.391884297705455381e-05
7.338333073723204731e-05
7.284732370448616478e-05
7.231082161810929948e-05
7.177382416593445179e-05
7.123633110811146267e-05
7.069834212326277754e-05
7.015985692276674435e-05
6.962087524512934383e-05
6.908139684954537035e-05
6.854142151264222039e-05
6.800094902634456996e-05
6.745997919790646692e-05
6.691851184961587241e-05
6.637654681899742015e-05
6.583408395086078285e-05
6.529112311895242003e-05
6.474766422873793888e-05
6.420370718808269259e-05
6.365925190640745791e-05
6.311429834539310127e-05
6.256884648828753357e-05
6.202289633367742954e-05
6.147644789950867971e-05
6.092950122634720303e-05
6.038205637924697300e-05
5.983411345639938277e-05
5.928567258143454920e-05
5.873673388022804633e-05
5.818729752653868155e-05
5.763736372903395652e-05
5.708693273234818080e-05
5.653600481774912742e-05
5.598458029916903296e-05
5.543265954817680263e-05
5.488024297582015139e-05
5.432733103697490130e-05
5.377392423617066410e-05
5.322002312870651906e-05
5.266562832453501147e-05
5.211074049145476210e-05
5.155536036085093144e-05
5.099948872832539191e-05
5.044312645517614880e-05
4.988627448045416992e-05
4.932893382232800982e-05
4.877110558378724861e-05
4.821279096005021516e-05
4.765399124198419097e-05
4.709470782337283088e-05
4.653494220826104327e-05
4.597469601898151488e-05
4.541397100458426756e-05
4.485276904960630205e-05
4.429109218484019209e-05
4.372894259833672400e-05
4.316632264748782835e-05
4.260323487196253497e-05
4.203968200844221555e-05
4.147566700626295795e-05
4.091119304483361289e-05
4.034626355273152157e-05
3.978088222898247019e-05
3.921505306625633482e-05
3.864878037643228409e-05
3.808206881968046273e-05
3.751492343564317175e-05
3.694734967890673128e-05
3.637935345833777866e-05
3.581094118111756376e-05
3.524211980137110655e-05
3.467289687594689166e-05
3.410328062596493866e-05
3.353328000692268329e-05
3.296290478751541834e-05
3.239216563940729837e-05
3.182107423879501504e-05
3.124964338236805764e-05
3.067788712008365519e-05
3.010582077709498215e-05
2.953346084356555179e-05
2.896082609537901345e-05
2.838793741294820373e-05
2.781481796497622030e-05
2.724149352759934093e-05
2.666799285794391839e-05
2.609434855842499999e-05
2.552059677794656496e-05
2.494677818277481874e-05
2.437293892678456088e-05
2.379913145097431581e-05
2.322541516131441000e-05
2.265185803285504687e-05
2.207853820206041030e-05
2.150554592248969400e-05
2.093298598053849242e-05
2.036098069527287878e-05
1.978967366256358522e-05
1.921923444812796822e-05
1.864986399220005370e-05
1.808180302431210051e-05
1.751534099659678796e-05
1.695082767477113943e-05
1.638868752070234610e-05
1.582943664415907274e-05
1.527370348680608158e-05
1.472224939246467621e-05
1.417598798801622188e-05
1.363599627000655836e-05
1.310350909739239929e-05
1.257988745950899646e-05
1.206655562162880387e-05
1.156491294838572099e-05
1.107623865365232322e-05
1.060161292981938077e-05
1.014187100310154421e-05
9.697592900655945057e-06
9.269120578625198207e-06
8.856590348579809481e-06
8.459970488430535823e-06
8.079097097369151596e-06
7.713705974167026650e-06
7.363458693460939949e-06
7.027963525583618429e-06
6.706791649334917235e-06
6.399490434070655377e-06
6.105593147034994592e-06
5.824626436757108403e-06
5.556116086191738780e-06
5.299591374678895522e-06
5.054588361943759329e-06
4.820652337380601197e-06
4.597339620988474059e-06
4.384218520871994735e-06
4.180870159765668580e-06
3.986891126193283703e-06
3.801891761674511442e-06
3.625496229079640193e-06
3.457342974812406825e-06
3.297084871921383827e-06
3.144388936572013220e-06
2.998936046142567387e-06
2.860420625163689042e-06
2.728550332419131647e-06
2.603045676991594357e-06
2.483639621818005418e-06
2.370077170936756139e-06
2.262114944088869756e-06
2.159520740880085961e-06
2.062073097183252454e-06
1.969560835242387875e-06
1.881782607940496720e-06
1.798546437704746249e-06
1.719669250154801066e-06
1.644976401599545350e-06
1.574301201010747707e-06
1.507484396020281259e-06
1.444373279085279958e-06
1.384822568159562141e-06
1.328692567216689573e-06
1.275848954401013611e-06
1.226162377854377156e-06
1.179507954845144217e-06
1.135764779064698096e-06
1.094815443528301747e-06
1.056545585174047529e-06
1.020843423390378960e-06
9.875992572866965459e-07
9.567057349496587497e-07
9.280568574485018751e-07
9.015480258078254915e-07
8.770758939769940004e-07
8.545382684346714125e-07
8.338340791261578508e-07
8.148636958393041311e-07
7.975287599026368685e-07
7.817324810613089324e-07
7.673798346991744127e-07
7.543779726653852078e-07
7.426363631805977741e-07
7.320671163860441436e-07
7.225853081822013799e-07
7.141092014735741026e-07
7.065604851771019443e-07
6.998644711811628118e-07
6.939502378738095145e-07
6.887507345147839418e-07
6.842028368165999696e-07
6.802473588796435220e-07
6.768290237875135924e-07
6.738963973044011673e-07
6.714017895577901163e-07
6.693011300434040468e-07
6.675538212881823759e-07
6.661225762831681029e-07
6.649732444230317787e-07
6.640746304196679829e-07
6.633983096638367457e-07
6.629184435114001914e-07
6.626115969112827733e-07
6.624565606005140460e-07
6.624341795659371246e-07
6.625271888095663053e-07
6.627200574534015325e-07
6.629988416410858582e-07
6.633510465038246766e-07
6.637654973748759155e-07
6.642322199696460638e-07
6.647423295858106200e-07
6.652879287427446079e-07
6.658620130522315501e-07
6.664583849041362172e-07
6.670715743568866873e-07
6.676967669323188929e-07
6.683297378132352758e-07
6.689667918971248812e-07
6.696047093858566967e-07
6.702406963489600862e-07
6.708723399584420650e-07
6.714975680163203297e-07
6.721146122225487506e-07
6.727219752095475029e-07
6.733184005573237667e-07
6.739028459689718794e-07
6.744744589779112393e-07
6.750325551332351400e-07
6.755765984241505432e-07
6.761061836160438413e-07
6.766210204509012878e-07
6.771209194486290048e-07
