7.139816722489110423e-03
7.139656274263362322e-03
7.139506750092029612e-03
7.139367606268259316e-03
7.139238274108987252e-03
7.139118169085711431e-03
7.139006703316175088e-03
7.138903294286871176e-03
7.138807371767569472e-03
7.138718383329760789e-03
7.138635798571120634e-03
7.138559112192175739e-03
7.138487846068680177e-03
7.138421550465560116e-03
7.138359804541395681e-03
7.138302216260865134e-03
7.138248421858202700e-03
7.138198084950488596e-03
7.138150895391525905e-03
7.138106567947279449e-03
7.138064839507288727e-03
7.138025470314081182e-03
7.137988241258246512e-03
7.137952952164552424e-03
7.137919420336534190e-03
7.137887479158809730e-03
7.137856976768760207e-03
7.137827774805939260e-03
7.137799748388419172e-03
7.137772783481674196e-03
7.137746760546959980e-03
7.137720987504801197e-03
7.137696016761126139e-03
7.137671767327190449e-03
7.137648165315794817e-03
7.137625143295511614e-03
7.137602639580738033e-03
7.137580597135062890e-03
7.137558964396826730e-03
7.137537694236747304e-03
7.137516743555524443e-03
7.137496072918925356e-03
7.137475646227214865e-03
7.137455430415564316e-03
7.137435391916866281e-03
7.137415500825252182e-03
7.137395732215411938e-03
7.137376063189872569e-03
7.137356472701764966e-03
7.137336941687512891e-03
7.137317452941494000e-03
7.137297989015828348e-03
7.137278529806109946e-03
7.137259061842921373e-03
7.137239572686309048e-03
7.137220050838591692e-03
7.137200485664614222e-03
7.137180867318897171e-03
7.137161186679021573e-03
7.137141435284643891e-03
7.137121605281752414e-03
7.137101689371569239e-03
7.137081680763797745e-03
7.137061573133729811e-03
7.137041360583001176e-03
7.137021037603531737e-03
7.137000599044584018e-03
7.136980040082390765e-03
7.136959356192391565e-03
7.136938543123839962e-03
7.136917596876210350e-03
7.136896513677907714e-03
7.136875289966456218e-03
7.136853922370473696e-03
7.136832407693035653e-03
7.136810742896380205e-03
7.136788925088010348e-03
7.136766951507757251e-03
7.136744819516043989e-03
7.136722526583029642e-03
7.136700070278655453e-03
7.136677448263564413e-03
7.136654658275467210e-03
7.136631698098487055e-03
7.136608565614317549e-03
7.136585258765888902e-03
7.136561775551484611e-03
7.136538114019225047e-03
7.136514272262063641e-03
7.136490248413237571e-03
7.136466040642007284e-03
7.136441647149786328e-03
7.136417066378209287e-03
7.136392296777783854e-03
7.136367336594169435e-03
7.136342184095712145e-03
7.136316837570638033e-03
7.136291295324407626e-03
7.136265555665017614e-03
7.136239616535356572e-03
7.136213476246251394e-03
7.136187133119714469e-03
7.136160585486924467e-03
7.136133831686882791e-03
7.136106870064621611e-03
7.136079698972818026e-03
7.136052314806687162e-03
7.136024709292705659e-03
7.135996889322806722e-03
7.135968853190906291e-03
7.135940599085719739e-03
7.135912125344118229e-03
7.135883430301910406e-03
7.135854512293013201e-03
7.135825369648754468e-03
7.135796000697261499e-03
7.135766403762787945e-03
7.135736577165228099e-03
7.135706519219600814e-03
7.135676228235567249e-03
7.135645702517093465e-03
7.135614940361967307e-03
7.135583923901882113e-03
7.135552581888624825e-03
7.135520997826259350e-03
7.135489169983254970e-03
7.135457096620447318e-03
7.135424775990937760e-03
7.135392206339739515e-03
7.135359385903752502e-03
7.135326312911504862e-03
7.135292985582991632e-03
7.135259402129568926e-03
7.135225535241261283e-03
7.135191380089674941e-03
7.135156962972765034e-03
7.135122282056493431e-03
7.135087335498001802e-03
7.135052121445610747e-03
7.135016637930703155e-03
7.134980883077082781e-03
7.134944858996838772e-03
7.134908564164671278e-03
7.134871996573736823e-03
7.134835154223312902e-03
7.134798035117092749e-03
7.134760637261841794e-03
7.134722954333317692e-03
7.134684952048112733e-03
7.134646664793474306e-03
7.134608091285343616e-03
7.134569229491058429e-03
7.134530077209659711e-03
7.134490632481708776e-03
7.134450893340128080e-03
7.134410857809903722e-03
7.134370518302223310e-03
7.134329844189906365e-03
7.134288867524096744e-03
7.134247586295537971e-03
7.134205998486406637e-03
7.134164102330023058e-03
7.134121896064947281e-03
7.134079219745015354e-03
7.134035960034273809e-03
7.133992383572053050e-03
7.133948488318726799e-03
7.133904272224020175e-03
7.133859733226876124e-03
7.133814869255951548e-03
7.133769678229646798e-03
7.133724158055985108e-03
7.133678306632890154e-03
7.133632121848167834e-03
7.133585601579539234e-03
7.133538743254104128e-03
7.133491544362398525e-03
7.133444002835170536e-03
7.133396116583845190e-03
7.133347883501405667e-03
7.133299301463502662e-03
7.133250368329418882e-03
7.133201081942739524e-03
7.133151440131673196e-03
7.133101440826063351e-03
7.133051081964478235e-03
7.133000361348871415e-03
7.132949274136426640e-03
7.132897817792846484e-03
7.132845990369060703e-03
7.132793792012782734e-03
7.132741220500816125e-03
7.132688273594386605e-03
7.132634949039888886e-03
7.132580889237431429e-03
7.132526338053418735e-03
7.132471401545439731e-03
7.132416077412519900e-03
7.132360363341635340e-03
7.132304257007934800e-03
7.132247756075268778e-03
7.132190855476085861e-03
7.132133551001624237e-03
7.132075840282064289e-03
7.132017720930054414e-03
7.131959190541724974e-03
7.131900246697664078e-03
7.131840886963720753e-03
7.131781108734349013e-03
7.131720910322693341e-03
7.131660289382823863e-03
7.131599243235812319e-03
7.131537768660920797e-03
7.131475862824661512e-03
7.131413523168649536e-03
7.131350747132200567e-03
7.131287532773096516e-03
7.131223879703034278e-03
7.131159785460779513e-03
7.131095243155673169e-03
7.131030172523714940e-03
7.130964652872972750e-03
7.130898681673747928e-03
7.130832256382163038e-03
7.130765374441024040e-03
7.130698033280553211e-03
7.130630230319101245e-03
7.130561962963568798e-03
7.130493228610109042e-03
7.130424024644465945e-03
7.130354348442485141e-03
7.130284197370333373e-03
7.130213568785058811e-03
7.130142460034604064e-03
7.130070868872042528e-03
7.129998792873190952e-03
7.129926229390932436e-03
7.129853068765819660e-03
7.129779127192533567e-03
7.129704692316573590e-03
7.129629761195341309e-03
7.129554330914994811e-03
7.129478398585702495e-03
7.129401961337383450e-03
7.129325016316306537e-03
7.129247560267887654e-03
7.129169582796286361e-03
7.129091082139707089e-03
7.129012056390168252e-03
7.128932503513220852e-03
7.128852421364915808e-03
7.128771807696886696e-03
7.128690660187376148e-03
7.128608976446161594e-03
7.128526754021103848e-03
7.128443990406518882e-03
7.128360683050235548e-03
7.128276829359537874e-03
7.128192426706482857e-03
7.128107472432529575e-03
7.128021963852297464e-03
7.127935895890210281e-03
7.127849264670919199e-03
7.127762067316428633e-03
7.127674300945794836e-03
7.127585962674933343e-03
7.127497049616786373e-03
7.127407558881248238e-03
7.127317487575181819e-03
7.127226832802527855e-03
7.127135591664269382e-03
7.127043761258728370e-03
7.126951338681446028e-03
7.126858321025388368e-03
7.126764705381128349e-03
7.126670488836893587e-03
7.126575669285153784e-03
7.126480243783823998e-03
7.126384207178766694e-03
7.126287556357990306e-03
7.126190288232032120e-03
7.126092399730291072e-03
7.125993887797948609e-03
7.125894749393500184e-03
7.125794981486529601e-03
7.125694581055699341e-03
7.125593545088054065e-03
7.125491870201381729e-03
7.125389552007511083e-03
7.125286587439515207e-03
7.125182973441128789e-03
7.125078706963368022e-03
7.124973784775790082e-03
7.124868202684908267e-03
7.124761957610371496e-03
7.124655046482047949e-03
7.124547466238696260e-03
7.124439213826832748e-03
7.124330286199830227e-03
7.124220677872374237e-03
7.124110385403648570e-03
7.123999285742254294e-03
7.123887376881347933e-03
7.123774772634912031e-03
7.123661468646704659e-03
7.123547461738727153e-03
7.123432716862683652e-03
7.123317158668287380e-03
7.123200887515215504e-03
7.123083900291330740e-03
7.122966193909712612e-03
7.122847623314153623e-03
7.122728282300035824e-03
7.122608211985750025e-03
7.122487409207664544e-03
7.122365863934236943e-03
7.122243574176115831e-03
7.122120537845449614e-03
7.121996752679448511e-03
7.121872216290140757e-03
7.121746926171936866e-03
7.121620879735195662e-03
7.121493926657618267e-03
7.121366076349482793e-03
7.121237461503858446e-03
7.121108047431061808e-03
7.120977847217608257e-03
7.120846730124481827e-03
7.120714824123167488e-03
7.120582141552898175e-03
7.120448679641092245e-03
7.120314435608085177e-03
7.120179406663349614e-03
7.120043590023572046e-03
7.119906982896080996e-03
7.119769582504055158e-03
7.119631386066722391e-03
7.119492391777621464e-03
7.119352598082622288e-03
7.119212002304251170e-03
7.119070601774429678e-03
7.118928393828390100e-03
7.118785375818770071e-03
7.118641545097718903e-03
7.118496899043920238e-03
7.118351433357541884e-03
7.118205146539248462e-03
7.118058036578147653e-03
7.117910102134698130e-03
7.117761342825796624e-03
7.117611756229615637e-03
7.117461340248419123e-03
7.117310092682614144e-03
7.117158012717957061e-03
7.117005098416317663e-03
7.116851347509688119e-03
7.116696757732112778e-03
7.116541326843319436e-03
7.116385052615668144e-03
7.116227932845369669e-03
7.116069965350343973e-03
7.115911147969904496e-03
7.115751478023021361e-03
7.115590953277422040e-03
7.115429571777498984e-03
7.115267331557313495e-03
7.115104235221164294e-03
7.114940282993106532e-03
7.114775473113412428e-03
7.114609803809640413e-03
7.114443273330644385e-03
7.114275879954243785e-03
7.114107621964411120e-03
7.113938497658085086e-03
7.113768504022107385e-03
7.113597635594774010e-03
7.113425895867816172e-03
7.113253283257074851e-03
7.113079796207010495e-03
7.112905433203670948e-03
7.112730192760203900e-03
7.112554073399853134e-03
7.112377073661624131e-03
7.112198727075321955e-03
7.112019429417775450e-03
7.111839248187501808e-03
7.111658182142698362e-03
7.111476230103345487e-03
7.111293390910159579e-03
7.111109663466556007e-03
7.110925046700743678e-03
7.110739539603628742e-03
7.110553141194691715e-03
7.110365849088372964e-03
7.110177656927052330e-03
7.109988565181094011e-03
7.109798574162903492e-03
7.109607683993149872e-03
7.109415894634169703e-03
7.109223205959439192e-03
7.109029617825367471e-03
7.108835130034271525e-03
7.108639737327514946e-03
7.108443437125088610e-03
7.108246229054394731e-03
7.108048112796966703e-03
7.107849088071128800e-03
7.107649154656529508e-03
7.107448312374651037e-03
7.107246561113403360e-03
7.107043900805549465e-03
7.106840331455022836e-03
7.106635853111924021e-03
7.106430465901793225e-03
7.106224169997064563e-03
7.106016964177733902e-03
7.105808847631021712e-03
7.105599806727007882e-03
7.105389853687986770e-03
7.105178992458409046e-03
7.104967223844508260e-03
7.104754548686007670e-03
7.104540967818715261e-03
7.104326482143240480e-03
7.104111092576866071e-03
7.103894800116473431e-03
7.103677605791880283e-03
7.103459510718594487e-03
7.103240516057879837e-03
7.103020623057905436e-03
7.102799833023294360e-03
7.102578147344431811e-03
7.102355567477586923e-03
7.102132094961526206e-03
7.101907731410735114e-03
7.101682478517127618e-03
7.101456338058438796e-03
7.101229311883645347e-03
7.101001401938239650e-03
7.100772610231446957e-03
7.100542938880703703e-03
7.100312390155800145e-03
7.100080966604188117e-03
7.099848670608594446e-03
7.099615499434071449e-03
7.099381453655215918e-03
7.099146535994987732e-03
7.098910749213017089e-03
7.098674097534627206e-03
7.098436583665961551e-03
7.098198210284850304e-03
7.097958979886149350e-03
7.097718895327470405e-03
7.097477960015456493e-03
7.097236173949430203e-03
7.096993540286934340e-03
7.096750062311385845e-03
7.096505742151471702e-03
7.096260583319898528e-03
7.096014589812323428e-03
7.095767765658286125e-03
7.095520114205193171e-03
7.095271638042362217e-03
7.095022341692589461e-03
7.094772229433723813e-03
7.094521305496603175e-03
7.094269404130477616e-03
7.094016463211395319e-03
7.093762722157362539e-03
7.093508185721231901e-03
7.093252858726878211e-03
7.092996745384333099e-03
7.092739850881402477e-03
7.092482167576965972e-03
7.092223681264844815e-03
7.091964429584343872e-03
7.091704242801498415e-03
7.091443265933534967e-03
7.091181539449992709e-03
7.090919069151218820e-03
7.090655860968132253e-03
7.090391920928225747e-03
7.090127254677827326e-03
7.089861851529751478e-03
7.089595606860378540e-03
7.089328654504119080e-03
7.089061001074169199e-03
7.088792653297319897e-03
7.088523618009451993e-03
7.088253902129399917e-03
7.087983512722865857e-03
7.087712461563094521e-03
7.087440758021059523e-03
7.087168409565409825e-03
7.086895423756197840e-03
7.086621808291494913e-03
7.086347570942632366e-03
7.086072719624578360e-03
7.085797262788310659e-03
7.085521208869080025e-03
7.085244566617923678e-03
7.084967345621637387e-03
7.084689546975437950e-03
7.084411179204845935e-03
7.084132250947914287e-03
7.083852770993520620e-03
7.083572748212516035e-03
7.083292191621883872e-03
7.083011103579026600e-03
7.082729492152172596e-03
7.082447366073230284e-03
7.082164728033931052e-03
7.081881582402150752e-03
7.081597938972472930e-03
7.081313807572355012e-03
7.081029198138846445e-03
7.080744120654820263e-03
7.080458585190206600e-03
7.080172601940702172e-03
7.079886180248566585e-03
7.079599325491100006e-03
7.079312048110474737e-03
7.079024358363016946e-03
7.078736265403712431e-03
7.078447262040996404e-03
7.078157841554955781e-03
7.077868048535942806e-03
7.077577894035866866e-03
7.077287389252529329e-03
7.076996366977359419e-03
7.076704662191532144e-03
7.076412315320467460e-03
7.076119661346107724e-03
7.075826383664317668e-03
7.075532724223189060e-03
7.075238791584785754e-03
7.074944597722987102e-03
7.074650154324421333e-03
7.074355472743543150e-03
7.074060565667427032e-03
7.073765445769910655e-03
7.073470125414160932e-03
7.073174347315005529e-03
7.072878314445905402e-03
7.072582118079506243e-03
7.072285693766549620e-03
7.071989103397354794e-03
7.071692387586297340e-03
7.071395560368162747e-03
7.071098645499669828e-03
7.070801657586332431e-03
7.070504611008984752e-03
7.070207519304403526e-03
7.069910396032949053e-03
7.069613254918570393e-03
7.069316115394717187e-03
7.069018995976937038e-03
7.068721909771719797e-03
7.068424874092336940e-03
7.068127907662867179e-03
7.067831024615194545e-03
7.067534239065180295e-03
7.067237565252742701e-03
7.066941017461606141e-03
7.066644609963386621e-03
7.066348357083631834e-03
7.066052273253704136e-03
7.065756376815530461e-03
7.065460684132812003e-03
7.065165209675703870e-03
7.064869968974121089e-03
7.064574975693161361e-03
7.064280235134602799e-03
7.063985772209689477e-03
7.063691601555678948e-03
7.063397738071792824e-03
7.063104196463308032e-03
7.062810991257934337e-03
7.062518137014507646e-03
7.062225648406529957e-03
7.061933540048195672e-03
7.061641826628577666e-03
7.061350522792158614e-03
7.061059643279987176e-03
7.060769202803560129e-03
7.060479215924674555e-03
7.060189697380616497e-03
7.059900656591328212e-03
7.059612100704296296e-03
7.059324044406001079e-03
7.059036502324450568e-03
7.058749489113088152e-03
7.058463019253463470e-03
7.058177107379974384e-03
7.057891757024097219e-03
7.057606956202752517e-03
7.057322746373914484e-03
7.057039142407325709e-03
7.056756159247393884e-03
7.056473810651405117e-03
7.056192110883307937e-03
7.055911074063486894e-03
7.055630714374887605e-03
7.055351045815520285e-03
7.055072082482284797e-03
7.054793834934226099e-03
7.054516314738461247e-03
7.054239535295010050e-03
7.053963510422695329e-03
7.053688253849028401e-03
7.053413779163565829e-03
7.053139899984696079e-03
7.052866314857148683e-03
7.052593549318013182e-03
7.052321611181919594e-03
7.052050513495201033e-03
7.051780269401488645e-03
7.051510892032214137e-03
7.051242111626708844e-03
7.050973929385438710e-03
7.050706651610743995e-03
7.050440291109996184e-03
7.050174860723049455e-03
7.049910372963308185e-03
7.049646843659870821e-03
7.049384285714872453e-03
7.049122711075229628e-03
7.048862131665648359e-03
7.048602559255048687e-03
7.048344005489535699e-03
7.048086293640140262e-03
7.047829483845123068e-03
7.047573689208821643e-03
7.047318951409055170e-03
7.047065272480115654e-03
7.046812410626952100e-03
7.046560552784584923e-03
7.046309618573411843e-03
7.046059732561780684e-03
7.045810949692313946e-03
7.045563285788781008e-03
7.045316750912259708e-03
7.045071354978123257e-03
7.044827107791379155e-03
7.044584018883179310e-03
7.044342094373824172e-03
7.044101341052772490e-03
7.043861774461600972e-03
7.043623403477049238e-03
7.043386236896478567e-03
7.043150283394505537e-03
7.042915551365453580e-03
7.042682049176445663e-03
7.042449483512870471e-03
7.042218105295279702e-03
7.041987978618017771e-03
7.041759110250724214e-03
7.041531506568030757e-03
7.041305174042628706e-03
7.041080121765957468e-03
7.040856360392326076e-03
7.040633363998425286e-03
7.040411561150248555e-03
7.040191069135641119e-03
7.039971353732948217e-03
7.039752733702206444e-03
7.039535333792132366e-03
7.039319274535106065e-03
7.039104560770870732e-03
7.038891197479278834e-03
7.038679189538169824e-03
7.038468541548444091e-03
7.038259258143689419e-03
7.038051129399976874e-03
7.037844111735858110e-03
7.037638471206344483e-03
7.037434211574499637e-03
7.037231336487610907e-03
7.037029849421082284e-03
7.036829753496497489e-03
7.036631056422608561e-03
7.036433762961860280e-03
7.036237875139147654e-03
7.036043204716762277e-03
7.035849760962995143e-03
7.035657726066743903e-03
7.035467101321374143e-03
7.035277889252971109e-03
7.035090091818003641e-03
7.034903709837401868e-03
7.034718637640397648e-03
7.034534985176746878e-03
7.034352752747063259e-03
7.034171946647558606e-03
7.033992567957856289e-03
7.033814616668844673e-03
7.033638095757647514e-03
7.033463008452631171e-03
7.033289353123398438e-03
7.033117130296703302e-03
7.032946339238163591e-03
7.032776978895118741e-03
7.032609047966768140e-03
7.032442544820961643e-03
7.032277467691496614e-03
7.032113813101413015e-03
7.031951578361935427e-03
7.031790766938840129e-03
7.031631376178991595e-03
7.031473395002001484e-03
7.031316820840391446e-03
7.031161651207575893e-03
7.031007883193080010e-03
7.030855513641499042e-03
7.030704539274163119e-03
7.030554956571254989e-03
7.030406762027519539e-03
7.030259951634215514e-03
7.030114523182189913e-03
7.029970471700061792e-03
7.029827789045210891e-03
7.029686477642655730e-03
7.029546532848223242e-03
7.029407950011478876e-03
7.029270719388473060e-03
7.029134834543025213e-03
7.029000293789992859e-03
7.028867095479380753e-03
7.028735232135673895e-03
7.028604697086864722e-03
7.028475484023664205e-03
7.028347590950254770e-03
7.028221013226721228e-03
7.028095740975045039e-03
7.027971766382986631e-03
7.027849082581819062e-03
7.027727683061082628e-03
7.027607561360441589e-03
7.027488710934284670e-03
7.027371125416078702e-03
7.027254797355144723e-03
7.027139719868598713e-03
7.027025886523991481e-03
7.026913288710032526e-03
7.026801919561342924e-03
7.026691766930008055e-03
7.026582355129704256e-03
7.026474026043682403e-03
7.026366901798880397e-03
7.026260973936702438e-03
7.026156234484675148e-03
7.026052675962637939e-03
7.025950290628176463e-03
7.025849069357925462e-03
7.025749004701719452e-03
7.025650089137066255e-03
7.025552314990972554e-03
7.025455674745734007e-03
7.025360162115194991e-03
7.025265771091996833e-03
7.025172492680078692e-03
7.025080318272451316e-03
7.024989239524353189e-03
7.024899251624899983e-03
7.024810345767242351e-03
7.024722129489858677e-03
7.024634941817970921e-03
7.024548811551405321e-03
7.024463730364747735e-03
7.024379689821427276e-03
7.024296681780778720e-03
7.024214613536162825e-03
7.024133482177071820e-03
7.024053348033208743e-03
7.023974202642025225e-03
7.023896040189197415e-03
7.023818853183117286e-03
7.023742633862188785e-03
7.023667374425747283e-03
7.023593066913389610e-03
7.023519703154519622e-03
7.023447275165026552e-03
7.023375774975762487e-03
7.023305194509438590e-03
7.023235525587061788e-03
7.023166760171322548e-03
7.023098889500964392e-03
7.023031900610770747e-03
7.022965787669812124e-03
7.022900483067713757e-03
7.022835917448175432e-03
7.022772206894372336e-03
7.022709343476812340e-03
7.022647315448518786e-03
7.022586116487836670e-03
7.022525739659699756e-03
7.022466146294055640e-03
7.022407355390227271e-03
7.022349364827217694e-03
7.022292166647872876e-03
7.022235753028131106e-03
7.022180115973777718e-03
7.022125200164862704e-03
7.022070978510510514e-03
7.022017509456232598e-03
7.021964784761828768e-03
7.021912796543047612e-03
7.021861537273010705e-03
7.021810999258387698e-03
7.021761174834715777e-03
7.021712056323156474e-03
7.021663636092488614e-03
7.021615906640109490e-03
7.021568860364156388e-03
7.021522488488227826e-03
7.021476782395848215e-03
7.021431733007808818e-03
7.021387334170877195e-03
7.021343579234514722e-03
7.021300461315009046e-03
7.021257973366737404e-03
7.021216108209603866e-03
7.021174859931708125e-03
7.021134222387139141e-03
7.021094187800945227e-03
7.021054750991407613e-03
7.021015906602649966e-03
7.020977646660938633e-03
7.020939963635742728e-03
7.020902850204339095e-03
7.020866246116279873e-03
7.020829833401415719e-03
7.020793705245547724e-03
7.020758123012678376e-03
7.020723080109130682e-03
7.020688569886929069e-03
7.020654585740066997e-03
7.020621121099411208e-03
7.020588169334453059e-03
7.020555724188257476e-03
7.020523779291590327e-03
7.020492328325325833e-03
7.020461365022464921e-03
7.020430883168169919e-03
7.020400876519335837e-03
7.020371339033236457e-03
7.020342264667461286e-03
7.020313647378947572e-03
7.020285481225139838e-03
7.020257760329030872e-03
7.020230478821174250e-03
7.020203630860666691e-03
7.020177210774782885e-03
7.020151212874098205e-03
7.020125631520325940e-03
7.020100461130726090e-03
7.020075696176011557e-03
7.020051331140843287e-03
7.020027360508035615e-03
7.020003779041366493e-03
7.019980581995428730e-03
7.019957764064758791e-03
7.019935319997670439e-03
7.019913244604047108e-03
7.019891532751971336e-03
7.019870179303363059e-03
7.019849179281385625e-03
7.019828445782306560e-03
7.019807946646344082e-03
7.019787787416706913e-03
7.019767886817017064e-03
7.019748287556444935e-03
7.019729014822363548e-03
7.019710063884850720e-03
7.019691430173180709e-03
7.019673109138984020e-03
7.019655096269495492e-03
7.019637387103039305e-03
7.019619977227742683e-03
7.019602862282368558e-03
7.019586037955196679e-03
7.019569499962974475e-03
7.019553244289104994e-03
7.019537266854740734e-03
7.019521563525197780e-03
7.019506130219181801e-03
7.019490962906820009e-03
7.019476057606422424e-03
7.019461410387372799e-03
7.019447017367793674e-03
7.019432874713428354e-03
7.019418978567987417e-03
7.019405325255843354e-03
7.019391911082776755e-03
7.019378732399508825e-03
7.019365785599335217e-03
7.019353067085456858e-03
7.019340573386736309e-03
7.019328301034903628e-03
7.019316226902050371e-03
7.019304267336629911e-03
7.019292519761050064e-03
7.019280980932207994e-03
7.019269647601330923e-03
7.019258516557307787e-03
7.019247584795361601e-03
7.019236849208285167e-03
7.019226311600842289e-03
7.019215966838061524e-03
7.019205810679971652e-03
7.019195839430929056e-03
7.019186049733359099e-03
7.019176438343181432e-03
7.019167002349600316e-03
7.019157738870390045e-03
7.019148645082684546e-03
7.019139718223012941e-03
7.019130955315147462e-03
7.019122353267450050e-03
7.019113909534899221e-03
7.019105621587094605e-03
7.019097486916911488e-03
7.019089503044946901e-03
7.019081667523741942e-03
7.019073977904281662e-03
7.019066431817388291e-03
7.019059026933273555e-03
7.019051760934320004e-03
7.019044631536125803e-03
7.019037636486142109e-03
7.019030773564293238e-03
7.019024040549968341e-03
7.019017435317575181e-03
7.019010955741773923e-03
7.019004599727410657e-03
7.018998360653600985e-03
7.018992219341392211e-03
7.018986195675103353e-03
7.018980287640377846e-03
7.018974493372942200e-03
7.018968810632479106e-03
7.018963238108109209e-03
7.018957774059936087e-03
7.018952416676750572e-03
7.018947164154835765e-03
7.018942014678677781e-03
7.018936966472009119e-03
7.018932017803265234e-03
7.018927166959017250e-03
7.018922412247725895e-03
7.018917752000840456e-03
7.018913184573946293e-03
7.018908708346870660e-03
7.018904321704848813e-03
7.018900023029968349e-03
7.018895810842065187e-03
7.018891683618509215e-03
7.018887639860225264e-03
7.018883678091351365e-03
7.018879796861087102e-03
7.018875994740015993e-03
7.018872270320841017e-03
7.018868622219014315e-03
7.018865049071699828e-03
7.018861549538134119e-03
7.018858122298983655e-03
7.018854766055886846e-03
7.018851479531600622e-03
7.018848261469224151e-03
7.018845110632136383e-03
7.018842025803870288e-03
7.018839005787533454e-03
7.018836049370344270e-03
7.018833155427483747e-03
7.018830322821446865e-03
7.018827550431354194e-03
7.018824837154263342e-03
7.018822181905236615e-03
7.018819583619490335e-03
7.018817041246266063e-03
7.018814553731003714e-03
7.018812120077266847e-03
7.018809739278708548e-03
7.018807410359697782e-03
7.018805132365611016e-03
7.018802904347956964e-03
7.018800725374472679e-03
7.018798594527590924e-03
7.018796510905546925e-03
7.018794473621870963e-03
7.018792481804554846e-03
7.018790534641846865e-03
7.018788633360580759e-03
7.018786776274521175e-03
7.018784962022328253e-03
7.018783189523162581e-03
7.018781457804898136e-03
7.018779765983485137e-03
7.018778113108645536e-03
7.018776498507363869e-03
7.018774921432783566e-03
7.018773381149247433e-03
7.018771876939384861e-03
7.018770408101579136e-03
7.018768973948202351e-03
7.018767573804977032e-03
7.018766206986472300e-03
7.018764872864728666e-03
7.018763570802760872e-03
7.018762300173489802e-03
7.018761060360885658e-03
7.018759851172915419e-03
7.018758672760483548e-03
7.018757524067195490e-03
7.018756404235986825e-03
7.018755312533411263e-03
7.018754248303483122e-03
7.018753210941513360e-03
7.018752199876418865e-03
7.018751214561641180e-03
7.018750254468566693e-03
7.018749319056988636e-03
7.018748407830670277e-03
7.018747520320281312e-03
7.018746656044291127e-03
7.018745814515507837e-03
7.018744995276673948e-03
7.018744197883309936e-03
7.018743421889344671e-03
7.018742666856979916e-03
7.018741932356391093e-03
7.018741217987276015e-03
7.018740523342656412e-03
7.018739848009041861e-03
7.018739191582221842e-03
7.018738553667222373e-03
7.018737933876829753e-03
7.018737331831409292e-03
7.018736747158737903e-03
7.018736179493708337e-03
7.018735628460543059e-03
7.018735093660713638e-03
7.018734574766553359e-03
7.018734071450780619e-03
7.018733583388596202e-03
7.018733110259306983e-03
7.018732651746662464e-03
7.018732207539673564e-03
7.018731777332699352e-03
7.018731360825471340e-03
7.018730957715677531e-03
7.018730567706903990e-03
7.018730190529869593e-03
7.018729825905924841e-03
7.018729473561815223e-03
7.018729133229235397e-03
7.018728804419255285e-03
7.018728487026198136e-03
7.018728180860500307e-03
7.018727885678848616e-03
7.018727601243379514e-03
7.018727327336679242e-03
7.018727063732148677e-03
7.018726810190264141e-03
7.018726566479218873e-03
7.018726332373480606e-03
7.018726107653252069e-03
7.018725892103194232e-03
7.018725685512974474e-03
7.018725487676429585e-03
7.018725298391403564e-03
7.018725117460066810e-03
7.018724944688291625e-03
7.018724779885670423e-03
7.018724622865975434e-03
7.018724473446239301e-03
7.018724331447108097e-03
7.018724196693072043e-03
7.018724069011789829e-03
7.018723948234346227e-03
7.018723834195289384e-03
7.018723726732387959e-03
7.018723625686014433e-03
7.018723530892155039e-03
7.018723442206803442e-03
7.018723359464470492e-03
7.018723282533135925e-03
7.018723211270488233e-03
7.018723145535637510e-03
7.018723085190400023e-03
7.018723030099692853e-03
7.018722980130880779e-03
7.018722935154207351e-03
7.018722895042423665e-03
7.018722859670922798e-03
7.018722828917630524e-03
7.018722802663031335e-03
7.018722780789761646e-03
7.018722763183363536e-03
7.018722749731226562e-03
7.018722740323732681e-03
7.018722734852865866e-03
7.018722733212946763e-03
7.018722735300678660e-03
7.018722741014669572e-03
7.018722750255841636e-03
7.018722762927090235e-03
7.018722778933346451e-03
7.018722798181731455e-03
7.018722820580875627e-03
7.018722846041778110e-03
7.018722874477139814e-03
7.018722905801451882e-03
7.018722939931045131e-03
7.018722976783102994e-03
7.018723016269106003e-03
7.018723058320085889e-03
7.018723102859350527e-03
7.018723149811889606e-03
7.018723199104193351e-03
7.018723250664337526e-03
7.018723304422027666e-03
7.018723360308403054e-03
7.018723418256263107e-03
7.018723478199664044e-03
7.018723540074218135e-03
7.018723603816981807e-03
7.018723669366366304e-03
7.018723736662070035e-03
7.018723805645031739e-03
7.018723876257895386e-03
7.018723948444047407e-03
7.018724022148615897e-03
7.018724097317836572e-03
7.018724173898830722e-03
7.018724251840314718e-03
7.018724331092012804e-03
7.018724411596792730e-03
7.018724493311439931e-03
7.018724576192187335e-03
7.018724660193244314e-03
7.018724745269766530e-03
7.018724831377964359e-03
7.018724918474934620e-03
7.018725006519103797e-03
7.018725095469469100e-03
7.018725185286232501e-03
7.018725275930537064e-03
7.018725367364390608e-03
7.018725459550496579e-03
7.018725552452789208e-03
7.018725646035805545e-03
7.018725740265051478e-03
7.018725835106775363e-03
7.018725930528237761e-03
7.018726026497178021e-03
7.018726122982221066e-03
7.018726219953076023e-03
7.018726317379667991e-03
7.018726415233079996e-03
7.018726513484858237e-03
7.018726612107445764e-03
7.018726711073748799e-03
7.018726810357591231e-03
7.018726909933263591e-03
7.018727009775789331e-03
7.018727109860904874e-03
7.018727210164821088e-03
7.018727310664349926e-03
7.018727411337086566e-03
7.018727512161136196e-03
7.018727613114824314e-03
7.018727714177715876e-03
7.018727815329259614e-03
7.018727916549939889e-03
7.018728017820433616e-03
7.018728119122104661e-03
7.018728220436745366e-03
7.018728321746747420e-03
7.018728423034826906e-03
7.018728524284251549e-03
7.018728625478775664e-03
7.018728726602780667e-03
7.018728827640930736e-03
7.018728928578120765e-03
7.018729029399864948e-03
7.018729130091927275e-03
7.018729230640757821e-03
7.018729331033051258e-03
7.018729431255685269e-03
7.018729531296352860e-03
7.018729631142742696e-03
7.018729730783267694e-03
7.018729830206349440e-03
7.018729929401001932e-03
7.018730028356361464e-03
7.018730127062122043e-03
7.018730225508171966e-03
7.018730323684781169e-03
7.018730421582567401e-03
7.018730519192275911e-03
7.018730616505183643e-03
7.018730713512623919e-03
7.018730810206499915e-03
7.018730906578674045e-03
7.018731002621497912e-03
7.018731098327544299e-03
7.018731193689667879e-03
7.018731288700842154e-03
7.018731383354630433e-03
7.018731477644337552e-03
7.018731571563913661e-03
7.018731665107295035e-03
7.018731758268867242e-03
7.018731851043042737e-03
7.018731943424652911e-03
7.018732035408494462e-03
7.018732126989826389e-03
7.018732218163811418e-03
7.018732308926053758e-03
7.018732399272310275e-03
7.018732489198519116e-03
7.018732578700692150e-03
7.018732667775214214e-03
7.018732756418369530e-03
7.018732844626980084e-03
7.018732932397725617e-03
7.018733019727445462e-03
7.018733106613442123e-03
7.018733193052959125e-03
7.018733279043285096e-03
7.018733364582123262e-03
7.018733449667172511e-03
7.018733534296144744e-03
7.018733618467244521e-03
7.018733702178410125e-03
7.018733785427968414e-03
7.018733868214332983e-03
7.018733950535949520e-03
7.018734032391452798e-03
7.018734113779643256e-03
7.018734194699238066e-03
7.018734275145990624e-03
7.018734355119296379e-03
7.018734434621311594e-03
7.018734513648861723e-03
7.018734592202225189e-03
7.018734670282694363e-03
7.018734747889678570e-03
7.018734825022905459e-03
7.018734901682143444e-03
7.018734977867356097e-03
7.018735053578275401e-03
7.018735128815019320e-03
7.018735203577712752e-03
7.018735277866557792e-03
7.018735351681700159e-03
7.018735425023624706e-03
7.018735497892679247e-03
7.018735570289283583e-03
7.018735642214045736e-03
7.018735713667504338e-03
7.018735784650348072e-03
7.018735855163459915e-03
7.018735925207377629e-03
7.018735994783149856e-03
7.018736063891709877e-03
7.018736132533838316e-03
7.018736200710772033e-03
7.018736268423472063e-03
7.018736335673069447e-03
7.018736402460654458e-03
7.018736468787577579e-03
7.018736534655072197e-03
7.018736600064477520e-03
7.018736665017091987e-03
7.018736729514313787e-03
7.018736793557566259e-03
7.018736857148438410e-03
7.018736920288270315e-03
7.018736982978610213e-03
7.018737045221241401e-03
7.018737107017646200e-03
7.018737168369444841e-03
7.018737229278411947e-03
7.018737289746077544e-03
7.018737349774425288e-03
7.018737409365021634e-03
7.018737468519710594e-03
7.018737527240384751e-03
7.018737585528794440e-03
7.018737643386886021e-03
7.018737700816522589e-03
7.018737757819537744e-03
7.018737814397981063e-03
7.018737870553722578e-03
7.018737926288765028e-03
7.018737981605144977e-03
7.018738036504823530e-03
7.018738090989776537e-03
7.018738145062091739e-03
7.018738198723823915e-03
7.018738251977090295e-03
