9.196524998111282878e-02
9.046512731484036840e-02
8.898716220999572379e-02
8.753091533996101847e-02
8.609594639698052443e-02
8.468184248952756454e-02
8.328816716826593913e-02
8.191453436303890168e-02
8.056054832731700255e-02
7.922581788645231826e-02
7.790996652724327398e-02
7.661263106699479908e-02
7.533346105974625395e-02
7.407209774038925332e-02
7.282821844519618559e-02
7.160147223189904098e-02
7.039155462947270514e-02
6.919814029214889362e-02
6.802091204351155829e-02
6.685958475655698341e-02
6.571386227825368187e-02
6.458345861135708632e-02
6.346808925580033067e-02
6.236749151530504576e-02
6.128138936491250160e-02
6.020952506749437799e-02
5.915165106165434783e-02
5.810751989689377089e-02
5.707689811843615069e-02
5.605952654984812378e-02
5.505520442996749558e-02
5.406369277356519454e-02
5.308475967749348712e-02
5.211822690449585682e-02
5.116385238203201985e-02
5.022145979026450269e-02
4.929083790980590823e-02
4.837180560360679338e-02
4.746415973011703510e-02
4.656773044592061456e-02
4.568234106918503401e-02
4.480781051255122022e-02
4.394396811727246249e-02
4.309065522806468373e-02
4.224771796185081141e-02
4.141499545693842071e-02
4.059234513614430606e-02
3.977960543695540502e-02
3.897664259652128954e-02
3.818332783977450989e-02
3.739951792610198694e-02
3.662508350595185258e-02
3.585991367873050950e-02
3.510390159746134414e-02
3.435687734886195416e-02
3.361878219669884454e-02
3.288948546976563914e-02
3.216889997899113895e-02
3.145694214641825415e-02
3.075346801946410649e-02
3.005844901985793571e-02
2.937176599489447690e-02
2.869335566733331039e-02
2.802315949178146165e-02
2.736107839402852210e-02
2.670710564902711165e-02
2.606113060198739576e-02
2.542313664719447405e-02
2.479308110009920477e-02
2.417093290676251144e-02
2.355663550678051624e-02
2.295022266889542792e-02
2.235161879939743731e-02
2.176089375475440124e-02
2.117797536816150294e-02
2.060293544876029212e-02
2.003577894087955891e-02
1.947650837701331641e-02
1.892525161461474856e-02
1.838199575791659920e-02
1.784680099701032446e-02
1.731980816038464210e-02
1.680112165556464990e-02
1.629078770239933069e-02
1.578897153602437306e-02
1.529584616460757593e-02
1.481158159619521721e-02
1.433635472964872246e-02
1.387032650916003758e-02
1.341380808249003839e-02
1.296703741687547581e-02
1.253028880212040883e-02
1.210390585929013718e-02
1.168819863868585975e-02
1.128357160977115289e-02
1.089040385657423851e-02
1.050912607827199710e-02
1.014018226263838085e-02
9.784037018013761258e-03
9.441178795834040752e-03
9.112103941461249107e-03
8.797315170892407860e-03
8.497214330347340958e-03
8.212282613604340517e-03
7.942828775977432351e-03
7.689223775453214033e-03
7.451825102539083590e-03
7.230643836361336230e-03
7.025578425005306327e-03
6.836697501249409253e-03
6.663730489997141473e-03
6.506040010168555494e-03
6.363447036435206788e-03
6.234920997074470429e-03
6.119938476013202927e-03
6.017482012438112385e-03
5.926782650136320010e-03
5.846648891721672493e-03
5.776504557556979766e-03
5.714928059396639712e-03
5.661292381727557610e-03
5.614797116179267959e-03
5.574334760287627359e-03
5.539328061299226592e-03
5.509198344296133143e-03
5.483212473200673419e-03
5.460737342691718114e-03
5.441380445953956056e-03
5.424770684898018273e-03
5.410520997180199784e-03
5.398260297507468525e-03
5.387591321566658452e-03
5.378413925638697059e-03
5.370485134641916902e-03
5.363632606244051609e-03
5.357722739703980885e-03
5.352590470249806061e-03
5.348137517711910004e-03
5.344246551665130657e-03
5.340808143586627671e-03
5.337795537478639933e-03
5.335082592246733098e-03
5.332673573472037666e-03
5.330522707582903592e-03
5.328610971207745420e-03
5.326867012558311916e-03
5.325274473677610657e-03
5.323817002998484926e-03
5.322460674039259515e-03
5.321201623466788842e-03
5.320035603661068917e-03
5.318949093516737656e-03
5.317923516433125872e-03
5.316939725541490296e-03
5.315995300988872289e-03
5.315091989191042532e-03
5.314221732574346720e-03
5.313379745104634261e-03
5.312559846263327328e-03
5.311751449382938819e-03
5.310954410230594828e-03
5.310173046308699560e-03
5.309404803210542555e-03
5.308647468224366069e-03
5.307897677748224519e-03
5.307152112635474608e-03
5.306413108637374546e-03
5.305679552940644438e-03
5.304950511829077502e-03
5.304225224260108833e-03
5.303503022359783506e-03
5.302783355503685667e-03
5.302065746790509543e-03
5.301349795152057384e-03
5.300635163060022671e-03
5.299921566951120572e-03
5.299208769541196955e-03
5.298496582332328821e-03
5.297784843679797726e-03
5.297073412137264653e-03
5.296362068913255949e-03
5.295650206450058274e-03
5.294938388413516529e-03
5.294226547016435587e-03
5.293514619560220000e-03
5.292802556186726112e-03
5.292090319616583362e-03
5.291377879484079200e-03
5.290665211212595108e-03
5.289952295058989069e-03
5.289239115286381403e-03
5.288525659490852203e-03
5.287811918023626635e-03
5.287097883518700192e-03
5.286383550471858601e-03
5.285668914921661313e-03
5.284953973110509927e-03
5.284238721982563274e-03
5.283523160497532838e-03
5.282807288161355495e-03
5.282091104956646715e-03
5.281374611434934939e-03
5.280657807808502614e-03
5.279940693333272199e-03
5.279223266450071630e-03
5.278505528606741021e-03
5.277787481308695086e-03
5.277069126097857533e-03
5.276350464522020639e-03
5.275631395000397218e-03
5.274911608578334611e-03
5.274191528384131709e-03
5.273471155189483721e-03
5.272750489758418375e-03
5.272029532828563514e-03
5.271308285116935860e-03
5.270586747303262522e-03
5.269864920037771634e-03
5.269142803930750192e-03
5.268420400199386004e-03
5.267697712390894543e-03
5.266974739600532515e-03
5.266251485427753121e-03
5.265527950343870320e-03
5.264804134772998849e-03
5.264080039107662395e-03
5.263355663556298393e-03
5.262631012650654215e-03
5.261906086344727597e-03
5.261180884804642598e-03
5.260455408297110350e-03
5.259729656923325079e-03
5.259003627517510986e-03
5.258277320244840632e-03
5.257550735250107049e-03
5.256823872653798059e-03
5.256096731284421938e-03
5.255369310058344637e-03
5.254641608917613380e-03
5.253913628036717930e-03
5.253185367453293113e-03
5.252456827184307127e-03
5.251728007235373537e-03
5.250998907593165330e-03
5.250269528236752199e-03
5.249539869133116286e-03
5.248809930050209703e-03
5.248079709250687806e-03
5.247349206677778301e-03
5.246618422268266128e-03
5.245887355949991997e-03
5.245156007646360925e-03
5.244424377268732881e-03
5.243691973429310225e-03
5.242959030896228445e-03
5.242225734021762305e-03
5.241492154251934515e-03
5.240758292115801908e-03
5.240024150454367959e-03
5.239289729140520803e-03
5.238555028047886704e-03
5.237820047040767785e-03
5.237084785987617362e-03
5.236349244750781659e-03
5.235613225250850163e-03
5.234876626118096891e-03
5.234139746216652338e-03
5.233402585594956920e-03
5.232665144140572801e-03
5.231927421684363574e-03
5.231189418062242615e-03
5.230450876856533766e-03
5.229711860255406575e-03
5.228972561994519631e-03
5.228232981908635321e-03
5.227493119793925370e-03
5.226752975238134480e-03
5.226012548074656337e-03
5.225271838145103750e-03
5.224530844660298101e-03
5.223789566869353057e-03
5.223048004605172247e-03
5.222306129190202283e-03
5.221563884031838430e-03
5.220821190864523460e-03
5.220078212460929450e-03
5.219334948645465953e-03
5.218591399240419225e-03
5.217847564070498059e-03
5.217103371813059352e-03
5.216358680025239176e-03
5.215613701565226940e-03
5.214868435580164059e-03
5.214122675055023887e-03
5.213376412118058897e-03
5.212629862892313032e-03
5.211883027200096830e-03
5.211135904868237183e-03
5.210388495709918251e-03
5.209640799550868846e-03
5.208892813116717743e-03
5.208144535520889407e-03
5.207395966583399337e-03
5.206647106131637344e-03
5.205897954011278958e-03
5.205148510059365990e-03
5.204398774092661335e-03
5.203648749144940480e-03
5.202898435507762737e-03
5.202147833005038927e-03
5.201396941713157598e-03
5.200645762039432692e-03
5.199894293809049182e-03
5.199142536761938195e-03
5.198390490671578670e-03
5.197638155364959697e-03
5.196885532888272617e-03
5.196132623549315488e-03
5.195379427197595844e-03
5.194625943667859590e-03
5.193872172787510413e-03
5.193118114650709972e-03
5.192363770773109587e-03
5.191609141838491280e-03
5.190854230815888058e-03
5.190099037541672997e-03
5.189343561847923128e-03
5.188587803568343523e-03
5.187831764969196013e-03
5.187075447820477074e-03
5.186318831697140502e-03
5.185561922918122991e-03
5.184804735303392281e-03
5.184047268689219098e-03
5.183289522910756141e-03
5.182531497805480634e-03
5.181773193208187057e-03
5.181014608955617114e-03
5.180255745319189975e-03
5.179496490718520953e-03
5.178736926632134495e-03
5.177977082529748067e-03
5.177216958150161752e-03
5.176456553335068156e-03
5.175695869710434868e-03
5.174934907831771520e-03
5.174173667519206370e-03
5.173412148624220198e-03
5.172650350992289044e-03
5.171888274474903228e-03
5.171125918915327017e-03
5.170363218744964719e-03
5.169600206738819530e-03
5.168836915039973050e-03
5.168073343504432822e-03
5.167309491978775565e-03
5.166545362572127521e-03
5.165780956573349202e-03
5.165016273823420240e-03
5.164251314170920960e-03
5.163486077458477250e-03
5.162720563532913892e-03
5.161954772239373858e-03
5.161188703419787409e-03
5.160422356775130719e-03
5.159655732007773811e-03
5.158888494442937477e-03
5.158120859354401420e-03
5.157352942533093704e-03
5.156584747202192127e-03
5.155816272830160071e-03
5.155047516101543721e-03
5.154278476865442951e-03
5.153509154974618769e-03
5.152739550276264589e-03
5.151969662620170705e-03
5.151199491855117801e-03
5.150429037826712020e-03
5.149658300384205023e-03
5.148887279370346730e-03
5.148115974631580286e-03
5.147344386011803996e-03
5.146572513355805213e-03
5.145800356504778676e-03
5.145027915305271614e-03
5.144255189595820302e-03
5.143482179462614476e-03
5.142708884807212048e-03
5.141935305477921860e-03
5.141161441324914975e-03
5.140387292187580288e-03
5.139612857856443000e-03
5.138838137943447203e-03
5.138063132291489400e-03
5.137287840740266398e-03
5.136512250473873609e-03
5.135736373109511289e-03
5.134960209393906773e-03
5.134183759198096379e-03
5.133407022350914943e-03
5.132629999415996673e-03
5.131852690740280193e-03
5.131075096158548704e-03
5.130297215498705495e-03
5.129519048594176345e-03
5.128740595275530813e-03
5.127961855377769808e-03
5.127182828730910379e-03
5.126403515169520621e-03
5.125623914526682839e-03
5.124844026636317211e-03
5.124063851330580566e-03
5.123283389030988157e-03
5.122502639783380919e-03
5.121721603421373718e-03
5.120940279784399682e-03
5.120158668709042654e-03
5.119376748418988377e-03
5.118594530298527928e-03
5.117812024117826888e-03
5.117029229711553967e-03
5.116245969337777748e-03
5.115462199397668823e-03
5.114678140779947701e-03
5.113893793322788969e-03
5.113109156858240169e-03
5.112324231222322227e-03
5.111539016251287655e-03
5.110753511764556944e-03
5.109967717555234830e-03
5.109181633438947094e-03
5.108395259253177036e-03
5.107608594843957538e-03
5.106821640416143830e-03
5.106034399389450078e-03
5.105246871612181651e-03
5.104459056929556114e-03
5.103670955182578253e-03
5.102882566196111254e-03
5.102093887498636467e-03
5.101304918782220525e-03
5.100515659885626954e-03
5.099726110644327640e-03
5.098936270897514583e-03
5.098146140334338348e-03
5.097355715477795528e-03
5.096564996000379870e-03
5.095773979770444953e-03
5.094982664554234195e-03
5.094191040315228236e-03
5.093399101663015002e-03
5.092606863782289141e-03
5.091814326496291003e-03
5.091021486364788982e-03
5.090228341982713442e-03
5.089434893172427830e-03
5.088641139759237687e-03
5.087847081565758864e-03
5.087052718417652518e-03
5.086258050138492068e-03
5.085463076538741627e-03
5.084667797431969595e-03
5.083872212640539422e-03
5.083076321994790814e-03
5.082280125317742078e-03
5.081483616384990278e-03
5.080686798557942051e-03
5.079889674011588488e-03
5.079092242098180374e-03
5.078294502638347301e-03
5.077496455455100637e-03
5.076698100489806728e-03
5.075899437728313701e-03
5.075100468315841759e-03
5.074301194325074073e-03
5.073501615590596953e-03
5.072701731943373739e-03
5.071901541268926568e-03
5.071101041534540298e-03
5.070300232563018129e-03
5.069499114179039367e-03
5.068697686201207447e-03
5.067895947448999676e-03
5.067093896552674927e-03
5.066291533331258173e-03
5.065488857595359246e-03
5.064685869143025106e-03
5.063882536010671197e-03
5.063078570507630223e-03
5.062274291956192149e-03
5.061469700166681442e-03
5.060664793704532094e-03
5.059859570452455123e-03
5.059054030220728158e-03
5.058248172824089672e-03
5.057441998072813825e-03
5.056635113455165698e-03
5.055827745178814205e-03
5.055019880964767287e-03
5.054211696270088754e-03
5.053403190729163948e-03
5.052594364232214363e-03
5.051785187202955871e-03
5.050975660526138208e-03
5.050165798142727813e-03
5.049355614001947538e-03
5.048545107911702780e-03
5.047734279677496341e-03
5.046923129185367299e-03
5.046111656394627713e-03
5.045299861108511370e-03
5.044487743135200354e-03
5.043675302275636881e-03
5.042862538339703930e-03
5.042049451128175451e-03
5.041235708485265060e-03
5.040421463042265779e-03
5.039606893131160469e-03
5.038791995582856537e-03
5.037976770247363720e-03
5.037161216950335370e-03
5.036345335494202095e-03
5.035529125670785804e-03
5.034712501368904074e-03
5.033895199843064008e-03
5.033077501088252005e-03
5.032259453714195419e-03
5.031441071943589319e-03
5.030622355570970455e-03
5.029803304381887108e-03
5.028983918168925329e-03
5.028164196723320691e-03
5.027344141796555831e-03
5.026523552797399624e-03
5.025702584570640105e-03
5.024881283255339462e-03
5.024059648642732398e-03
5.023237680523517587e-03
5.022415378686434333e-03
5.021592742925013245e-03
5.020769773059519624e-03
5.019946468956766605e-03
5.019122830401734348e-03
5.018298855050010859e-03
5.017474540387244566e-03
5.016649886194247954e-03
5.015824895661955517e-03
5.014999569274375922e-03
5.014173906815654926e-03
5.013347908073911667e-03
5.012521572831701161e-03
5.011694901003499805e-03
5.010867892368512863e-03
5.010040521875538770e-03
5.009212601323156933e-03
5.008384342950339407e-03
5.007555746542806212e-03
5.006726813283716819e-03
5.005897381355290700e-03
5.005067417640245500e-03
5.004237115860902391e-03
5.003406476140697355e-03
5.002575498595438798e-03
5.001744183011917928e-03
5.000912529181666955e-03
5.000080536887785594e-03
4.999248205924306659e-03
4.998415536093922702e-03
4.997582527216656162e-03
4.996749179078709309e-03
4.995915491462232967e-03
4.995081466005746318e-03
4.994247104630017593e-03
4.993412407122347144e-03
4.992577373268979740e-03
4.991741977577242306e-03
4.990905863022501027e-03
4.990069411238178682e-03
4.989232623667004020e-03
4.988395503180318227e-03
4.987558049565327112e-03
4.986720256792714738e-03
4.985882122319862213e-03
4.985043568312512267e-03
4.984204234017100728e-03
4.983364567781123008e-03
4.982524569884679705e-03
4.981684240124008463e-03
4.980843578158706229e-03
4.980002583672880727e-03
4.979161256458663511e-03
4.978319596303132019e-03
4.977477603001071935e-03
4.976635276342169720e-03
4.975792616131680113e-03
4.974949622168504428e-03
4.974106294236785818e-03
4.973262632130289948e-03
4.972418635632196333e-03
4.971574304533357171e-03
4.970729638621535114e-03
4.969884636684540960e-03
4.969038807904309699e-03
4.968192643543751022e-03
4.967346143396294059e-03
4.966499307247148817e-03
4.965652134884112646e-03
4.964804625079024744e-03
4.963956775267120737e-03
4.963108547671247692e-03
4.962259810110170033e-03
4.961410731608314161e-03
4.960561312161381430e-03
4.959711553551133210e-03
4.958861455568937780e-03
4.958011017997195763e-03
4.957160240568928011e-03
4.956309123032559723e-03
4.955457665178822531e-03
4.954605863247925346e-03
4.953753716352676806e-03
4.952901224276005758e-03
4.952048386803639159e-03
4.951195203720766200e-03
4.950341674812509286e-03
4.949487799858408484e-03
4.948633579598804740e-03
4.947779016194370737e-03
4.946924109433195257e-03
4.946068859100871684e-03
4.945213264966359136e-03
4.944357326811386032e-03
4.943501044423191139e-03
4.942644405144404514e-03
4.941787405201614018e-03
4.940930062721488221e-03
4.940072378475338956e-03
4.939214352010289771e-03
4.938355983821164467e-03
4.937497273705494794e-03
4.936638221528132781e-03
4.935778827095368797e-03
4.934919090198020344e-03
4.934059010579708304e-03
4.933198566745535668e-03
4.932337776308555813e-03
4.931476646814882646e-03
4.930615178094116015e-03
4.929753369936999696e-03
4.928891222130416840e-03
4.928028734464253401e-03
4.927165906724980532e-03
4.926302738703871101e-03
4.925439230187043244e-03
4.924575380962126041e-03
4.923711190822269330e-03
4.922846659550732425e-03
4.921981786938821150e-03
4.921116572773737846e-03
4.920251016846443996e-03
4.919385118943598971e-03
4.918518881117784833e-03
4.917652306604907049e-03
4.916785392638333210e-03
4.915918007605841328e-03
4.915050045478119335e-03
4.914181739092558961e-03
4.913313087882011446e-03
4.912444091632502986e-03
4.911574750133030492e-03
4.910705063156029469e-03
4.909835025815452621e-03
4.908964637003007669e-03
4.908093899295351385e-03
4.907222810619825751e-03
4.906351370762712834e-03
4.905479579508100277e-03
4.904607436638651514e-03
4.903734941940283455e-03
4.902862095197624975e-03
4.901988852762655113e-03
4.901114841489665093e-03
4.900240477594024376e-03
4.899365760859937698e-03
4.898490691067482888e-03
4.897615268001762404e-03
4.896739490012395023e-03
4.895863353790670669e-03
4.894986859116158030e-03
4.894110005773208427e-03
4.893232793541144217e-03
4.892355220803156282e-03
4.891477286748262265e-03
4.890598991153291726e-03
4.889720333788713860e-03
4.888841299957169886e-03
4.887961862383708410e-03
4.887082062657047143e-03
4.886201895438165195e-03
4.885321365062251890e-03
4.884440471760034125e-03
4.883559215416135441e-03
4.882677595938837538e-03
4.881795613084606057e-03
4.880913266615584389e-03
4.880030556290517602e-03
4.879147481871214283e-03
4.878264043119266181e-03
4.877380239777141455e-03
4.876496071578387444e-03
4.875611321236040553e-03
4.874726047819122159e-03
4.873840408670356179e-03
4.872954403561136419e-03
4.872068032256617748e-03
4.871181294522288104e-03
4.870294190128993984e-03
4.869406718845001487e-03
4.868518880107626165e-03
4.867630672457868429e-03
4.866742095661579642e-03
4.865853149478768618e-03
4.864963833676202651e-03
4.864073748917858292e-03
4.863183234758455820e-03
4.862292353612115113e-03
4.861401105245531477e-03
4.860509489428485423e-03
4.859617506007542394e-03
4.858725154768603685e-03
4.857832435473888148e-03
4.856939347892239543e-03
4.856045698008414763e-03
4.855151359980901249e-03
4.854256652834101383e-03
4.853361576347621151e-03
4.852466130298454909e-03
4.851570314464080137e-03
4.850674128621873700e-03
4.849777572542292650e-03
4.848880644935263037e-03
4.847983345077593390e-03
4.847085672734130664e-03
4.846187627673413309e-03
4.845288937359517809e-03
4.844389638222179259e-03
4.843489911117659918e-03
4.842589661164789158e-03
4.841689042034781620e-03
4.840788053474137827e-03
4.839886695229859634e-03
4.838984967055571206e-03
4.838082868861085135e-03
4.837180400460914381e-03
4.836277561603577815e-03
4.835374352131076824e-03
4.834470771950725131e-03
4.833566820775464165e-03
4.832662498320887748e-03
4.831757806503480211e-03
4.830852746476549039e-03
4.829947317972692680e-03
4.829041520724267587e-03
4.828135354467848195e-03
4.827228818942807913e-03
4.826321913883574455e-03
4.825414639035673428e-03
4.824506994177192067e-03
4.823598979198022267e-03
4.822690593829385107e-03
4.821781835832916578e-03
4.820872703847427741e-03
4.819963197685624839e-03
4.819053291156321500e-03
4.818142869898952435e-03
4.817232073454616806e-03
4.816320901472462453e-03
4.815409353536953714e-03
4.814497429305140963e-03
4.813585128422925505e-03
4.812672450638807130e-03
4.811759396909585582e-03
4.810845969747330406e-03
4.809932168209964456e-03
4.809017992053437295e-03
4.808103441028823907e-03
4.807188514888303434e-03
4.806273213387586909e-03
4.805357387909252147e-03
4.804441166896157057e-03
4.803524569565153710e-03
4.802607595617013579e-03
4.801690244781324501e-03
4.800772519060106554e-03
4.799854420878331418e-03
4.798935949990207860e-03
4.798017106149846632e-03
4.797097889111635177e-03
4.796178298630546406e-03
4.795258334392833027e-03
4.794337992003920926e-03
4.793417271233117900e-03
4.792496171830808518e-03
4.791574694592383443e-03
4.790652845236697752e-03
4.789730623524912981e-03
4.788808029209809351e-03
4.787885062072044090e-03
4.786961721873811762e-03
4.786038008368174480e-03
4.785113921350345537e-03
4.784189460613303899e-03
4.783264625907732506e-03
4.782339416836437797e-03
4.781413833108288935e-03
4.780487874433333832e-03
4.779561444177831547e-03
4.778634390339315044e-03
4.777706960836384902e-03
4.776779155444911378e-03
4.775850973908511016e-03
4.774922415953722007e-03
4.773993481336663049e-03
4.773064169655591264e-03
4.772134480475243717e-03
4.771204413548848187e-03
4.770273965882278026e-03
4.769343136265860247e-03
4.768411924431312926e-03
4.767480321242235225e-03
4.766548217708146441e-03
4.765615732522280636e-03
4.764682865437019042e-03
4.763749616208170709e-03
4.762815984589501180e-03
4.761881970336209746e-03
4.760947573205453337e-03
4.760012794239825915e-03
4.759077633557208011e-03
4.758142090909517688e-03
4.757206165904032634e-03
4.756269858315441759e-03
4.755333167937437870e-03
4.754396094524454379e-03
4.753458423517330049e-03
4.752520136697726584e-03
4.751581466108484655e-03
4.750642411527023629e-03
4.749702972718559089e-03
4.748763149454087590e-03
4.747822941504386239e-03
4.746882348632439769e-03
4.745941370608927276e-03
4.745000007197425033e-03
4.744058257805413951e-03
4.743116122196759134e-03
4.742173600133734943e-03
4.741230691385370753e-03
4.740287395708794004e-03
4.739343712941009208e-03
4.738399642864479441e-03
4.737455185226524881e-03
4.736510339773418801e-03
4.735565106257031559e-03
4.734619486342256205e-03
4.733673481268809401e-03
4.732727090741429068e-03
4.731780314492911414e-03
4.730833152293200013e-03
4.729885603903476350e-03
4.728937669078979618e-03
4.727989347535644510e-03
4.727040639046666340e-03
4.726091543385436446e-03
4.725142035839284549e-03
4.724192117040075002e-03
4.723241789671036445e-03
4.722291058685567679e-03
4.721339938730796833e-03
4.720388430442404651e-03
4.719436530910538219e-03
4.718483898654100665e-03
4.717530876060973058e-03
4.716577461357162986e-03
4.715623652922869800e-03
4.714669450520465876e-03
4.713714853909642573e-03
4.712759862756402303e-03
4.711804476806595067e-03
4.710848695801152057e-03
4.709892521617174178e-03
4.708935956261276791e-03
4.707978999517876267e-03
4.707021651144806945e-03
4.706063910911314173e-03
4.705105778592100739e-03
4.704147253964765553e-03
4.703188336808671738e-03
4.702229026982157438e-03
4.701269324208581096e-03
4.700309228254507046e-03
4.699348738877826871e-03
4.698387855845045057e-03
4.697426578912794644e-03
4.696464907843274535e-03
4.695502842389068059e-03
4.694540359942205900e-03
4.693577467631082287e-03
4.692614180295947776e-03
4.691650497694946353e-03
4.690686419584888869e-03
4.689721945716357650e-03
4.688757075911994567e-03
4.687791809961631799e-03
4.686826147173805968e-03
4.685860086124994314e-03
4.684893622899626714e-03
4.683926757229037868e-03
4.682959488846372663e-03
4.681991817488725949e-03
4.681023742890287782e-03
4.680055264787412288e-03
4.679086381959051029e-03
4.678117090755524489e-03
4.677147391376243468e-03
4.676177283564433330e-03
4.675206767044835961e-03
4.674235841238411938e-03
4.673264505686736299e-03
4.672292760111196840e-03
4.671320604339383731e-03
4.670347929954389576e-03
4.669374810377616147e-03
4.668401262408314670e-03
4.667427220082437551e-03
4.666452763335760673e-03
4.665477890193760191e-03
4.664502429366810393e-03
4.663526427074789031e-03
4.662550010699984850e-03
4.661573179970772245e-03
4.660595934617621158e-03
4.659618274376963777e-03
4.658640199098256461e-03
4.657661708490738739e-03
4.656682802269954125e-03
4.655703480113717631e-03
4.654723741669055531e-03
4.653743586666199243e-03
4.652763014831790174e-03
4.651782025896808274e-03
4.650800619586929578e-03
4.649818795631423599e-03
4.648836553754514406e-03
4.647853893731274284e-03
4.646870815322313997e-03
4.645887318325989286e-03
4.644903402467870368e-03
4.643919067454722188e-03
4.642934312988493233e-03
4.641949102726927907e-03
4.640963419384567558e-03
4.639977315791358331e-03
4.638990791667959440e-03
4.638003462841592227e-03
4.637015646980744560e-03
4.636027409739587775e-03
4.635038750832954149e-03
4.634049669976905879e-03
4.633060166886369784e-03
4.632069931588216234e-03
4.631079134642696916e-03
4.630087914470561519e-03
4.629096240369198582e-03
4.628104116163820822e-03
4.627111567593928179e-03
4.626118594363649687e-03
4.625125195823537837e-03
4.624131245624036810e-03
4.623136560325204550e-03
4.622141440995200176e-03
4.621145887340581335e-03
4.620149898981344705e-03
4.619153475389272193e-03
4.618156616263874130e-03
4.617159321311486986e-03
4.616161591526219202e-03
4.615163426764629963e-03
4.614164827184893090e-03
4.613165793057140592e-03
4.612166324096230764e-03
4.611166419826651618e-03
4.610166079789440423e-03
4.609165306504433082e-03
4.608164099671597028e-03
4.607162458985732817e-03
4.606160384163718834e-03
4.605157871307843064e-03
4.604154919651358598e-03
4.603151528907204262e-03
4.602147698785615318e-03
4.601143428966640234e-03
4.600138719067132370e-03
4.599133568794409183e-03
4.598127977858530724e-03
4.597121945968558714e-03
4.596115473824629281e-03
4.595108564747080356e-03
4.594101219339298200e-03
4.593093437340919037e-03
4.592085218468102206e-03
4.591076562429015177e-03
4.590067468462690273e-03
4.589057935789271278e-03
4.588047964121004865e-03
4.587037553164889300e-03
4.586026702629185728e-03
4.585015412216638005e-03
4.584003681638093748e-03
4.582991510482015834e-03
4.581978898368167623e-03
4.580965843877780365e-03
4.579952038062904372e-03
4.578937793602123191e-03
4.577923111597545676e-03
4.576907991759118256e-03
4.575892436458308538e-03
4.574876447295414539e-03
4.573860019395453898e-03
4.572843130056345948e-03
4.571825806321211903e-03
4.570808043392374752e-03
4.569789840353747842e-03
4.568771196921821848e-03
4.567752019792948107e-03
4.566731988410861059e-03
4.565711515640315243e-03
4.564690594775754409e-03
4.563669224833934689e-03
4.562647412859442350e-03
4.561625158565536277e-03
4.560602461659170499e-03
4.559579321857003958e-03
4.558555720770469076e-03
4.557531647756999163e-03
4.556507130727393759e-03
4.555482169136960101e-03
4.554456749054826108e-03
4.553430879571612397e-03
4.552404562103070165e-03
4.551377697001331331e-03
4.550350069675247223e-03
4.549321993193598812e-03
4.548293467200383543e-03
4.547264491398279353e-03
4.546235065437314454e-03
4.545205188287907913e-03
4.544174855226958479e-03
4.543144064300077244e-03
4.542112815202890494e-03
4.541081107625606107e-03
4.540048941243495992e-03
4.539016315746415009e-03
4.537983213502961612e-03
4.536949596105246951e-03
4.535915461871817440e-03
4.534880866991406433e-03
4.533845812793212832e-03
4.532810300529835357e-03
4.531774329885579489e-03
4.530737900581988283e-03
4.529701012319603363e-03
4.528663664637237220e-03
4.527625857110272045e-03
4.526587589438270214e-03
4.525548861313577649e-03
4.524509672630874085e-03
4.523470023205445299e-03
4.522429912729239963e-03
4.521389340886870604e-03
4.520348307367095739e-03
4.519306808132153921e-03
4.518264841819657519e-03
4.517222408094587194e-03
4.516179506662265468e-03
4.515136135668920865e-03
4.514092250981528893e-03
4.513047418117110444e-03
4.512002111485834653e-03
4.510956330748956862e-03
4.509909902341227225e-03
4.508862894645117303e-03
4.507815409789375262e-03
4.506767124569081677e-03
4.505718292685329668e-03
4.504668982931971793e-03
4.503619194978097408e-03
4.502568927528246244e-03
4.501518175700151836e-03
4.500466945218406858e-03
4.499415235746007449e-03
4.498363046953841003e-03
4.497310378364435292e-03
4.496257229445764503e-03
4.495203599856185256e-03
4.494149489936956690e-03
4.493094898321567734e-03
4.492039821481732219e-03
4.490984264753265266e-03
4.489928137762834795e-03
4.488871346920783947e-03
4.487814077145995881e-03
4.486756328152536992e-03
4.485698099610177514e-03
4.484639391189303506e-03
4.483580202630043851e-03
4.482520533720556720e-03
4.481460384363865866e-03
4.480399754829631452e-03
4.479338640711229974e-03
4.478277045787433866e-03
4.477214969764838071e-03
4.476152406657459178e-03
4.475089343745479800e-03
4.474025798943025850e-03
4.472961771910287550e-03
4.471897262316498235e-03
4.470832269823567240e-03
4.469766794098783275e-03
4.468700834805837234e-03
4.467634192657338708e-03
4.466566817793431003e-03
4.465498962514658290e-03
4.464430626486904155e-03
4.463361809371602616e-03
4.462292512876716438e-03
4.461222737109701332e-03
4.460152481449887983e-03
4.459081517841050578e-03
4.458009433414422164e-03
4.456936779778914934e-03
4.455863644857652531e-03
4.454789866504051468e-03
4.453715536298659579e-03
4.452640728225093839e-03
4.451565442641360407e-03
4.450489679164298766e-03
4.449413437463872571e-03
4.448336717205013044e-03
4.447259514174638044e-03
4.446181827954159664e-03
4.445103658211171926e-03
4.444025004580260535e-03
4.442945837950809662e-03
4.441866181879846297e-03
4.440786040815047908e-03
4.439705414439581999e-03
4.438624302437169447e-03
4.437542704460829129e-03
4.436460620286387067e-03
4.435378049583548442e-03
4.434294992004480379e-03
4.433211447210565724e-03
4.432127417255129868e-03
4.431042902315649769e-03
4.429957898501565676e-03
4.428872403794292638e-03
4.427786417858385441e-03
4.426699940354884323e-03
4.425612970944002057e-03
4.424525508684999837e-03
4.423437551334384078e-03
4.422349101652465857e-03
4.421260159300005252e-03
4.420170724117988836e-03
4.419080795892483572e-03
4.417990374271006659e-03
4.416899458908490374e-03
4.415808049477232440e-03
4.414716145629259472e-03
4.413623747024624649e-03
4.412530797279425217e-03
4.411437345169147428e-03
4.410343397346999650e-03
4.409248953464482874e-03
4.408154013172549922e-03
4.407058576026747290e-03
4.405962641474482286e-03
4.404866208920689245e-03
4.403769274657029845e-03
4.402671837599345279e-03
4.401573897395143209e-03
4.400475453686649926e-03
4.399376506119156982e-03
4.398277058310477890e-03
4.397177110137789023e-03
4.396076661120396772e-03
4.394975717445242722e-03
4.393874279305719915e-03
4.392772342248658750e-03
4.391669911099746818e-03
4.390566983432149344e-03
4.389463558885055121e-03
4.388359637123879359e-03
4.387255217800277440e-03
4.386150300848606562e-03
4.385044885995818646e-03
4.383938972897567614e-03
4.382832561205407367e-03
4.381725495566947230e-03
4.380617710944512307e-03
4.379509249059257772e-03
4.378400052660403989e-03
4.377290355495855670e-03
4.376180157219165985e-03
4.375069457481772610e-03
4.373958255936559979e-03
4.372846552233413189e-03
4.371734346026639149e-03
4.370621325464968225e-03
4.369507608875513281e-03
4.368393388704911069e-03
4.367278664598426251e-03
4.366163436205375802e-03
4.365047703154586144e-03
4.363931465055496429e-03
4.362814721566513586e-03
4.361697472885155830e-03
4.360579718802106222e-03
4.359461458966693882e-03
4.358342692933638712e-03
4.357223420341158927e-03
4.356103639977955237e-03
4.354983350211340601e-03
4.353862550694385068e-03
4.352741233694553541e-03
4.351619380136719992e-03
4.350496997304932785e-03
4.349374103444246693e-03
4.348250698196671170e-03
4.347126603965563961e-03
4.346001781292302066e-03
4.344876372589532264e-03
4.343750283575939161e-03
4.342623674915444161e-03
4.341496546229730961e-03
4.340368896397778752e-03
4.339240724090163981e-03
4.338112028824426224e-03
4.336982810224818304e-03
4.335853067994193365e-03
4.334722801786733415e-03
4.333592009096806467e-03
4.332460686878647493e-03
4.331328836152195834e-03
4.330196456520604004e-03
4.329063547703466963e-03
4.327930108020904519e-03
4.326796106983694414e-03
4.325661557228031688e-03
4.324526472303302782e-03
4.323390851811304524e-03
4.322254695349171671e-03
4.321118002514837825e-03
4.319980772908460498e-03
4.318843006165621126e-03
4.317704701967088089e-03
4.316565859895783556e-03
4.315426479420103253e-03
4.314286555988929017e-03
4.313146089189509418e-03
4.312005078797401594e-03
4.310863528160576753e-03
4.309721436835467837e-03
4.308578804423142221e-03
4.307435635905578278e-03
4.306291930913609504e-03
4.305147689012764865e-03
4.304002909830852500e-03
4.302857414503699802e-03
4.301711277107749670e-03
4.300564601431879769e-03
4.299417291984903959e-03
4.298269331485303144e-03
4.297120831131974635e-03
4.295971660284230928e-03
4.294821886665488309e-03
4.293671574768542429e-03
4.292520724189253893e-03
4.291369334541370907e-03
4.290217405432822546e-03
4.289064935603651395e-03
4.287911922979488998e-03
4.286758122734237592e-03
4.285603676478893544e-03
4.284448690135510968e-03
4.283293043370993945e-03
4.282136648629435507e-03
4.280979492170157788e-03
4.279821793392864920e-03
4.278663549972141003e-03
4.277504758417259231e-03
4.276345386685533392e-03
4.275185239060248082e-03
4.274024352348289833e-03
4.272862916034365216e-03
4.271700929722916512e-03
4.270538393011513029e-03
4.269375105790949518e-03
4.268211003194235728e-03
4.267046352628030108e-03
4.265881153698149707e-03
4.264715406012834116e-03
4.263549109181597081e-03
4.262382262829337611e-03
4.261214866568958232e-03
4.260046919996504297e-03
4.258878422685107197e-03
4.257709374224596770e-03
4.256539774218818552e-03
4.255369622274068377e-03
4.254198917991037186e-03
4.253027660977799773e-03
4.251855850831673909e-03
4.250683487161072659e-03
4.249510569564090949e-03
4.248337097644008797e-03
4.247163070998106679e-03
4.245988490798118312e-03
4.244813357247313387e-03
4.243637669945488598e-03
4.242461428502085699e-03
4.241284632515992387e-03
4.240107281644602509e-03
4.238929377690438607e-03
4.237750920257413005e-03
4.236571908952025366e-03
4.235392343382581200e-03
4.234212223424123171e-03
4.233031555024747462e-03
4.231850339932043993e-03
4.230668577760285723e-03
4.229486268118060055e-03
4.228303410623884817e-03
4.227119996123622492e-03
4.225936031840057082e-03
4.224751522386741183e-03
4.223566468777411632e-03
4.222380871473845748e-03
4.221194730125605102e-03
4.220008044360513445e-03
4.218820658606400181e-03
4.217632411158160274e-03
4.216443617970400820e-03
4.215254278667755414e-03
4.214064392871558207e-03
4.212873960207095918e-03
4.211682980295464174e-03
4.210491452763497067e-03
4.209299377234177603e-03
4.208106646831914939e-03
4.206913226641503800e-03
4.205719249897973966e-03
4.204524716214282608e-03
4.203329623993014817e-03
4.202133974944828251e-03
4.200937770605960193e-03
4.199741010596676205e-03
4.198543694538006861e-03
4.197345822045948568e-03
4.196147392647646066e-03
4.194948401330550816e-03
4.193748847724700947e-03
4.192548731398548431e-03
4.191348051999271331e-03
4.190146809123156992e-03
4.188945002355640330e-03
4.187742631288318869e-03
4.186539693378329985e-03
4.185336186129939157e-03
4.184132109144435806e-03
4.182927462018947752e-03
4.181722244345362216e-03
4.180516454721871708e-03
4.179310092462148497e-03
4.178103157154038766e-03
4.176895648385183131e-03
4.175687565739868989e-03
4.174478908807865464e-03
4.173269677173417451e-03
4.172059870426230756e-03
4.170849488146805006e-03
4.169638529901997966e-03
4.168426995399127956e-03
4.167214884094972392e-03
4.166002192121306090e-03
4.164788867795555030e-03
4.163574563899609046e-03
4.162359678086258175e-03
4.161144209933245568e-03
4.159928085029327566e-03
4.158711295102727676e-03
4.157493920777329335e-03
4.156275961635130974e-03
4.155057420689638702e-03
4.153838299322414052e-03
4.152618533709656612e-03
4.151398183615864421e-03
4.150177252157607848e-03
4.148955738926313544e-03
4.147733561350338410e-03
4.146510778226854439e-03
4.145287393047876467e-03
4.144063291837050099e-03
4.142838600523028256e-03
4.141613318682315498e-03
4.140387445833866066e-03
4.139160981564868683e-03
4.137933925458339192e-03
4.136706277061049861e-03
4.135478035938170566e-03
4.134248845064359724e-03
4.133018976036026762e-03
4.131788438795217129e-03
4.130557263069411719e-03
4.129325491848288322e-03
4.128093122852647540e-03
4.126860153639591924e-03
4.125626582278277971e-03
4.124392406697405082e-03
4.123157626507287579e-03
4.121922241417236114e-03
4.120686253427233332e-03
4.119449662091634844e-03
4.118212466964045991e-03
4.116974671671211512e-03
4.115735997692542870e-03
4.114496620183735569e-03
4.113256642235062037e-03
4.112016063084107838e-03
4.110774882276926195e-03
4.109533099361911343e-03
4.108290715120833762e-03
4.107047677342233472e-03
4.105803758654580880e-03
4.104559236567387887e-03
4.103314110623141990e-03
4.102068371436541627e-03
4.100822003747750868e-03
4.099575031561619905e-03
4.098327454710243983e-03
4.097079272736867811e-03
4.095830485192001984e-03
4.094581091619891276e-03
4.093331091567527398e-03
4.092080484588491406e-03
4.090829270232295561e-03
4.089577448055489901e-03
4.088325017631769601e-03
4.087071978692751253e-03
4.085818331816837637e-03
4.084564073715006918e-03
4.083308820099865524e-03
4.082052834626567588e-03
4.080796126961081655e-03
4.079538557840437646e-03
4.078280374797531652e-03
4.077021577402093269e-03
4.075762165217637449e-03
4.074502137801860879e-03
4.073241494384817821e-03
4.071980233951015896e-03
4.070718356346817585e-03
4.069455865816547398e-03
4.068192761915518513e-03
4.066929044174712009e-03
4.065664691576048248e-03
4.064399457161489010e-03
4.063133606575546758e-03
4.061867109047701679e-03
4.060599980078354217e-03
4.059332234011305690e-03
4.058063870303553825e-03
4.056794888475101502e-03
4.055525284986550780e-03
4.054255058835269654e-03
4.052984209645115431e-03
4.051712736941570983e-03
4.050440640258387744e-03
4.049167919018175146e-03
4.047894499507250464e-03
4.046620443245066423e-03
4.045345760954975785e-03
4.044070452209451612e-03
4.042794519285599492e-03
4.041517963500928894e-03
4.040240788390933764e-03
4.038962724697121864e-03
4.037683866404389449e-03
4.036404381977921028e-03
4.035124270957363493e-03
4.033843532954644456e-03
4.032562167484657172e-03
4.031280174068964037e-03
4.029997554992915780e-03
4.028714311105367242e-03
4.027430441940661396e-03
4.026145947029886006e-03
4.024860808670377085e-03
4.023574974674251278e-03
4.022288436026890540e-03
4.021001268956853926e-03
4.019713473035789637e-03
4.018425047834205295e-03
4.017135992873497631e-03
4.015846276787094112e-03
4.014555919203998020e-03
4.013264935799377986e-03
4.011973326098364732e-03
4.010681089676869544e-03
4.009388226112260874e-03
4.008094665887474740e-03
4.006800223973128704e-03
4.005505153193821694e-03
4.004209453027847768e-03
4.002913122768655789e-03
4.001616160051103821e-03
4.000318565748406559e-03
3.999020339165835873e-03
3.997721479650831293e-03
3.996421986732668664e-03
3.995121849959627769e-03
3.993821076476920112e-03
3.992519668405474995e-03
3.991217626397652526e-03
3.989914952391720830e-03
3.988611642683194403e-03
3.987307696893110757e-03
3.986003112808855255e-03
3.984697878941887740e-03
3.983392007706732484e-03
3.982085495330556744e-03
3.980778337576644510e-03
3.979470535639624378e-03
3.978162089058848334e-03
3.976852997382045347e-03
3.975543260143090014e-03
3.974232826640958227e-03
3.972921317409106728e-03
3.971609161038679864e-03
3.970296357132944640e-03
3.968982868229153742e-03
3.967668458242147936e-03
3.966353396759284868e-03
3.965037682842276895e-03
3.963721313967463918e-03
3.962404292914486169e-03
3.961086619838022002e-03
3.959768294647679314e-03
3.958449316870399012e-03
3.957129686347745333e-03
3.955809386301947263e-03
3.954488417191715996e-03
3.953166795120985691e-03
3.951844513148552659e-03
3.950521579936775059e-03
3.949197994910864408e-03
3.947873757558823145e-03
3.946548867385987064e-03
3.945223323894962372e-03
3.943897124762633412e-03
3.942570225317329306e-03
3.941242668650723514e-03
3.939914454284984720e-03
3.938585567294766374e-03
3.937255999905352709e-03
3.935925769433787358e-03
3.934594855620122088e-03
3.933263281320503561e-03
3.931931048761795437e-03
3.930598153632197667e-03
3.929264595438778165e-03
3.927930373623380982e-03
3.926595475741772104e-03
3.925259483111055020e-03
3.923922814754804249e-03
3.922585476315475911e-03
3.921247467437707565e-03
3.919908787611467958e-03
3.918569436394371379e-03
3.917229413263102061e-03
3.915888717686935236e-03
3.914547349146374131e-03
3.913204988932446338e-03
3.911861799689353783e-03
3.910517908100897937e-03
3.909173325891466752e-03
3.907828068211591233e-03
3.906482134539429260e-03
3.905135438345585207e-03
3.903787889769777530e-03
3.902439668806498198e-03
3.901090775137767194e-03
3.899741208519943471e-03
3.898390968506114558e-03
3.897040054622935134e-03
3.895688466332363365e-03
3.894336203105390123e-03
3.892983264409326932e-03
3.891629649709813041e-03
3.890275357037441175e-03
3.888920159042536656e-03
3.887564075017329625e-03
3.886207309531369315e-03
3.884849862013500625e-03
3.883491731946066023e-03
3.882132918792257498e-03
3.880773353316355027e-03
3.879412951468697718e-03
3.878051865390765972e-03
3.876690094543981495e-03
3.875327638384356687e-03
3.873964496028188716e-03
3.872600664821147700e-03
3.871236143585857735e-03
3.869870931477359735e-03
3.868505027951248034e-03
3.867138432468765225e-03
3.865771144492482266e-03
3.864403163527623496e-03
3.863034327981915497e-03
3.861664572898975550e-03
3.860294123110163348e-03
3.858922978979360992e-03
3.857551143978182537e-03
3.856178617541099456e-03
3.854805399106134203e-03
3.853431488164514498e-03
3.852056884155855704e-03
3.850681586539019072e-03
3.849305594793322148e-03
3.847928908521474657e-03
3.846551527505971766e-03
3.845173446967409606e-03
3.843794667388457202e-03
3.842415186622268920e-03
3.841035004291671641e-03
3.839653846202741288e-03
3.838271982822262247e-03
3.836889420837469485e-03
3.835506159683916508e-03
3.834122198804897162e-03
3.832737537674454562e-03
3.831352175725011040e-03
3.829966112393043409e-03
3.828579347113116385e-03
3.827191879318134118e-03
3.825803708446134672e-03
3.824414833971215375e-03
3.823025255396835485e-03
3.821634972156864960e-03
3.820243983693429306e-03
3.818852289405957716e-03
3.817459837216269011e-03
3.816066648389136121e-03
3.814672752583596858e-03
3.813278151570984303e-03
3.811882844788799622e-03
3.810486831712478917e-03
3.809090111816352403e-03
3.807692684546340727e-03
3.806294549320070764e-03
3.804895705558519574e-03
3.803496152686263766e-03
3.802095888906464188e-03
3.800694912558886824e-03
3.799293223057217690e-03
3.797890531781886268e-03
3.796486981698192747e-03
3.795082711861433051e-03
3.793677724127063507e-03
3.792272017485006676e-03
3.790865591380968968e-03
3.789458445235433480e-03
3.788050552643405702e-03
3.786641717522569450e-03
3.785232163613492032e-03
3.783821834557709544e-03
3.782410599986114549e-03
3.780998645097684296e-03
3.779585969331150305e-03
3.778172572132858665e-03
3.776758452938129562e-03
3.775343607685867787e-03
3.773928034360338538e-03
3.772511600898983009e-03
3.771094107451747595e-03
3.769675884267042944e-03
3.768256930780259934e-03
3.766837246423657398e-03
3.765416830627109791e-03
3.763995682826849331e-03
3.762573802453854626e-03
3.761151189037944490e-03
3.759727842987818040e-03
3.758303763723486526e-03
3.756878950657128926e-03
3.755453403198946629e-03
3.754027120808187731e-03
3.752600099004478693e-03
3.751172237404895755e-03
3.749743584190559035e-03
3.748314188227768861e-03
3.746884052886811055e-03
3.745453175293235806e-03
3.744021554857757117e-03
3.742589190992722664e-03
3.741156083112345387e-03
3.739722230626848793e-03
3.738287618594437686e-03
3.736852079874840825e-03
3.735415794217406427e-03
3.733978762454577549e-03
3.732540985623493748e-03
3.731102065257551129e-03
3.729661940988215300e-03
3.728220882259542738e-03
3.726779072531038843e-03
3.725336509662135944e-03
3.723893193066839247e-03
3.722449122126401076e-03
3.721004296266656585e-03
3.719558714815932119e-03
3.718112376781445867e-03
3.716665281584107666e-03
3.715217425207456743e-03
3.713768805208563558e-03
3.712319420997300338e-03
3.710869271980342648e-03
3.709418357563926735e-03
3.707966677153033339e-03
3.706514230149253984e-03
3.705060953577993949e-03
3.703606572213416753e-03
3.702151420718234002e-03
3.700695495885985859e-03
3.699238794866784030e-03
3.697781317035792395e-03
3.696323067328418938e-03
3.694864045164575166e-03
3.693404249920996616e-03
3.691943680976494859e-03
3.690482337708583024e-03
3.689020219493260692e-03
3.687557325705371255e-03
3.686093658099356789e-03
3.684629219691285158e-03
3.683164011958776907e-03
3.681698034287960233e-03
3.680231156580593063e-03
3.678763272451653077e-03
3.677294616035851459e-03
3.675825186167032931e-03
3.674354981613016467e-03
3.672884001745529026e-03
3.671412245934473073e-03
3.669939713440629157e-03
3.668466405479922643e-03
3.666992319931639769e-03
3.665517455798647170e-03
3.664041810566792332e-03
3.662565382875061955e-03
3.661088173255378202e-03
3.659610181785911617e-03
3.658131408508801235e-03
3.656651857845123841e-03
3.655171487046987404e-03
3.653690337027417495e-03
3.652208412681629858e-03
3.650725713680834979e-03
3.649242239396472288e-03
3.647757448582555819e-03
3.646271631706321341e-03
3.644784785481621023e-03
3.643297160879153517e-03
3.641808757290033484e-03
3.640319574095719247e-03
3.638829610682476050e-03
3.637338866444101738e-03
3.635847340773682053e-03
3.634354777265259764e-03
3.632861361361066320e-03
3.631367161716223674e-03
3.629872177713320755e-03
3.628376408738656200e-03
3.626879854175419152e-03
3.625382513402430722e-03
3.623884385798794346e-03
3.622385470708810139e-03
3.620885767513996271e-03
3.619385275601467132e-03
3.617883994352759976e-03
3.616381923144201382e-03
3.614879061350122127e-03
3.613375397346185302e-03
3.611870777125221043e-03
3.610365330898157327e-03
3.608859015760974842e-03
3.607351849538471215e-03
3.605843856654751111e-03
3.604335062954489022e-03
3.602825476978260746e-03
3.601314980153800128e-03
3.599803674342678429e-03
3.598291573875607181e-03
3.596778678133583269e-03
3.595264986520419967e-03
3.593750498568263653e-03
3.592235216092544078e-03
3.590719138484944895e-03
3.589202265250859142e-03
3.587684595932657226e-03
3.586166129580033342e-03
3.584646865576311073e-03
3.583126803389501906e-03
3.581605942184049388e-03
3.580084281248369082e-03
3.578561819978579462e-03
3.577038557727566653e-03
3.575514493805278908e-03
3.573989627543122573e-03
3.572463961680933352e-03
3.570937497786180921e-03
3.569410235220013463e-03
3.567882173350086974e-03
3.566353311525536675e-03
3.564823651108680377e-03
3.563293196340417378e-03
3.561761947479577094e-03
3.560229903907718898e-03
3.558697062414146756e-03
3.557163419649805695e-03
3.555628972345214241e-03
3.554093657831500132e-03
3.552557530654900687e-03
3.551020595558375837e-03
3.549482852351982468e-03
3.547944300800163781e-03
3.546404939367538579e-03
3.544864763561345663e-03
3.543323772273880394e-03
3.541781961558081778e-03
3.540239331519280056e-03
3.538695882245410096e-03
3.537151613319479936e-03
3.535606524076497642e-03
3.534060613852537704e-03
3.532513881557855073e-03
3.530966327289781180e-03
3.529417949624622398e-03
3.527868747878248890e-03
3.526318721402956109e-03
3.524767869545205635e-03
3.523216191645541472e-03
3.521663679418589495e-03
3.520110298308684084e-03
3.518556087728602535e-03
3.517001040809313028e-03
3.515445144431572026e-03
3.513888416033557165e-03
3.512330852502803732e-03
3.510772453182128654e-03
3.509213205536289987e-03
3.507652749166934210e-03
3.506091449501516112e-03
3.504529305802002795e-03
3.502966317398614055e-03
3.501402483623526889e-03
3.499837803810031990e-03
3.498272221649228238e-03
3.496705710023612079e-03
3.495138271808599130e-03
3.493569977168558063e-03
3.492000828488538502e-03
3.490430823531288831e-03
3.488859955247516909e-03
3.487288221443864394e-03
3.485715620982053880e-03
3.484142152981382305e-03
3.482567757294396677e-03
3.480992093730388495e-03
3.479415557723097765e-03
3.477838048861783132e-03
3.476259667971209801e-03
3.474680414341078331e-03
3.473100051350819228e-03
3.471518747403619723e-03
3.469936568046696340e-03
3.468353512650898269e-03
3.466769580510057746e-03
3.465184661457049783e-03
3.463598536947499942e-03
3.462011453614378780e-03
3.460423490985742746e-03
3.458834648162118636e-03
3.457244924351784727e-03
3.455654042746880966e-03
3.454062195453396454e-03
3.452469464435733906e-03
3.450875845786778237e-03
3.449281343214562461e-03
3.447685955652991015e-03
3.446089677979595044e-03
3.444492441837092907e-03
3.442893699557483377e-03
3.441294064336110781e-03
3.439693536367544741e-03
3.438091947374708954e-03
3.436488855442471763e-03
3.434884867342714171e-03
3.433279982334980305e-03
3.431674199675629339e-03
3.430067518622753869e-03
3.428459938438012215e-03
3.426851444245364309e-03
3.425242036848790729e-03
3.423631729093433527e-03
3.422020520288338898e-03
3.420408411037985982e-03
3.418795377911183764e-03
3.417181382087374365e-03
3.415566487035261167e-03
3.413950692706680876e-03
3.412333998356218475e-03
3.410716403247822989e-03
3.409097906640460880e-03
3.407478507790052871e-03
3.405858205962172987e-03
3.404237000414396443e-03
3.402614868396825355e-03
3.400991823996315968e-03
3.399367884125039166e-03
3.397743048678058490e-03
3.396117317004930265e-03
3.394490689998520567e-03
3.392863171343041186e-03
3.391234760510115302e-03
3.389605456799542598e-03
3.387975253742475917e-03
3.386344089899919439e-03
3.384712023751366549e-03
3.383079023345711856e-03
3.381445126955269932e-03
3.379810328583191924e-03
3.378174634358913769e-03
3.376537939900453675e-03
3.374899969528043567e-03
3.373260751320140971e-03
3.371620627421769573e-03
3.369979597246235917e-03
3.368337667300402762e-03
3.366694836846791453e-03
3.365051105125051872e-03
3.363406471403074336e-03
3.361760934929331097e-03
3.360114499647818328e-03
3.358467165596030340e-03
3.356818929385598990e-03
3.355169789796740021e-03
3.353519746989653844e-03
3.351868800210692449e-03
3.350216948709870690e-03
3.348564191895383752e-03
3.346910529590941662e-03
3.345255961182189933e-03
3.343600485449754137e-03
3.341944102121187279e-03
3.340286810449052957e-03
3.338628609673714893e-03
3.336969499028959608e-03
3.335309477750162625e-03
3.333648545086703458e-03
3.331986695762290118e-03
3.330323592080177472e-03
3.328659474387691761e-03
3.326994429913058497e-03
3.325328468070566906e-03
3.323661588382497995e-03
3.321993790073921732e-03
3.320325052832934914e-03
3.318655386739399835e-03
3.316984791540762440e-03
3.315313259095665349e-03
3.313640803723710056e-03
3.311967424646860940e-03
3.310293121067328648e-03
3.308617892312195295e-03
3.306941737661838170e-03
3.305264656325745520e-03
3.303586647509707593e-03
3.301907709196461298e-03
3.300227633324199269e-03
3.298546587999269791e-03
3.296864609827287670e-03
3.295181702539515169e-03
3.293497869109502513e-03
3.291813104503130312e-03
3.290127411179066385e-03
3.288440789358626753e-03
3.286753238216753512e-03
3.285064551675340692e-03
3.283374892283193007e-03
3.281684300451296644e-03
3.279992777288597873e-03
3.278300325515922861e-03
3.276606888882334541e-03
3.274912255184816035e-03
3.273216686329861666e-03
3.271520181593312853e-03
3.269822740293143112e-03
3.268124358508405110e-03
3.266425033980814140e-03
3.264724765878094116e-03
3.263023460241597749e-03
3.261320957384748580e-03
3.259617508726673010e-03
3.257913113439575743e-03
3.256207771005352122e-03
3.254501480608627904e-03
3.252794241425402931e-03
3.251086052638121112e-03
3.249376913638885468e-03
3.247666823100004135e-03
3.245955780180644502e-03
3.244243783368682375e-03
3.242530829701121588e-03
3.240816918345591942e-03
3.239102048471219873e-03
3.237386219243986330e-03
3.235669253594888623e-03
3.233951326849868017e-03
3.232232438415169433e-03
3.230512586140182017e-03
3.228791767129169602e-03
3.227069979784149591e-03
3.225347225968676432e-03
3.223623393016101114e-03
3.221898418491433297e-03
3.220172475996613097e-03
3.218445569979860085e-03
3.216717699602781970e-03
3.214988860249745357e-03
3.213259049199484324e-03
3.211528265611617722e-03
3.209796510043113650e-03
3.208063782878329152e-03
3.206330083279313858e-03
3.204595410425265141e-03
3.202859763475208142e-03
3.201123141584359851e-03
3.199385541751765746e-03
3.197646961328834848e-03
3.195907399110138169e-03
3.194166813774155286e-03
3.192424900999295701e-03
3.190681998706982464e-03
3.188938106042244966e-03
3.187193222153649700e-03
3.185447346187024031e-03
3.183700476724126566e-03
3.181952613292238219e-03
3.180203754256669211e-03
3.178453851662414124e-03
3.176702952972558502e-03
3.174951057313459609e-03
3.173198163821892154e-03
3.171444271637498345e-03
3.169689379795589349e-03
3.167933487337844072e-03
3.166176595098541772e-03
3.164418619216028284e-03
3.162659644263885253e-03
3.160899669393879303e-03
3.159138693758071093e-03
3.157376565376895407e-03
3.155613267157496467e-03
3.153848955085579095e-03
3.152083632402091166e-03
3.150317298251487444e-03
3.148549951769927680e-03
3.146781277037459783e-03
3.145011562619693963e-03
3.143240830545294701e-03
3.141469078957109980e-03
3.139696306977319846e-03
3.137922513731686552e-03
3.136147540692499607e-03
3.134371261567196667e-03
3.132593952981045128e-03
3.130815614050486140e-03
3.129036208481404419e-03
3.127255756456649716e-03
3.125474270491597050e-03
3.123691749691031097e-03
3.121908193161225791e-03
3.120123600004712401e-03
3.118337969325997178e-03
3.116551300047172828e-03
3.114763589835699807e-03
3.112974842128641683e-03
3.111185056708587731e-03
3.109394232682450698e-03
3.107601989054149978e-03
3.105808324216413532e-03
3.104013592706730135e-03
3.102217817500702978e-03
3.100420991367075236e-03
3.098623111859595807e-03
3.096824186017255176e-03
3.095024167889941571e-03
3.093222903583229579e-03
3.091420590414587551e-03
3.089617221280288161e-03
3.087812558049966589e-03
3.086006842569428369e-03
3.084200073943059624e-03
3.082392251244254772e-03
3.080583374751717958e-03
3.078773446152892335e-03
3.076962465069776453e-03
3.075150430598962755e-03
3.073337338635214258e-03
3.071523186431461029e-03
3.069707973052767346e-03
3.067891698125483745e-03
3.066074355451271077e-03
3.064255943947938581e-03
3.062436462560084397e-03
3.060615910346228558e-03
3.058794285641317987e-03
3.056971484912487241e-03
3.055147302819265567e-03
3.053321975083516434e-03
3.051495530260823087e-03
3.049667833498969759e-03
3.047839068150389082e-03
3.046009233317108385e-03
3.044178328091034190e-03
3.042346311600788167e-03
3.040513140194387245e-03
3.038678894610017962e-03
3.036843573925665247e-03
3.035007173807097777e-03
3.033169692894426787e-03
3.031331130243424075e-03
3.029491487620532102e-03
3.027650764833453734e-03
3.025808937708290413e-03
3.023966016306116507e-03
3.022121672347719175e-03
3.020276202327865089e-03
3.018429647002223923e-03
3.016582005790252683e-03
3.014733282507912806e-03
3.012883476126182805e-03
3.011032585721887950e-03
3.009180610356140383e-03
3.007327549090725756e-03
3.005473401017112137e-03
3.003618165225276603e-03
3.001761826595739265e-03
2.999904398055604389e-03
2.998045810771299453e-03
2.996186102377223961e-03
2.994325299483051577e-03
2.992463401142873586e-03
2.990600401239744063e-03
2.988735995232014598e-03
2.986870493423721563e-03
2.985003894880556338e-03
2.983136198671557885e-03
2.981267405213507398e-03
2.979397475039475152e-03
2.977526106077892868e-03
2.975653598128042299e-03
2.973779991504716183e-03
2.971905285055779274e-03
2.970029450151243436e-03
2.968152514360006353e-03
2.966274485242123473e-03
2.964395359443998314e-03
2.962515135238276073e-03
2.960633811842290283e-03
2.958751322285980371e-03
2.956867510284243855e-03
2.954982591773594632e-03
2.953096565518045259e-03
2.951209401316125507e-03
2.949321083116731787e-03
2.947431654297008423e-03
2.945541113918737162e-03
2.943649461042152377e-03
2.941756686188059730e-03
2.939862785755408339e-03
2.937967590680477283e-03
2.936071273712118242e-03
2.934173834266457555e-03
2.932275272410075646e-03
2.930375587197448905e-03
2.928474777153790894e-03
2.926572840999060437e-03
2.924669766124806357e-03
2.922765480332081313e-03
2.920859789083494334e-03
2.918952967829525555e-03
2.917045015367143376e-03
2.915135930160633534e-03
2.913225593456024096e-03
2.911314089678382257e-03
2.909401449402320306e-03
2.907487650917216226e-03
2.905572707511884078e-03
2.903656628115672874e-03
2.901739392571530806e-03
2.899820986547772296e-03
2.897901438180891347e-03
2.895980746381567918e-03
2.894058907355210198e-03
2.892135920436228209e-03
2.890211784665335047e-03
2.888286499017739782e-03
2.886360062504085382e-03
2.884432465375040295e-03
2.882503695016893231e-03
2.880573769357507811e-03
2.878642671461691636e-03
2.876710416782268624e-03
2.874777011675429088e-03
2.872842455430707920e-03
2.870906747803347349e-03
2.868969888026175023e-03
2.867031819899939962e-03
2.865092583036729645e-03
2.863152190754459422e-03
2.861210642033723377e-03
2.859267935825168631e-03
2.857324071078061901e-03
2.855378933606435212e-03
2.853432353768252903e-03
2.851484614172837204e-03
2.849535697199672823e-03
2.847585391362484654e-03
2.845633922450562740e-03
2.843681184745110949e-03
2.841726974393806240e-03
2.839771588439556679e-03
2.837815030551681453e-03
2.835857299340706957e-03
2.833898386775751243e-03
2.831938294377946922e-03
2.829977021202823798e-03
2.828014566222283258e-03
2.826050928408924048e-03
2.824086105773190511e-03
2.822120040253318918e-03
2.820152703616241908e-03
2.818183942609369611e-03
2.816213992239981288e-03
2.814242851504561091e-03
2.812270519440954186e-03
2.810296994993545776e-03
2.808322214641597279e-03
2.806346213297669819e-03
2.804369015777447623e-03
2.802390621870264574e-03
2.800410901823490589e-03
2.798429886041686916e-03
2.796447602723282390e-03
2.794463577110037778e-03
2.792478230022117387e-03
2.790491673196103008e-03
2.788503905504033202e-03
2.786514928166480658e-03
2.784524709225601451e-03
2.782533254802345684e-03
2.780540524622455902e-03
2.778546312662657711e-03
2.776550889240844613e-03
2.774554253271433162e-03
2.772556403672037442e-03
2.770557339333776237e-03
2.768557059130714697e-03
2.766555564671295802e-03
2.764552858492429037e-03
2.762548939525083687e-03
2.760543780942324547e-03
2.758537390759293120e-03
2.756529783317753293e-03
2.754520957641990331e-03
2.752510912402787984e-03
2.750499645238421286e-03
2.748487153784941791e-03
2.746473441150970498e-03
2.744458508482924136e-03
2.742442354563535099e-03
2.740424978211877804e-03
2.738406360949850824e-03
2.736386479859164930e-03
2.734365319303846270e-03
2.732342920968228780e-03
2.730319300759097463e-03
2.728294457465637885e-03
2.726268390004812740e-03
2.724241097212129915e-03
2.722212580579875304e-03
2.720182840640075154e-03
2.718151876508551317e-03
2.716119688817272230e-03
2.714086278221463332e-03
2.712051643634656901e-03
2.710015782072156681e-03
2.707978689292431934e-03
2.705940368972898236e-03
2.703900820511783484e-03
2.701859987446293600e-03
2.699817603747041266e-03
2.697773983593573875e-03
2.695729125882851459e-03
2.693683026725671691e-03
2.691635677526402984e-03
2.689587066247592275e-03
2.687537209582208618e-03
2.685486106582679697e-03
2.683433756073865233e-03
2.681380139824356655e-03
2.679325270998224057e-03
2.677269030949253493e-03
2.675211449315635301e-03
2.673152612767025742e-03
2.671092519639169712e-03
2.669031000967974493e-03
2.666968222712935363e-03
2.664904181155422318e-03
2.662838871017131955e-03
2.660772295357328055e-03
2.658704452987158216e-03
2.656635286244391977e-03
2.654564792795912134e-03
2.652493009194228837e-03
2.650419954717213485e-03
2.648345627876749157e-03
2.646270027155047354e-03
2.644193149871593845e-03
2.642114993805214432e-03
2.640035552170205604e-03
2.637954823718867935e-03
2.635872807209359292e-03
2.633789447745532586e-03
2.631704538739144342e-03
2.629618337509675823e-03
2.627530842930735945e-03
2.625442038584089883e-03
2.623351600877383335e-03
2.621259866099616854e-03
2.619166832987373551e-03
2.617072500434321821e-03
2.614976867306188866e-03
2.612879932372239988e-03
2.610781694410051982e-03
2.608682119823794304e-03
2.606580903528094625e-03
2.604478374333775263e-03
2.602374496319960137e-03
2.600269314748122201e-03
2.598162828428325719e-03
2.596055035074204716e-03
2.593945929646002818e-03
2.591835511840674244e-03
2.589723782645783623e-03
2.587610741936857608e-03
2.585496273932480927e-03
2.583380317343303683e-03
2.581262873062143380e-03
2.579143953578580135e-03
2.577023712924204814e-03
2.574902149908402538e-03
2.572779268029988693e-03
2.570655032116068734e-03
2.568529471621709085e-03
2.566402508973347155e-03
2.564274074396296482e-03
2.562144220608135632e-03
2.560012947299118453e-03
2.557880282338209025e-03
2.555746286749306390e-03
2.553610959319445057e-03
2.551474298772032478e-03
2.549336214589557632e-03
2.547196534776014973e-03
2.545055519443251927e-03
2.542913168027092618e-03
2.540769479291001866e-03
2.538624451999013914e-03
2.536478084822754719e-03
2.534330376020449589e-03
2.532181329424242327e-03
2.530030943922001712e-03
2.527879218291034791e-03
2.525726151955301913e-03
2.523571747528315784e-03
2.521415954556675398e-03
2.519258747953494627e-03
2.517100192543476368e-03
2.514940286836657522e-03
2.512779026188166794e-03
2.510616409381069645e-03
2.508452421124230530e-03
2.506287051773695845e-03
2.504120323335854922e-03
2.501952234612041595e-03
2.499782784394409974e-03
2.497611974186519923e-03
2.495439804397988227e-03
2.493266273788373542e-03
2.491091379289822605e-03
2.488915121963207727e-03
2.486737500794826763e-03
2.484558506627614419e-03
2.482378107938001347e-03
2.480196333458905070e-03
2.478013104866142510e-03
2.475828499168102916e-03
2.473642515662033761e-03
2.471455153962286069e-03
2.469266412814882881e-03
2.467076290965730147e-03
2.464884709316629823e-03
2.462691458061118041e-03
2.460496820926430517e-03
2.458300530264364604e-03
2.456102735457199419e-03
2.453903551315760306e-03
2.451702977450907588e-03
2.449501013386870801e-03
2.447297657729276613e-03
2.445092908973469682e-03
2.442886765630453583e-03
2.440679226426468139e-03
2.438470290088416269e-03
2.436259955342618896e-03
2.434048081861720381e-03
2.431834638460673558e-03
2.429619792223010333e-03
2.427403354862675555e-03
2.425185467464140154e-03
2.422966173235592893e-03
2.420745470715173625e-03
2.418523348601308957e-03
2.416299800712894217e-03
2.414074797216699333e-03
2.411848372143358954e-03
2.409620526718211486e-03
2.407391260065853879e-03
2.405160575722129629e-03
2.402928234310224790e-03
2.400694437035730180e-03
2.398459139232301824e-03
2.396222263816239623e-03
2.393983968442309988e-03
2.391744252232710314e-03
2.389503062272110064e-03
2.387260355085487479e-03
2.385015950747360058e-03
2.382770117383718831e-03
2.380522853479942469e-03
2.378274154648658129e-03
2.376024021106347157e-03
2.373772450683360111e-03
2.371519438256776240e-03
2.369264973275725036e-03
2.367009063063519030e-03
2.364751689010942057e-03
2.362492856105292451e-03
2.360232572981869285e-03
2.357970671589918691e-03
2.355707270683768655e-03
2.353442415720680830e-03
2.351176105394734567e-03
2.348908338425337479e-03
2.346639110811533317e-03
2.344368418814461296e-03
2.342096249724041467e-03
2.339822613654440712e-03
2.337547514747662612e-03
2.335270947256844112e-03
2.332992886916043958e-03
2.330713362939513394e-03
2.328432367743066972e-03
2.326149713293501533e-03
2.323865590927398639e-03
2.321579995065937898e-03
2.319292842454344274e-03
2.317003961323631147e-03
2.314713601982889678e-03
2.312421763067700007e-03
2.310128440391146128e-03
2.307833544302857146e-03
2.305537168778912585e-03
2.303239312486491004e-03
2.300939854354932396e-03
2.298638859703536208e-03
2.296336368149961421e-03
2.294032390261495531e-03
2.291726924692080291e-03
2.289419970097980248e-03
2.287111525131915041e-03
2.284801590110963065e-03
2.282490165167872734e-03
2.280177249249672536e-03
2.277862839649118752e-03
2.275546796712067665e-03
2.273229139091192865e-03
2.270909681954129660e-03
2.268588705431093082e-03
2.266266232755848303e-03
2.263942263199536942e-03
2.261616796673716293e-03
2.259289830177106141e-03
2.256961263510970459e-03
2.254631009550266824e-03
2.252299247579887288e-03
2.249965976231938641e-03
2.247630971181248730e-03
2.245294438947254088e-03
2.242956306769145619e-03
2.240616653280555481e-03
2.238275486219312282e-03
2.235932803581451318e-03
2.233588601660718535e-03
2.231242877170502500e-03
2.228895628716669273e-03
2.226546854942027583e-03
2.224196554056182776e-03
2.221844722520008829e-03
2.219491358954699817e-03
2.217136328447234447e-03
2.214779765184572442e-03
2.212421674527733587e-03
2.210062054608983619e-03
2.207700904237818677e-03
2.205338009031341476e-03
2.202973475722584153e-03
2.200607336901439729e-03
2.198239565916408188e-03
2.195870256240796316e-03
2.193499405805421614e-03
2.191127013212344158e-03
2.188753077008276371e-03
2.186377591595692772e-03
2.184000554016039819e-03
2.181621963311407546e-03
2.179241821637636998e-03
2.176860127588640687e-03
2.174476879593386681e-03
2.172092076774983106e-03
2.169705718702317349e-03
2.167317803938545277e-03
2.164928331078270259e-03
2.162537298717753190e-03
2.160144708909227454e-03
2.157750560227328883e-03
2.155354850637976240e-03
2.152957579015183937e-03
2.150558745796036370e-03
2.148158354443254533e-03
2.145756367851235115e-03
2.143352648202220909e-03
2.140947308040334375e-03
2.138540196757375122e-03
2.136131406177348580e-03
2.133720907453849885e-03
2.131308711788288627e-03
2.128894945649905269e-03
2.126479607660487596e-03
2.124062673136645294e-03
2.121644113329606337e-03
2.119223975361279964e-03
2.116802257793422987e-03
2.114378959194127428e-03
2.111954075474781461e-03
2.109527604046678058e-03
2.107099512086984226e-03
2.104669806736977986e-03
2.102238509402839985e-03
2.099805618621038671e-03
2.097371132728350230e-03
2.094935050234203542e-03
2.092497369684520863e-03
2.090058029349347712e-03
2.087616845071055705e-03
2.085174058108525772e-03
2.082729667019906500e-03
2.080283670287593270e-03
2.077836066064769980e-03
2.075386853173694264e-03
2.072936015222553302e-03
2.070483491191558480e-03
2.068029321597685856e-03
2.065573522173059801e-03
2.063116098052418437e-03
2.060657051561892369e-03
2.058196175336194766e-03
2.055733574416112892e-03
2.053269345947500175e-03
2.050803488402711851e-03
2.048336001201081329e-03
2.045866884164174952e-03
2.043396135583825258e-03
2.040923737114412519e-03
2.038449694643535304e-03
2.035974008974943475e-03
2.033496476776218420e-03
2.031017188224858855e-03
2.028536252145292547e-03
2.026053666418696150e-03
2.023569406189876241e-03
2.021083467405560344e-03
2.018595873971902425e-03
2.016106625514647172e-03
2.013615720435541802e-03
2.011123157136755074e-03
2.008628784433684391e-03
2.006132613257353633e-03
2.003634739158343704e-03
2.001135013051001926e-03
1.998633622679651858e-03
1.996130563662930606e-03
1.993625810339707833e-03
1.991119388447894038e-03
1.988611296002903116e-03
1.986101531424070647e-03
1.983590096707688218e-03
1.981076991748079944e-03
1.978562197018709622e-03
1.976045668059031330e-03
1.973527463334579565e-03
1.971007581579963322e-03
1.968486024823256058e-03
1.965962791312695843e-03
1.963437876016279650e-03
1.960911161145740926e-03
1.958382759548412278e-03
1.955852670086458654e-03
1.953320891012070692e-03
1.950787346429798527e-03
1.948252048061706885e-03
1.945715055537576479e-03
1.943176247195658492e-03
1.940635475992255610e-03
1.938092740125174672e-03
1.935548307215358014e-03
1.933002176625771154e-03
1.930454346937170683e-03
1.927904816535918556e-03
1.925353583057147142e-03
1.922800644652968276e-03
1.920245999690715520e-03
1.917689646126780750e-03
1.915131579306357697e-03
1.912571797617407731e-03
1.910010297818308389e-03
1.907447075626994516e-03
1.904882007147760351e-03
1.902315025357284540e-03
1.899746304445653483e-03
1.897175835741486509e-03
1.894603637412820354e-03
1.892029707812549174e-03
1.889453821127699829e-03
1.886876158034207903e-03
1.884296476410052181e-03
1.881715054678878779e-03
1.879131892826697153e-03
1.876546986824862697e-03
1.873960335003037499e-03
1.871371898738179076e-03
1.868781643350553518e-03
1.866189629000834359e-03
1.863595861980490900e-03
1.861000340409951987e-03
1.858403062630784464e-03
1.855804027103978310e-03
1.853203216707533744e-03
1.850600408008802947e-03
1.847995837012995001e-03
1.845389431881586063e-03
1.842781105883094760e-03
1.840171014724588557e-03
1.837559156767813685e-03
1.834945503128727635e-03
1.832330075685426312e-03
1.829712880342771603e-03
1.827093919751876343e-03
1.824473180261739630e-03
1.821850655032728437e-03
1.819226360288438149e-03
1.816600285368935325e-03
1.813972413370397874e-03
1.811342728180661893e-03
1.808711267109641870e-03
1.806078028693082222e-03
1.803443011282349897e-03
1.800806206182461360e-03
1.798167611745846509e-03
1.795527236986101853e-03
1.792885080206147634e-03
1.790241140249137098e-03
1.787595418847691235e-03
1.784947908654636612e-03
1.782298611998597935e-03
1.779647440343870611e-03
1.776994246393660088e-03
1.774339259896324074e-03
1.771682479877959319e-03
1.769023864451672564e-03
1.766363450343433296e-03
1.763701239087483649e-03
1.761037228943267358e-03
1.758371418238900002e-03
1.755703724623243955e-03
1.753033884224599768e-03
1.750362199227176955e-03
1.747688704165430889e-03
1.745013392326701628e-03
1.742336259148593788e-03
1.739657292950640014e-03
1.736976493180191232e-03
1.734293866109660586e-03
1.731609409242323896e-03
1.728923118245509786e-03
1.726234918386591053e-03
1.723544742683709267e-03
1.720852692427026886e-03
1.718158794907991005e-03
1.715463056753579237e-03
1.712765478430914668e-03
1.710066043152371753e-03
1.707364761876914916e-03
1.704661632309795779e-03
1.701956653579554538e-03
1.699249824257398778e-03
1.696541142380734351e-03
1.693830602907089606e-03
1.691118205458093599e-03
1.688403950924868358e-03
1.685687836549950355e-03
1.682969859053223610e-03
1.680250014679406231e-03
1.677528300162000685e-03
1.674804714026237665e-03
1.672079186380170555e-03
1.669351772745336160e-03
1.666622488021006617e-03
1.663891270511812627e-03
1.661158113078803084e-03
1.658422914862880439e-03
1.655685751854043706e-03
1.652946714855073329e-03
1.650205802135032299e-03
1.647462943461839181e-03
1.644717873492669872e-03
1.641970925221274786e-03
1.639222096036864950e-03
1.636471381425949655e-03
1.633718779760485714e-03
1.630964240664695792e-03
1.628207659042120144e-03
1.625449143725908076e-03
1.622688409488713072e-03
1.619925742352131296e-03
1.617161170167961525e-03
1.614394694023686943e-03
1.611626312250552138e-03
1.608856023171223925e-03
1.606083825107279929e-03
1.603309714455073256e-03
1.600533689467855541e-03
1.597755748619937273e-03
1.594975891496091787e-03
1.592194115911176175e-03
1.589410419895640478e-03
1.586624802458704757e-03
1.583837249042759554e-03
1.581047562046701636e-03
1.578255950433966534e-03
1.575462413087311666e-03
1.572666948372815950e-03
1.569869554626191106e-03
1.567070230198904478e-03
1.564268974183070753e-03
1.561465782332873125e-03
1.558660403749782429e-03
1.555852989212600001e-03
1.553043638130820149e-03
1.550232328860482378e-03
1.547419052586630978e-03
1.544603830744743474e-03
1.541786631754268975e-03
1.538967381810431604e-03
1.536146005819238273e-03
1.533322680321338267e-03
1.530497403585879797e-03
1.527670062613764503e-03
1.524840714017096713e-03
1.522009409768227762e-03
1.519176149317597903e-03
1.516340888025361714e-03
1.513503640149158102e-03
1.510664428758620725e-03
1.507823174983233131e-03
1.504979950822325427e-03
1.502134732952481932e-03
1.499287530163071402e-03
1.496438355931427018e-03
1.493587210765913833e-03
1.490734093180776966e-03
1.487878960444724607e-03
1.485021799706059400e-03
1.482162662172132207e-03
1.479301545992492027e-03
1.476438437253170793e-03
1.473573272378219312e-03
1.470706118388108354e-03
1.467836971202194545e-03
1.464965826790511853e-03
1.462092683332086567e-03
1.459217538936766808e-03
1.456340391716277015e-03
1.453461239915556464e-03
1.450580082273340843e-03
1.447696866920114090e-03
1.444811517545603000e-03
1.441924049089649256e-03
1.439034566304380836e-03
1.436143067551998035e-03
1.433249518094551790e-03
1.430353876257882536e-03
1.427456192926554413e-03
1.424556387716665630e-03
1.421654365788860633e-03
1.418750329671710593e-03
1.415844276787101138e-03
1.412936203886700111e-03
1.410026107935071892e-03
1.407113987034421844e-03
1.404199809724546817e-03
1.401283595659527474e-03
1.398365353236879355e-03
1.395444964857523763e-03
1.392522419773152206e-03
1.389597790637423164e-03
1.386671115094522365e-03
1.383742391112656889e-03
1.380811618192505884e-03
1.377878795661791793e-03
1.374943896455147309e-03
1.372006809323212230e-03
1.369067418597296219e-03
1.366125976619183896e-03
1.363182482640407350e-03
1.360236937930074446e-03
1.357289340506161049e-03
1.354339688526502933e-03
1.351387914422665527e-03
1.348433949501973801e-03
1.345477897011004191e-03
1.342519777625524003e-03
1.339559593718783487e-03
1.336597345002004094e-03
1.333633031308232566e-03
1.330666651457408298e-03
1.327698203570361508e-03
1.324727686184980517e-03
1.321755097501675115e-03
1.318780418194102260e-03
1.315803618006256785e-03
1.312824743733505533e-03
1.309843697862515160e-03
1.306860539835371466e-03
1.303875298045513529e-03
1.300887967612728143e-03
1.297898546047230022e-03
1.294907026403300425e-03
1.291913400311600060e-03
1.288917677846071258e-03
1.285919847685454984e-03
1.282919877492414221e-03
1.279917799950612903e-03
1.276913617044657520e-03
1.273907313580893144e-03
1.270898867759424119e-03
1.267888309544522611e-03
1.264875640961291145e-03
1.261860849617199793e-03
1.258843892340019309e-03
1.255824817680982388e-03
1.252803490644516585e-03
1.249779948930084808e-03
1.246754281288860134e-03
1.243726487820243087e-03
1.240696555195489959e-03
1.237664472540734922e-03
1.234630257922491757e-03
1.231593912248040790e-03
1.228555433562693007e-03
1.225514819939775612e-03
1.222471896021988091e-03
1.219426776525450512e-03
1.216379518848396827e-03
1.213329955339807449e-03
1.210278139370288058e-03
1.207224117306097575e-03
1.204167947544972084e-03
1.201109631475999863e-03
1.198049164418406917e-03
1.194986549784124137e-03
1.191921673127358840e-03
1.188854553513123179e-03
1.185785278904835389e-03
1.182713846891845014e-03
1.179640250479561817e-03
1.176564486832033839e-03
1.173486557243090490e-03
1.170406454231909385e-03
1.167324176910349183e-03
1.164239727858362630e-03
1.161153101322656700e-03
1.158064298812452311e-03
1.154973320653039821e-03
1.151880166506066405e-03
1.148784833168777376e-03
1.145687316701888073e-03
1.142587615019471578e-03
1.139485726249722230e-03
1.136381648536057215e-03
1.133275379871634576e-03
1.130166919934277132e-03
1.127056267273841709e-03
1.123943334105746835e-03
1.120828103066960710e-03
1.117710673512625720e-03
1.114591043559004339e-03
1.111469211366074078e-03
1.108345175406773254e-03
1.105218934084631083e-03
1.102090483682466706e-03
1.098959821215613787e-03
1.095826945402081538e-03
1.092691669039705599e-03
1.089554005304301009e-03
1.086414105619148800e-03
1.083271985118289911e-03
1.080127641177886779e-03
1.076981055448285362e-03
1.073832191451094169e-03
1.070681093180285079e-03
1.067527605779256157e-03
1.064371848497921167e-03
1.061213861547138405e-03
1.058053642307623526e-03
1.054891186554334555e-03
1.051726492408728382e-03
1.048559557963636354e-03
1.045390380252038181e-03
1.042218956622517016e-03
1.039045285253057879e-03
1.035869364223095069e-03
1.032691194308822799e-03
1.029510774269824010e-03
1.026328101723055939e-03
1.023143112713533181e-03
1.019955762977516793e-03
1.016766153733461835e-03
1.013574282081008884e-03
1.010380146213348028e-03
1.007183743707552826e-03
1.003985071087174115e-03
1.000784107444573860e-03
9.975807265771652679e-04
9.943750680420748288e-04
9.911671307185974510e-04
9.879569131711872249e-04
9.847442743177348308e-04
9.815293277846623421e-04
9.783120919190236697e-04
9.750925649676084979e-04
9.718706918585172036e-04
9.686463265120975061e-04
9.654196662332824308e-04
9.621907107833063732e-04
9.589594377267723685e-04
9.557258711303855342e-04
9.524900093484749662e-04
9.492518507916587181e-04
9.460113918588315901e-04
9.427685828643553832e-04
9.395233743359120366e-04
9.362758597214030937e-04
9.330260390413482735e-04
9.297738807605830137e-04
9.265194122423785770e-04
9.232625393502476210e-04
9.200033087750913996e-04
9.167417607276817995e-04
9.134778935934318844e-04
9.102116986059104967e-04
9.069431250796503117e-04
9.036722292197552683e-04
9.003988859535475659e-04
8.971232018697253589e-04
8.938451904672820199e-04
8.905647544621563168e-04
8.872819549593161234e-04
8.839968185949221647e-04
8.807093439478539494e-04
8.774194723826367467e-04
8.741271973770015037e-04
8.708325804321748577e-04
8.675356202226188222e-04
8.642363003710093125e-04
8.609345107314342977e-04
8.576303764407279409e-04
8.543238984888325283e-04
8.510150757672140052e-04
8.477039061612249389e-04
8.443903682379213680e-04
8.410744176420478216e-04
8.377561137966335137e-04
8.344354175908449489e-04
8.311122612211546863e-04
8.277867228376537250e-04
8.244586942750301798e-04
8.211282679105114460e-04
8.177954817576895807e-04
8.144603336110935350e-04
8.111227130251695647e-04
8.077826982076975488e-04
8.044403190272642577e-04
8.010955733211009211e-04
7.977484596561551858e-04
7.943989769230398387e-04
7.910471045966046156e-04
7.876928571862606586e-04
7.843362392697953355e-04
7.809771865345474387e-04
7.776157267464133211e-04
7.742517808213313091e-04
7.708853446116584532e-04
7.675164706792848152e-04
7.641451977065771665e-04
7.607715487140479784e-04
7.573955231296185166e-04
7.540171210024177763e-04
7.506363231224030211e-04
7.472530895128839988e-04
7.438674722621774421e-04
7.404794543944846546e-04
7.370890256345168784e-04
7.336962002291447238e-04
7.303009090628650481e-04
7.269031635773327664e-04
7.235030049306243917e-04
7.201004416858548763e-04
7.166954848574449326e-04
7.132880909067896560e-04
7.098782977460646156e-04
7.064661193607947890e-04
7.030515395013719636e-04
6.996345655937087800e-04
6.962151891187639717e-04
6.927933326070541279e-04
6.893690405579484988e-04
6.859423561912667347e-04
6.825132812929025341e-04
6.790818149193983454e-04
6.756479557371106864e-04
6.722116881621458982e-04
6.687730205942342193e-04
6.653319320423052227e-04
6.618884226162712048e-04
6.584424674239522683e-04
6.549941143660020174e-04
6.515433642482017836e-04
6.480902163497028389e-04
6.446346691857953674e-04
6.411766883581784295e-04
6.377162967442723610e-04
6.342534700216050656e-04
6.307882340860666848e-04
6.273205944899870818e-04
6.238505369376602530e-04
6.203780698742432072e-04
6.169031811338515419e-04
6.134258601250040062e-04
6.099461247377587414e-04
6.064639779187476184e-04
6.029794201127140546e-04
5.994924376444852937e-04
5.960030372156498385e-04
5.925112240191583593e-04
5.890169925626414929e-04
5.855203408839869091e-04
5.820212716681600305e-04
5.785197837817876226e-04
5.750158779400009815e-04
5.715095541533138325e-04
5.680008117534098618e-04
5.644896497493534374e-04
5.609760674765793681e-04
5.574600639500963770e-04
5.539416382049362330e-04
5.504207894857399445e-04
5.468975174372917632e-04
5.433718215346117816e-04
5.398437018316175904e-04
5.363131576313370872e-04
5.327801882786583482e-04
5.292447935150825303e-04
5.257069729885089065e-04
5.221667266838290111e-04
5.186240542341374448e-04
5.150789558360067836e-04
5.115314312227224255e-04
5.079814803676985409e-04
5.044291036001463972e-04
5.008743009046756362e-04
4.973170725766999081e-04
4.937574191530335124e-04
4.901953409515374211e-04
4.866308385394499478e-04
4.830639124568139294e-04
4.794945633442157995e-04
4.759227919063335191e-04
4.723485989189169410e-04
4.687719851956993148e-04
4.651929517666549235e-04
4.616114997695583205e-04
4.580276304953693578e-04
4.544413453943434785e-04
4.508526460397440662e-04
4.472615341589588310e-04
4.436680116607766007e-04
4.400720806150529470e-04
4.364737432667404118e-04
4.328730020536457877e-04
4.292698596281954216e-04
4.256643188557541059e-04
4.220563828188806797e-04
4.184460548311006497e-04
4.148333384572271197e-04
4.112182375123944419e-04
4.076007560850831470e-04
4.039808985450726213e-04
4.003586695607693684e-04
3.967340741246754053e-04
3.931071175382880377e-04
3.894778054445973553e-04
3.858461438038337686e-04
3.822121390922002607e-04
3.785757981681351280e-04
3.749371283286151955e-04
3.712961372760324101e-04
3.676528331220079555e-04
3.640072246520967432e-04
3.603593211502998045e-04
3.567091324324577709e-04
3.530566689194935019e-04
3.494019416679813275e-04
3.457449624364540889e-04
3.420857437096368994e-04
3.384242987385072230e-04
3.347606416003836346e-04
3.310947872452823485e-04
3.274267515561786923e-04
3.237565514195003065e-04
3.200842047691068834e-04
3.164097306822666171e-04
3.127331494995112295e-04
3.090544827341848324e-04
3.053737532335851017e-04
3.016909855297232796e-04
2.980062058400015845e-04
2.943194420304221111e-04
2.906307238431742566e-04
2.869400830365157200e-04
2.832475534902699271e-04
2.795531713913798058e-04
2.758569756245744515e-04
2.721590078128976347e-04
2.684593125635445715e-04
2.647579377248435346e-04
2.610549346782965502e-04
2.573503586853032954e-04
2.536442691590999284e-04
2.499367300992485553e-04
2.462278105410188101e-04
2.425175850709483769e-04
2.388061343610820106e-04
2.350935459049182145e-04
2.313799145271335010e-04
2.276653428901015083e-04
2.239499429024327071e-04
2.202338365771063530e-04
2.165171568783011489e-04
2.128000494019566962e-04
2.090826736352779317e-04
2.053652046289326371e-04
2.016478349970587491e-04
1.979307771689319895e-04
1.942142659745103004e-04
1.904985614051105417e-04
1.867839523846644492e-04
1.830707606689085790e-04
1.793593459350474551e-04
1.756501110986124201e-04
1.719435090519101932e-04
1.682400500588759646e-04
1.645403112031349510e-04
1.608449476594927283e-04
1.571547052017888168e-04
1.534704358286482150e-04
1.497931165015384041e-04
1.461238708200816362e-04
1.424639951237010606e-04
1.388149886190283191e-04
1.351785886905819715e-04
1.315568112618063345e-04
1.279519951795335972e-04
1.243668484520635926e-04
1.208044958978321607e-04
1.172685175308980628e-04
1.137629720659768108e-04
1.102923939302420577e-04
1.068617495624975527e-04
1.034763432746184982e-04
1.001416691014275594e-04
9.686321720647571689e-05
9.364625694190086556e-05
9.049562811464329848e-05
8.741557006968407411e-05
8.440960903241491106e-05
8.148050937608394134e-05
7.863028073284166104e-05
7.586022671616883734e-05
7.317101874208284493e-05
7.056278050602395404e-05
6.803517340987125554e-05
6.558747922160247169e-05
6.321867148706492977e-05
6.092747788659260403e-05
5.871243434827330042e-05
5.657193007964402958e-05
5.450424509495374403e-05
5.250758084713567930e-05
5.058008581258911080e-05
4.871987559249882067e-05
4.692504995862390989e-05
4.519370658049850299e-05
4.352395186998810728e-05
4.191390995787275470e-05
4.036172955734305398e-05
3.886558972869193381e-05
3.742370434346915277e-05
3.603432542469964646e-05
3.469574512288615454e-05
3.340629958019148321e-05
3.216436844768831961e-05
3.096837634833855992e-05
2.981679279545270685e-05
2.870813408177849010e-05
2.764096180976401100e-05
2.661388295125531006e-05
2.562554953931036805e-05
2.467465805050863008e-05
2.375994890395393802e-05
2.288020542077241071e-05
2.203425279151091551e-05
2.122095745397410262e-05
2.043922653655707962e-05
1.968800568818805793e-05
1.896627922957347850e-05
1.827306846662110827e-05
1.760743053359758924e-05
1.696845744443652821e-05
1.635527490357978732e-05
1.576704089092212822e-05
1.520294525557873029e-05
1.466220769658930873e-05
1.414407742648933335e-05
1.364783122208909090e-05
1.317277220988741079e-05
1.271822875994299953e-05
1.228355365077125633e-05
1.186812238656767431e-05
1.147133206463288018e-05
1.109259986598619044e-05
1.073136182832524741e-05
1.038707158103131160e-05
1.005919930273240692e-05
9.747229906647649327e-06
9.450661898555863313e-06
9.169006267143193226e-06
8.901785130833400907e-06
8.648530283036049855e-06
8.408782424067743629e-06
8.182089941500816506e-06
7.968007770362702693e-06
7.766096869146916630e-06
7.575923040900708898e-06
7.397056530222282141e-06
7.229071647852388861e-06
7.071546179348368438e-06
6.924061491612693321e-06
6.786202391666238235e-06
6.657557340033373362e-06
6.537718714739307311e-06
6.426283157057529194e-06
6.426283157057529194e-06
