7.446464864087712701e-03
7.434080469389620950e-03
7.425573366212441864e-03
7.420042154893695049e-03
7.416534851272173212e-03
7.414330904176084057e-03
7.412901786418076011e-03
7.411932043695364583e-03
7.411229467669117922e-03
7.410686579875776399e-03
7.410235291778189542e-03
7.409836703202568597e-03
7.409468457570586239e-03
7.409117747857433753e-03
7.408777160848426663e-03
7.408442381180924824e-03
7.408110866075262591e-03
7.407781109199970682e-03
7.407452178237301788e-03
7.407123484501034610e-03
7.406794660164459088e-03
7.406465468551805958e-03
7.406135755532078195e-03
7.405805422026573957e-03
7.405474392614998236e-03
7.405142619586543504e-03
7.404810073694419875e-03
7.404476733352195923e-03
7.404142590712775411e-03
7.403807643768551584e-03
7.403471893380528419e-03
7.403135343286162441e-03
7.402797999261885066e-03
7.402459868653856433e-03
7.402120959891366793e-03
7.401781276149257613e-03
7.401440828340105291e-03
7.401099626227728920e-03
7.400757579539950747e-03
7.400414332825777479e-03
7.400070219976976650e-03
7.399725283306218988e-03
7.399379643950140806e-03
7.399033313908311843e-03
7.398686214348190043e-03
7.398337911158214472e-03
7.397988951413744102e-03
7.397639070585664174e-03
7.397288397317389186e-03
7.396937104670170231e-03
7.396585206057317702e-03
7.396232715106531262e-03
7.395879645542165898e-03
7.395526011277793292e-03
7.395171824897778419e-03
7.394817001831620502e-03
7.394461395334652777e-03
7.394105277962356032e-03
7.393748614535842686e-03
7.393391415565595849e-03
7.393033754801975506e-03
7.392675648083736444e-03
7.392317120251712045e-03
7.391958186640645335e-03
7.391598846258410661e-03
7.391239023256885102e-03
7.390878845469459231e-03
7.390518329117212216e-03
7.390157501584167926e-03
7.389796379617639098e-03
7.389434980120481583e-03
7.389073327531934209e-03
7.388711439362443192e-03
7.388349332813047739e-03
7.387987025149817498e-03
7.387624533809900550e-03
7.387261876304305162e-03
7.386899070195338847e-03
7.386536133849855648e-03
7.386173090694777427e-03
7.385809958538340839e-03
7.385446756251808943e-03
7.385083503611914943e-03
7.384720206856212714e-03
7.384356895422041107e-03
7.383993587971850181e-03
7.383630303214913648e-03
7.383267060038487851e-03
7.382903877331638449e-03
7.382540773976675220e-03
7.382177769042587608e-03
7.381814881617069710e-03
7.381452130779668497e-03
7.381089535863427815e-03
7.380727116202238924e-03
7.380364891066997467e-03
7.380002879958714491e-03
7.379641095266823228e-03
7.379279548032483850e-03
7.378918257917275146e-03
7.378557244498647888e-03
7.378196527409734869e-03
7.377836126404528801e-03
7.377476053974779506e-03
7.377116295288516264e-03
7.376756898858968098e-03
7.376397885326554070e-03
7.376039274777207097e-03
7.375681087076740167e-03
7.375323342227548852e-03
7.374966060203816051e-03
7.374609260900226622e-03
7.374252964389618054e-03
7.373897187857888884e-03
7.373541947309054934e-03
7.373187262053620787e-03
7.372833152051135215e-03
7.372479637308838006e-03
7.372126733411582013e-03
7.371773752429770267e-03
7.371421318607770772e-03
7.371069547308459896e-03
7.370718458397863132e-03
7.370368071644768648e-03
7.370018406891030299e-03
7.369668956764563635e-03
7.369320173378466482e-03
7.368972169613417604e-03
7.368624965549456195e-03
7.368278580878284516e-03
7.367933035098341889e-03
7.367588347681595755e-03
7.367244537884498450e-03
7.366901618909125690e-03
7.366559608329675650e-03
7.366218413157221874e-03
7.365877855929203223e-03
7.365537947141767051e-03
7.365199020815674930e-03
7.364861084642879835e-03
7.364524154468167320e-03
7.364188173642516842e-03
7.363853080381534827e-03
7.363519035680194703e-03
7.363186068318549465e-03
7.362854195450500676e-03
7.362523435465498887e-03
7.362193806680493620e-03
7.361865328372672358e-03
7.361538009770902773e-03
7.361211876142607566e-03
7.360886945308020742e-03
7.360563003747699722e-03
7.360240131170008547e-03
7.359918515952298262e-03
7.359598174853710685e-03
7.359279125660681334e-03
7.358961376190666093e-03
7.358644945353100611e-03
7.358329851511316577e-03
7.358016109680833201e-03
7.357703740174905901e-03
7.357392380856094850e-03
7.357082082297959277e-03
7.356773199708975530e-03
7.356465038892106949e-03
7.356158251069526942e-03
7.355852924233153081e-03
7.355549073837676713e-03
7.355246714169910889e-03
7.354945859063466949e-03
7.354646521566486454e-03
7.354348714565919591e-03
7.354051827784530496e-03
7.353756459844432852e-03
7.353462662544670882e-03
7.353170448991048352e-03
7.352879831618499423e-03
7.352590821720847609e-03
7.352303430469786689e-03
7.352017668630484934e-03
7.351733305049313986e-03
7.351450407519453771e-03
7.351169170079206207e-03
7.350889602605357315e-03
7.350611714615980057e-03
7.350335499159202195e-03
7.350060873032417466e-03
7.349787953398512035e-03
7.349516752486133682e-03
7.349247285757169387e-03
7.348979561057637257e-03
7.348713591917295333e-03
7.348449390866615936e-03
7.348186964664902253e-03
7.347926320510515981e-03
7.347667389973116733e-03
7.347410157500696912e-03
7.347154726667425723e-03
7.346901101887358225e-03
7.346649286292611380e-03
7.346399293153839730e-03
7.346151122499471053e-03
7.345904769713359345e-03
7.345660240846839384e-03
7.345417542133091809e-03
7.345176676176608764e-03
7.344937645625683291e-03
7.344700456639260272e-03
7.344465107215140086e-03
7.344231603604790826e-03
7.343999939473344965e-03
7.343770123612828639e-03
7.343542159178517367e-03
7.343316048119196034e-03
7.343091781907374292e-03
7.342869362721960239e-03
7.342648791870591031e-03
7.342430069681293338e-03
7.342213199224946647e-03
7.341998179316000170e-03
7.341785008401175566e-03
7.341573685282763370e-03
7.341364206324088419e-03
7.341156570549530087e-03
7.340950776695211351e-03
7.340746823029092351e-03
7.340544706939216429e-03
7.340344426140858226e-03
7.340145978193561918e-03
7.339949356821463995e-03
7.339754460315410338e-03
7.339560714523207276e-03
7.339368787669986287e-03
7.339178674911414971e-03
7.338990372013647415e-03
7.338803875913870595e-03
7.338619181158736668e-03
7.338436281967467868e-03
7.338255173125931251e-03
7.338075849063598402e-03
7.337898304027302282e-03
7.337722532168106972e-03
7.337548527826187432e-03
7.337376284960302371e-03
7.337205800374680884e-03
7.337036553857819755e-03
7.336869020344724372e-03
7.336703225273349428e-03
7.336539161088196162e-03
7.336376820703736229e-03
7.336216196743458769e-03
7.336057269391461390e-03
7.335900026556994684e-03
7.335744461000829469e-03
7.335590565314965318e-03
7.335438331944799453e-03
7.335287752820345356e-03
7.335138820211593684e-03
7.334991526015981547e-03
7.334845861806296892e-03
7.334701819228339574e-03
7.334559389704133590e-03
7.334418485215904449e-03
7.334278996470747561e-03
7.334141090663494691e-03
7.334004758777277859e-03
7.333869991955355334e-03
7.333736737603039832e-03
7.333605019821862019e-03
7.333474838274718285e-03
7.333346183461512610e-03
7.333218971964977108e-03
7.333093179022229062e-03
7.332968883888682336e-03
7.332846076556529848e-03
7.332724747213163405e-03
7.332604887130172652e-03
7.332486486492862526e-03
7.332369535046121163e-03
7.332254021070440386e-03
7.332139931671082834e-03
7.332027256559781742e-03
7.331915985285430114e-03
7.331806107143136117e-03
7.331697611878990051e-03
7.331590493212931242e-03
7.331484740198167607e-03
7.331380341727297689e-03
7.331277286923757082e-03
7.331175478565825528e-03
7.331074235562158245e-03
7.330974088036798855e-03
7.330875243604114896e-03
7.330777691187589928e-03
7.330681419416775965e-03
7.330586417375363484e-03
7.330492673947118683e-03
7.330400177938316796e-03
7.330308918035627341e-03
7.330218702338658042e-03
7.330129607962471497e-03
7.330041717793406124e-03
7.329955020472395458e-03
7.329869504724554827e-03
7.329785155727137902e-03
7.329701768463758003e-03
7.329619530081099565e-03
7.329538430775054542e-03
7.329458466562552114e-03
7.329379623867420847e-03
7.329301889798656502e-03
7.329224981538896670e-03
7.329149091427572191e-03
7.329074276338810000e-03
7.329000524889127399e-03
7.328927825860579413e-03
7.328856168082697846e-03
7.328785540423220918e-03
7.328715931720328029e-03
7.328647331636036107e-03
7.328579729580532269e-03
7.328513114576599985e-03
7.328447475694693791e-03
7.328382801965778112e-03
7.328319082609794678e-03
7.328256306865088034e-03
7.328194463966155973e-03
7.328133436614817781e-03
7.328073184317335752e-03
7.328013834238744466e-03
7.327955375884295623e-03
7.327897798797001518e-03
7.327841092574052459e-03
7.327785246666843923e-03
7.327730255204699568e-03
7.327676107075009430e-03
7.327622788203839652e-03
7.327570287087222314e-03
7.327518593328807839e-03
7.327467696819614865e-03
7.327417582746256763e-03
7.327368242900185978e-03
7.327319668732596748e-03
7.327271794011557676e-03
7.327224660485861553e-03
7.327178268914391786e-03
7.327132611883117180e-03
7.327087679908979301e-03
7.327043463580632313e-03
7.326999953514793870e-03
7.326957140298797147e-03
7.326915014930236551e-03
7.326873569324350056e-03
7.326832794590808218e-03
7.326792681694265646e-03
7.326753223072018407e-03
7.326714411119744814e-03
7.326676236196136283e-03
7.326638686633086227e-03
7.326601753163403466e-03
7.326565428612506758e-03
7.326529704917163731e-03
7.326494573824519387e-03
7.326460026994484689e-03
7.326426056292257780e-03
7.326392653878310152e-03
7.326359811699863743e-03
7.326327521856019868e-03
7.326295776454550858e-03
7.326264567548916584e-03
7.326233887374441860e-03
7.326203729394321733e-03
7.326174086821896428e-03
7.326144951541885796e-03
7.326116314683665982e-03
7.326088168143189173e-03
7.326060503565678429e-03
7.326033314176618773e-03
7.326006594584739441e-03
7.325980337789679206e-03
7.325954536777409820e-03
7.325929187076663310e-03
7.325904282113120461e-03
7.325879814413419934e-03
7.325855776687035907e-03
7.325832161948616847e-03
7.325808963511684993e-03
7.325786174721251286e-03
7.325763789258739854e-03
7.325741800817335385e-03
7.325720203193172332e-03
7.325698990276834771e-03
7.325678156043421638e-03
7.325657694914380555e-03
7.325637601661535124e-03
7.325617870200445969e-03
7.325598494579852772e-03
7.325579469005812951e-03
7.325560787449976810e-03
7.325542443413462189e-03
7.325524431791344791e-03
7.325506747577354913e-03
7.325489385643716746e-03
7.325472340743294231e-03
7.325455607767042236e-03
7.325439178680813630e-03
7.325423051025630947e-03
7.325407221060523978e-03
7.325391683917709465e-03
7.325376434859224781e-03
7.325361469136431811e-03
7.325346782064754043e-03
7.325332368694525802e-03
7.325318224320191696e-03
7.325304344533352732e-03
7.325290724874577823e-03
7.325277361019781608e-03
7.325264248723466903e-03
7.325251383762245577e-03
7.325238761970159253e-03
7.325226176595045664e-03
7.325213796955517762e-03
7.325201650290654593e-03
7.325189732646585072e-03
7.325178039931100858e-03
7.325166568531989858e-03
7.325155314675499928e-03
7.325144274643800336e-03
7.325133444517814216e-03
7.325122820655271920e-03
7.325112399081202923e-03
7.325102176142824287e-03
7.325092148619856934e-03
7.325082313210650245e-03
7.325072666711928034e-03
7.325063205830420997e-03
7.325053927114216767e-03
7.325044827427483474e-03
7.325035903752654017e-03
7.325027153089468633e-03
7.325018572416165663e-03
7.325010158756196411e-03
7.325001909175431376e-03
7.324993820731188869e-03
7.324985890570506232e-03
7.324978115955355779e-03
7.324970494128587098e-03
7.324963022376580930e-03
7.324955698027809346e-03
7.324948518452961514e-03
7.324941481063236733e-03
7.324934583962439127e-03
7.324927826709616736e-03
7.324921205918745459e-03
7.324914721690095783e-03
7.324908370092415681e-03
7.324902147854000199e-03
7.324896052009137459e-03
7.324890079850678720e-03
7.324884228854423515e-03
7.324878496623725595e-03
7.324872880756976533e-03
7.324867379055550499e-03
7.324861989381267237e-03
7.324856709647442621e-03
7.324851537812725188e-03
7.324846471876449681e-03
7.324841509823968103e-03
7.324836649676427607e-03
7.324831889647520113e-03
7.324827227878984680e-03
7.324822662543287524e-03
7.324818191843960290e-03
7.324813814015299941e-03
7.324809527322245599e-03
7.324805330059032393e-03
7.324801220549093453e-03
7.324797197144627958e-03
7.324793258225865619e-03
7.324789402200932234e-03
7.324785627504783701e-03
7.324781932599860011e-03
7.324778315872899556e-03
7.324774773558877586e-03
7.324771303681072362e-03
7.324767907367307415e-03
7.324764583249213784e-03
7.324761329957773723e-03
7.324758146153288914e-03
7.324755030543976704e-03
7.324751981835559908e-03
7.324748998754722004e-03
7.324746080049326577e-03
7.324743224488128486e-03
7.324740430861086983e-03
7.324737697895307952e-03
7.324735024300395650e-03
7.324732408955048242e-03
7.324729850752258881e-03
7.324727348541705541e-03
7.324724901293337177e-03
7.324722507962228360e-03
7.324720167507248365e-03
7.324717878905251216e-03
7.324715641150539649e-03
7.324713453254783589e-03
7.324711314247087796e-03
7.324709223173657066e-03
7.324707179097378167e-03
7.324705181098312493e-03
7.324703228272676052e-03
7.324701319732719769e-03
7.324699454582455499e-03
7.324697631981676865e-03
7.324695851097275980e-03
7.324694111103805493e-03
7.324692411190398406e-03
7.324690750560513067e-03
7.324689128432656550e-03
7.324687544017512326e-03
7.324685996565545414e-03
7.324684485355110845e-03
7.324682984967798190e-03
7.324681472481642773e-03
7.324679994748143838e-03
7.324678551074374766e-03
7.324677140780493090e-03
7.324675763198941654e-03
7.324674417674433870e-03
7.324673103563666618e-03
7.324671820235156318e-03
7.324670567069042036e-03
7.324669343457029108e-03
7.324668148802014438e-03
7.324666982517749093e-03
7.324665844028913769e-03
7.324664732771186439e-03
7.324663648191127863e-03
7.324662589745270860e-03
7.324661556899691832e-03
7.324660549130425358e-03
7.324659565923358380e-03
7.324658606774209386e-03
7.324657671187923859e-03
7.324656758653002100e-03
7.324655868666339609e-03
7.324655000813695693e-03
7.324654154636474519e-03
7.324653329684729583e-03
7.324652525516767328e-03
7.324651741699461129e-03
7.324650977808056136e-03
7.324650233425693963e-03
7.324649508143491611e-03
7.324648801560293410e-03
7.324648113282679687e-03
7.324647442924843606e-03
7.324646790107988345e-03
7.324646154461073033e-03
7.324645535619676504e-03
7.324644933226872462e-03
7.324644346932094978e-03
7.324643776391891355e-03
7.324643221269323649e-03
7.324642681234004235e-03
7.324642155961883297e-03
7.324641645135136943e-03
7.324641148442167203e-03
7.324640665577517896e-03
7.324640196241577993e-03
7.324639740140605898e-03
7.324639296986656598e-03
7.324638866497142770e-03
7.324638448395269334e-03
7.324638042409925900e-03
7.324637648274972927e-03
7.324637265729455095e-03
7.324636894517527579e-03
7.324636534368162387e-03
7.324636185053330986e-03
7.324635846335036254e-03
7.324635517977032273e-03
7.324635199747803714e-03
7.324634891420595331e-03
7.324634592773147414e-03
7.324634303587290729e-03
7.324634023649729750e-03
7.324633752751024372e-03
7.324633490785962750e-03
7.324633238133186446e-03
7.324632994368997056e-03
7.324632759147318116e-03
7.324632532163900811e-03
7.324632313172613034e-03
7.324632101948226962e-03
7.324631898281246112e-03
7.324631701975798520e-03
7.324631512846835162e-03
7.324631330717181789e-03
7.324631155416864992e-03
7.324630986780830168e-03
7.324630824648899891e-03
7.324630668865024508e-03
7.324630519277063566e-03
7.324630375736164781e-03
7.324630238097139603e-03
7.324630106217769332e-03
7.324629979959008073e-03
7.324629859184706923e-03
7.324629743761468248e-03
7.324629633559030795e-03
7.324629528449657333e-03
7.324629428308100827e-03
7.324629333012101437e-03
7.324629242441650992e-03
7.324629156479470909e-03
7.324629075010478767e-03
7.324628997922459639e-03
7.324628925104960213e-03
7.324628856450379928e-03
7.324628791853078462e-03
7.324628731209700122e-03
7.324628674419133081e-03
7.324628621382312486e-03
7.324628572002498013e-03
7.324628526184594722e-03
7.324628483836076800e-03
7.324628444865806214e-03
7.324628409164020068e-03
7.324628376664405090e-03
7.324628347282291160e-03
7.324628320934452319e-03
7.324628297539313194e-03
7.324628277017399165e-03
7.324628259290468998e-03
7.324628244282427314e-03
7.324628231918302833e-03
7.324628222125126147e-03
7.324628214831439658e-03
7.324628209967248144e-03
7.324628207464309315e-03
7.324628207255468558e-03
7.324628209275604353e-03
7.324628213460603922e-03
7.324628219747979056e-03
7.324628228076527844e-03
7.324628238386400592e-03
7.324628250619229057e-03
7.324628264717600833e-03
7.324628280625853846e-03
7.324628298289228082e-03
7.324628317654284515e-03
7.324628338668862614e-03
7.324628361281778494e-03
7.324628385443122426e-03
7.324628411104374195e-03
7.324628438217642423e-03
7.324628466736335039e-03
7.324628496615069075e-03
7.324628527809387904e-03
7.324628560275703998e-03
7.324628593971662348e-03
7.324628628855754491e-03
7.324628664887395703e-03
7.324628702027084597e-03
7.324628740236219238e-03
7.324628779476954898e-03
7.324628819712428705e-03
7.324628860906676371e-03
7.324628903024563674e-03
7.324628946031619924e-03
7.324628989894477714e-03
7.324629034580331689e-03
7.324629080057329725e-03
7.324629126294195623e-03
7.324629173260521417e-03
7.324629220926553996e-03
7.324629269263458788e-03
7.324629318242862654e-03
7.324629367837133184e-03
7.324629418019517474e-03
7.324629468763476856e-03
7.324629520043567273e-03
7.324629571832245653e-03
7.324629624103865845e-03
7.324629676838568734e-03
7.324629730013159333e-03
7.324629783604970877e-03
7.324629837592110289e-03
7.324629891952951638e-03
7.324629946666618395e-03
7.324630001712789142e-03
7.324630057071486802e-03
7.324630112723387425e-03
7.324630168649728240e-03
7.324630224832050056e-03
7.324630281252438382e-03
7.324630337893506087e-03
7.324630394738189561e-03
7.324630451770092199e-03
7.324630508973176482e-03
7.324630566331580099e-03
7.324630623830150240e-03
7.324630681454116603e-03
7.324630739188995980e-03
7.324630797020759664e-03
7.324630854935779666e-03
7.324630912920595399e-03
7.324630970962599762e-03
7.324631029049039933e-03
7.324631087167847443e-03
7.324631145307091730e-03
7.324631203455284588e-03
7.324631261601077456e-03
7.324631319733839949e-03
7.324631377842764739e-03
7.324631435917814716e-03
7.324631493949038639e-03
7.324631551926624046e-03
7.324631609841409860e-03
7.324631667684123985e-03
7.324631725445995660e-03
7.324631783118500453e-03
7.324631840693403631e-03
7.324631898162663017e-03
7.324631955518371741e-03
7.324632012753113861e-03
7.324632069859715426e-03
7.324632126830869783e-03
7.324632183656835591e-03
7.324632240331661014e-03
7.324632296851381341e-03
7.324632353209830499e-03
7.324632409400969046e-03
7.324632465419161735e-03
7.324632521258713468e-03
7.324632576914245734e-03
7.324632632380696610e-03
7.324632687652979021e-03
7.324632742726221862e-03
7.324632797595912251e-03
7.324632852257526028e-03
7.324632906706647455e-03
7.324632960939245901e-03
7.324633014951225686e-03
7.324633068738998533e-03
7.324633122298644834e-03
7.324633175626776675e-03
7.324633228719888180e-03
7.324633281574885468e-03
7.324633334188556701e-03
7.324633386557982337e-03
7.324633438680341717e-03
7.324633490552926937e-03
7.324633542173164535e-03
7.324633593538510540e-03
7.324633644646698534e-03
7.324633695495521082e-03
7.324633746082760341e-03
7.324633796406560156e-03
7.324633846464919523e-03
7.324633896256049076e-03
7.324633945778319909e-03
7.324633995030009441e-03
7.324634044009908571e-03
7.324634092716319003e-03
7.324634141147989136e-03
7.324634189303904155e-03
7.324634237182656334e-03
7.324634284783386982e-03
7.324634332105090830e-03
7.324634379146903115e-03
7.324634425907894895e-03
7.324634472387560498e-03
7.324634518585035163e-03
7.324634564499832301e-03
7.324634610131500884e-03
7.324634655479407737e-03
7.324634700543413215e-03
7.324634745323010780e-03
7.324634789818000070e-03
7.324634834028295217e-03
7.324634877953651625e-03
7.324634921593993833e-03
7.324634964949362607e-03
7.324635008019760550e-03
7.324635050805418379e-03
7.324635093306400280e-03
7.324635135522837223e-03
7.324635177455054470e-03
7.324635219103322638e-03
7.324635260467841219e-03
7.324635301549077722e-03
7.324635342347465827e-03
7.324635382863412328e-03
7.324635423097436773e-03
7.324635463050063917e-03
7.324635502721908720e-03
7.324635542113541904e-03
7.324635581225603584e-03
7.324635618379475577e-03
7.324635654271222616e-03
7.324635689911485059e-03
7.324635725300948121e-03
