1.010101010101010083e-01 8.080808080808080662e-01
1.015650666158874754e-01 8.085077741401480722e-01
1.021186433263966964e-01 8.089368012522684115e-01
1.026708344850005283e-01 8.093678249276781145e-01
1.032216435356785450e-01 8.098007808174416677e-01
1.037710740189287384e-01 8.102356047798664473e-01
1.043191295676318131e-01 8.106722329446705011e-01
1.048658139028807446e-01 8.111106017745440822e-01
1.054111308297873278e-01 8.115506481240345460e-01
1.059550842332766113e-01 8.119923092956958799e-01
1.064976780738798451e-01 8.124355230934593441e-01
1.070389163835363949e-01 8.128802278731921405e-01
1.075788032614138218e-01 8.133263625904255667e-01
1.081173428697557171e-01 8.137738668452426660e-01
1.086545394297655925e-01 8.142226809243305885e-01
1.091903972175351650e-01 8.146727458402088784e-01
1.097249205600242111e-01 8.151240033676577790e-01
1.102581138310994441e-01 8.155763960773786403e-01
1.107899814476383527e-01 8.160298673669265090e-01
1.113205278657042191e-01 8.164843614889631951e-01
1.118497575767975760e-01 8.169398235768865479e-01
1.123776751041889177e-01 8.173961996678964503e-01
1.129042849993368708e-01 8.178534367235658076e-01
1.134295918383957796e-01 8.183114826479876980e-01
1.139536002188159536e-01 8.187702863035756229e-01
1.144763147560394489e-01 8.192297975245965702e-01
1.149977400802936339e-01 8.196899671285208244e-01
1.155178808334847429e-01 8.201507469252728999e-01
1.160367416661928219e-01 8.206120897244727486e-01
1.165543272347692311e-01 8.210739493407552825e-01
1.170706421985375084e-01 8.215362805972584725e-01
1.175856912170981372e-01 8.219990393273706175e-01
1.180994789477372298e-01 8.224621823748274885e-01
1.186120100429390589e-01 8.229256675922490549e-01
1.191232891480018541e-01 8.233894538382059425e-01
1.196333208987563484e-01 8.238535009729041070e-01
1.201421099193859809e-01 8.243177698525739894e-01
1.206496608203476151e-01 8.247822223226514149e-01
1.211559781963914978e-01 8.252468212098326150e-01
1.216610666246789596e-01 8.257115303130859729e-01
1.221649306629959963e-01 8.261763143936998732e-01
1.226675748480610673e-01 8.266411391644438167e-01
1.231690036939251526e-01 8.271059712779175177e-01
1.236692216904619751e-01 8.275707783141608154e-01
1.241682333019462070e-01 8.280355287675931208e-01
1.246660429657176217e-01 8.285001920333491254e-01
1.251626550909286650e-01 8.289647383930756064e-01
1.256580740573733090e-01 8.294291390002499487e-01
1.261523042143947726e-01 8.298933658650785583e-01
1.266453498798696398e-01 8.303573918390306785e-01
1.271372153392660576e-01 8.308211905990614543e-01
1.276279048447735709e-01 8.312847366315725406e-01
1.281174226145020689e-01 8.317480052161584370e-01
1.286057728317476778e-01 8.322109724091834027e-01
1.290929596443229077e-01 8.326736150272293635e-01
1.295789871639489166e-01 8.331359106304560003e-01
1.300638594657073377e-01 8.335978375059083234e-01
1.305475805875496442e-01 8.340593746508065953e-01
1.310301545298613590e-01 8.345205017558510185e-01
1.315115852550793329e-01 8.349811991885701667e-01
1.319918766873595106e-01 8.354414479767408030e-01
1.324710327122932685e-01 8.359012297919052870e-01
1.329490571766701879e-01 8.363605269330084413e-01
1.334259538882850704e-01 8.368193223101769718e-01
1.339017266157873642e-01 8.372775994286596468e-01
1.343763790885711684e-01 8.377353423729467785e-01
1.348499149967035127e-01 8.381925357910847696e-01
1.353223379908895241e-01 8.386491648792007148e-01
1.357936516824724826e-01 8.391052153662490465e-01
1.362638596434670446e-01 8.395606734989934372e-01
1.367329654066242184e-01 8.400155260272321733e-01
1.372009724655260110e-01 8.404697601892776593e-01
1.376678842747087461e-01 8.409233636976970461e-01
1.381337042498131384e-01 8.413763247253202016e-01
1.385984357677599033e-01 8.418286318915215727e-01
1.390620821669495133e-01 8.422802742487797145e-01
1.395246467474846042e-01 8.427312412695182609e-01
1.399861327714138903e-01 8.431815228332318890e-01
1.404465434629964260e-01 8.436311092138981671e-01
1.409058820089847675e-01 8.440799910676770601e-01
1.413641515589261766e-01 8.445281594208992049e-01
1.418213552254806442e-01 8.449756056583419550e-01
1.422774960847546233e-01 8.454223215117931955e-01
1.427325771766496387e-01 8.458682990489018172e-01
1.431866015052247476e-01 8.463135306623126297e-01
1.436395720390717667e-01 8.467580090590844932e-01
1.440914917117027128e-01 8.472017272503884477e-01
1.445423634219482889e-01 8.476446785414833984e-01
1.449921900343668635e-01 8.480868565219662480e-01
1.454409743796630239e-01 8.485282550562922577e-01
1.458887192551150125e-01 8.489688682745633042e-01
1.463354274250103504e-01 8.494086905635787055e-01
1.467811016210889274e-01 8.498477165581453940e-01
1.472257445429931422e-01 8.502859411326421091e-01
1.476693588587240369e-01 8.507233593928346105e-01
1.481119472051032893e-01 8.511599666679354748e-01
1.485535121882403664e-01 8.515957585029055865e-01
1.489940563840040644e-01 8.520307306509904421e-01
1.494335823384982942e-01 8.524648790664887121e-01
1.498720925685414485e-01 8.528981998977457346e-01
1.503095895621488487e-01 8.533306894803689424e-01
1.507460757790178851e-01 8.537623443306584514e-01
1.511815536510154878e-01 8.541931611392495904e-01
1.516160255826675129e-01 8.546231367649606003e-01
1.520494939516494615e-01 8.550522682288413945e-01
1.524819611092784466e-01 8.554805527084182737e-01
1.529134293810059664e-01 8.559079875321294884e-01
1.533439010669110369e-01 8.563345701739467630e-01
1.537733784421935201e-01 8.567602982481773433e-01
1.542018637576672568e-01 8.571851695044430119e-01
1.546293592402528116e-01 8.576091818228294139e-01
1.550558670934693573e-01 8.580323332092025801e-01
1.554813894979257261e-01 8.584546217906871002e-01
1.559059286118101573e-01 8.588760458113016139e-01
1.563294865713785176e-01 8.592966036277470687e-01
1.567520654914409395e-01 8.597162937053426379e-01
1.571736674658463784e-01 8.601351146141064108e-01
1.575942945679653096e-01 8.605530650249748614e-01
1.580139488511697887e-01 8.609701437061578755e-01
1.584326323493112643e-01 8.613863495196252273e-01
1.588503470771955861e-01 8.618016814177195117e-01
1.592670950310552669e-01 8.622161384398929762e-01
1.596828781890186066e-01 8.626297197095631475e-01
1.600976985115756535e-01 8.630424244310843651e-01
1.605115579420410277e-01 8.634542518868303373e-01
1.609244584070130824e-01 8.638652014343857211e-01
1.613364018168296221e-01 8.642752725038421735e-01
1.617473900660198749e-01 8.646844645951949904e-01
1.621574250337525780e-01 8.650927772758385537e-01
1.625665085842802338e-01 8.655002101781557045e-01
1.629746425673791466e-01 8.659067629971987090e-01
1.633818288187855461e-01 8.663124354884587097e-01
1.637880691606271866e-01 8.667172274657204412e-01
1.641933654018508104e-01 8.671211387989993247e-01
1.645977193386450876e-01 8.675241694125579439e-01
1.650011327548589757e-01 8.679263192829996809e-01
1.654036074224156938e-01 8.683275884374361819e-01
1.658051451017217848e-01 8.687279769517264327e-01
1.662057475420715968e-01 8.691274849487847787e-01
1.666054164820468808e-01 8.695261125969554472e-01
1.670041536499115575e-01 8.699238601084511302e-01
1.674019607640015173e-01 8.703207277378536277e-01
1.677988395331095339e-01 8.707167157806736668e-01
1.681947916568650447e-01 8.711118245719684516e-01
1.685898188261088504e-01 8.715060544850143920e-01
1.689839227232628194e-01 8.718994059300330113e-01
1.693771050226942632e-01 8.722918793529681469e-01
1.697693673910751766e-01 8.726834752343127777e-01
1.701607114877362881e-01 8.730741940879827023e-01
1.705511389650157528e-01 8.734640364602368479e-01
1.709406514686026279e-01 8.738530029286404321e-01
1.713292506378749080e-01 8.742410941010715364e-01
1.717169381062323974e-01 8.746283106147676456e-01
1.721037155014240316e-01 8.750146531354112689e-01
1.724895844458698702e-01 8.754001223562534184e-01
1.728745465569777595e-01 8.757847189972732815e-01
1.732586034474544456e-01 8.761684438043720879e-01
1.736417567256113570e-01 8.765512975486006164e-01
1.740240079956649477e-01 8.769332810254187871e-01
1.744053588580315728e-01 8.773143950539856739e-01
1.747858109096168677e-01 8.776946404764791598e-01
1.751653657440998269e-01 8.780740181574437919e-01
1.755440249522112472e-01 8.784525289831657258e-01
1.759217901220068714e-01 8.788301738610737601e-01
1.762986628391350619e-01 8.792069537191653517e-01
1.766746446870989806e-01 8.795828695054562774e-01
1.770497372475134112e-01 8.799579221874536117e-01
1.774239421003561690e-01 8.803321127516500200e-01
1.777972608242140706e-01 8.807054422030397012e-01
1.781696949965235199e-01 8.810779115646540927e-01
1.785412461938057083e-01 8.814495218771168927e-01
1.789119159918965696e-01 8.818202741982175130e-01
1.792817059661712953e-01 8.821901696025018502e-01
1.796506176917635478e-01 8.825592091808807105e-01
1.800186527437794004e-01 8.829273940402532217e-01
1.803858126975060872e-01 8.832947253031466772e-01
1.807520991286153400e-01 8.836612041073702573e-01
1.811175136133617303e-01 8.840268316056832942e-01
1.814820577287755976e-01 8.843916089654767498e-01
1.818457330528510663e-01 8.847555373684674596e-01
1.822085411647287323e-01 8.851186180104043677e-01
1.825704836448734103e-01 8.854808521007869748e-01
1.829315620752467453e-01 8.858422408625942213e-01
1.832917780394748564e-01 8.862027855320242509e-01
1.836511331230109845e-01 8.865624873582442778e-01
1.840096289132931162e-01 8.869213476031495569e-01
1.843672669998968894e-01 8.872793675411321246e-01
1.847240489746834746e-01 8.876365484588576438e-01
1.850799764319426832e-01 8.879928916550506868e-01
1.854350509685313009e-01 8.883483984402880118e-01
1.857892741840067030e-01 8.887030701367988339e-01
1.861426476807558072e-01 8.890569080782723121e-01
1.864951730641192795e-01 8.894099136096721425e-01
1.868468519425111884e-01 8.897620880870565907e-01
1.871976859275341909e-01 8.901134328774052973e-01
1.875476766340900825e-01 8.904639493584515231e-01
1.878968256804860182e-01 8.908136389185195014e-01
1.882451346885361532e-01 8.911625029563672307e-01
1.885926052836591482e-01 8.915105428810339294e-01
1.889392390949712341e-01 8.918577601116919329e-01
1.892850377553750296e-01 8.922041560775030300e-01
1.896300029016442235e-01 8.925497322174784642e-01
1.899741361745040102e-01 8.928944899803433755e-01
1.903174392187075015e-01 8.932384308244041282e-01
1.906599136831081120e-01 8.935815562174194149e-01
1.910015612207279501e-01 8.939238676364744673e-01
1.913423834888222097e-01 8.942653665678579333e-01
1.916823821489397617e-01 8.946060545069419723e-01
1.920215588669798856e-01 8.949459329580646827e-01
1.923599153132452833e-01 8.952850034344148611e-01
1.926974531624912612e-01 8.956232674579193143e-01
1.930341740939715001e-01 8.959607265591320591e-01
1.933700797914799929e-01 8.962973822771257426e-01
1.937051719433894870e-01 8.966332361593847278e-01
1.940394522426866220e-01 8.969682897616996220e-01
1.943729223870034606e-01 8.973025446480639156e-01
1.947055840786456327e-01 8.976360023905720631e-01
1.950374390246173706e-01 8.979686645693182312e-01
1.953684889366431032e-01 8.983005327722970446e-01
1.956987355311859689e-01 8.986316085953053312e-01
1.960281805294631918e-01 8.989618936418446449e-01
1.963568256574582671e-01 8.992913895230247867e-01
1.966846726459302586e-01 8.996200978574687701e-01
1.970117232304200994e-01 8.999480202712178967e-01
1.973379791512539505e-01 9.002751583976378313e-01
1.976634421535437558e-01 9.006015138773255657e-01
1.979881139871850493e-01 9.009270883580167144e-01
1.983119964068519592e-01 9.012518834944933666e-01
1.986350911719894918e-01 9.015759009484924924e-01
1.989574000468034010e-01 9.018991423886150161e-01
1.992789248002473368e-01 9.022216094902346661e-01
1.995996672060075250e-01 9.025433039354078257e-01
1.999196290424849753e-01 9.028642274127833822e-01
2.002388120927754422e-01 9.031843816175125772e-01
2.005572181446468594e-01 9.035037682511596335e-01
2.008748489905146373e-01 9.038223890216121603e-01
2.011917064274147127e-01 9.041402456429917800e-01
2.015077922569743774e-01 9.044573398355650884e-01
2.018231082853810809e-01 9.047736733256542818e-01
2.021376563233491241e-01 9.050892478455485612e-01
2.024514381860842982e-01 9.054040651334148704e-01
2.027644556932467479e-01 9.057181269332088558e-01
2.030767106689117529e-01 9.060314349945864931e-01
2.033882049415287607e-01 9.063439910728146032e-01
2.036989403438786705e-01 9.066557969286824781e-01
2.040089187130292026e-01 9.069668543284126194e-01
2.043181418902888236e-01 9.072771650435720314e-01
2.046266117211588131e-01 9.075867308509832920e-01
2.049343300552839697e-01 9.078955535326352910e-01
2.052412987464015126e-01 9.082036348755944122e-01
2.055475196522887626e-01 9.085109766719156044e-01
2.058529946347092132e-01 9.088175807185528976e-01
2.061577255593572411e-01 9.091234488172704742e-01
2.064617142958015406e-01 9.094285827745535178e-01
2.067649627174271976e-01 9.097329844015187295e-01
2.070674727013765981e-01 9.100366555138250657e-01
2.073692461284890043e-01 9.103395979315846986e-01
2.076702848832391035e-01 9.106418134792733099e-01
2.079705908536743919e-01 9.109433039856407177e-01
2.082701659313514753e-01 9.112440712836217260e-01
2.085690120112713708e-01 9.115441172102461964e-01
2.088671309918138652e-01 9.118434436065501192e-01
2.091645247746708458e-01 9.121420523174859074e-01
2.094611952647788267e-01 9.124399451918328019e-01
2.097571443702505589e-01 9.127371240821077203e-01
2.100523740023059471e-01 9.130335908444757731e-01
2.103468860752019942e-01 9.133293473386607797e-01
2.106406825061621635e-01 9.136243954278561175e-01
2.109337652153050469e-01 9.139187369786353488e-01
2.112261361255722836e-01 9.142123738608630701e-01
2.115177971626559517e-01 9.145053079476057611e-01
2.118087502549253487e-01 9.147975411150428560e-01
2.120989973333532175e-01 9.150890752423777030e-01
2.123885403314414722e-01 9.153799122117490805e-01
2.126773811851465079e-01 9.156700539081420454e-01
2.129655218328039279e-01 9.159595022192997815e-01
2.132529642150530480e-01 9.162482590356351153e-01
2.135397102747608467e-01 9.165363262501423636e-01
2.138257619569457757e-01 9.168237057583092930e-01
2.141111212087010440e-01 9.171103994580291907e-01
2.143957899791179289e-01 9.173964092495134892e-01
2.146797702192084489e-01 9.176817370352041703e-01
2.149630638818281481e-01 9.179663847196867232e-01
2.152456729215985742e-01 9.182503542096031035e-01
2.155275992948296193e-01 9.185336474135652463e-01
2.158088449594417202e-01 9.188162662420684690e-01
2.160894118748879489e-01 9.190982126074056513e-01
2.163693020020760471e-01 9.193794884235811926e-01
2.166485173032904610e-01 9.196600956062256360e-01
2.169270597421142921e-01 9.199400360725105141e-01
2.172049312833513046e-01 9.202193117410634171e-01
2.174821338929478487e-01 9.204979245318837267e-01
2.177586695379150894e-01 9.207758763662582391e-01
2.180345401862510135e-01 9.210531691666776766e-01
2.183097478068627417e-01 9.213298048567530873e-01
2.185842943694889240e-01 9.216057853611330231e-01
2.188581818446222460e-01 9.218811126054208271e-01
2.191314122034321299e-01 9.221557885160928114e-01
2.194039874176876015e-01 9.224298150204160995e-01
2.196759094596803796e-01 9.227031940463678028e-01
2.199471803021482708e-01 9.229759275225538628e-01
2.202178019181986468e-01 9.232480173781287824e-01
2.204877762812323394e-01 9.235194655427158006e-01
2.207571053648677561e-01 9.237902739463274004e-01
2.210257911428653299e-01 9.240604445192867056e-01
2.212938355890521902e-01 9.243299791921484321e-01
2.215612406772473897e-01 9.245988798956215060e-01
2.218280083811872139e-01 9.248671485604916809e-01
2.220941406744510183e-01 9.251347871175443771e-01
2.223596395303875095e-01 9.254017974974884098e-01
2.226245069220411932e-01 9.256681816308806043e-01
2.228887448220795153e-01 9.259339414480499686e-01
2.231523552027202262e-01 9.261990788790235296e-01
2.234153400356592434e-01 9.264635958534519489e-01
2.236777012919989593e-01 9.267274943005361365e-01
2.239394409421771315e-01 9.269907761489543097e-01
2.242005609558960222e-01 9.272534433267896059e-01
2.244610633020522050e-01 9.275154977614583629e-01
2.247209499486668427e-01 9.277769413796388420e-01
2.249802228628164369e-01 9.280377761072009513e-01
2.252388840105640500e-01 9.282980038691359681e-01
2.254969353568912205e-01 9.285576265894873726e-01
2.257543788656302397e-01 9.288166461912824579e-01
2.260112164993970663e-01 9.290750645964638288e-01
2.262674502195248238e-01 9.293328837258221231e-01
2.265230819859977152e-01 9.295901054989293977e-01
2.267781137573857686e-01 9.298467318340728482e-01
2.270325474907799457e-01 9.301027646481891953e-01
2.272863851417278314e-01 9.303582058568001800e-01
2.275396286641701016e-01 9.306130573739479495e-01
2.277922800103774348e-01 9.308673211121319957e-01
2.280443411308880897e-01 9.311209989822458732e-01
2.282958139744460657e-01 9.313740928935152485e-01
2.285467004879399300e-01 9.316266047534362826e-01
2.287970026163421711e-01 9.318785364677146799e-01
2.290467223026493582e-01 9.321298899402057359e-01
2.292958614878226886e-01 9.323806670728544965e-01
2.295444221107293958e-01 9.326308697656372493e-01
2.297924061080847125e-01 9.328804999165030143e-01
2.300398154143944163e-01 9.331295594213163680e-01
2.302866519618980978e-01 9.333780501738003776e-01
2.305329176805130942e-01 9.336259740654805350e-01
2.307786144977789777e-01 9.338733329856295784e-01
2.310237443388027667e-01 9.341201288212123144e-01
2.312683091262048851e-01 9.343663634568317722e-01
2.315123107800655944e-01 9.346120387746758018e-01
2.317557512178722023e-01 9.348571566544642275e-01
2.319986323544669105e-01 9.351017189733970003e-01
2.322409561019953550e-01 9.353457276061026837e-01
2.324827243698557311e-01 9.355891844245879385e-01
2.327239390646486938e-01 9.358320912981873407e-01
2.329646020901278425e-01 9.360744500935143098e-01
2.332047153471509260e-01 9.363162626744121475e-01
2.334442807336316039e-01 9.365575309019066319e-01
2.336833001444920677e-01 9.367982566341580553e-01
2.339217754716161057e-01 9.370384417264153720e-01
2.341597086038031128e-01 9.372780880309696805e-01
2.343971014267224040e-01 9.375171973971092587e-01
2.346339558228685285e-01 9.377557716710749336e-01
2.348702736715170547e-01 9.379938126960163380e-01
2.351060568486811331e-01 9.382313223119483903e-01
2.353413072270685302e-01 9.384683023557089943e-01
2.355760266760395794e-01 9.387047546609169624e-01
2.358102170615656024e-01 9.389406810579308260e-01
2.360438802461880814e-01 9.391760833738083125e-01
2.362770180889783855e-01 9.394109634322662661e-01
2.365096324454983023e-01 9.396453230536414569e-01
2.367417251677610690e-01 9.398791640548521675e-01
2.369732981041931530e-01 9.401124882493597790e-01
2.372043530995966432e-01 9.403452974471318004e-01
2.374348919951122239e-01 9.405775934546050099e-01
2.376649166281829262e-01 9.408093780746493717e-01
2.378944288325183787e-01 9.410406531065328428e-01
2.381234304380597244e-01 9.412714203458864004e-01
2.383519232709453428e-01 9.415016815846697362e-01
2.385799091534768768e-01 9.417314386111379498e-01
2.388073899040861203e-01 9.419606932098086860e-01
2.390343673373025446e-01 9.421894471614296052e-01
2.392608432637212401e-01 9.424177022429467421e-01
2.394868194899716363e-01 9.426454602274736416e-01
2.397122978186868592e-01 9.428727228842604946e-01
2.399372800484735613e-01 9.430994919786647168e-01
2.401617679738824451e-01 9.433257692721214172e-01
2.403857633853793141e-01 9.435515565221146428e-01
2.406092680693168451e-01 9.437768554821492906e-01
2.408322838079068606e-01 9.440016679017240175e-01
2.410548123791931285e-01 9.442259955263035964e-01
2.412768555570249107e-01 9.444498400972931584e-01
2.414984151110309285e-01 9.446732033520121030e-01
2.417194928065940218e-01 9.448960870236688958e-01
2.419400904048262801e-01 9.451184928413366437e-01
2.421602096625448675e-01 9.453404225299285590e-01
2.423798523322482079e-01 9.455618778101749777e-01
2.425990201620929765e-01 9.457828603985998228e-01
2.428177148958713949e-01 9.460033720074983998e-01
2.430359382729893047e-01 9.462234143449155255e-01
2.432536920284445736e-01 9.464429891146241003e-01
2.434709778928061952e-01 9.466620980161041254e-01
2.436877975921939166e-01 9.468807427445226077e-01
2.439041528482582266e-01 9.470989249907135754e-01
2.441200453781610380e-01 9.473166464411587606e-01
2.443354768945568967e-01 9.475339087779689473e-01
2.445504491055745799e-01 9.477507136788657638e-01
2.447649637147992774e-01 9.479670628171635860e-01
2.449790224212552991e-01 9.481829578617525511e-01
2.451926269193892283e-01 9.483984004770816822e-01
2.454057788990536282e-01 9.486133923231426790e-01
2.456184800454911665e-01 9.488279350554538194e-01
2.458307320393192941e-01 9.490420303250449718e-01
2.460425365565153955e-01 9.492556797784424960e-01
2.462538952684023563e-01 9.494688850576548100e-01
2.464648098416346855e-01 9.496816478001587347e-01
2.466752819381849982e-01 9.498939696388856158e-01
2.468853132153311092e-01 9.501058522022085562e-01
2.470949053256434047e-01 9.503172971139298708e-01
2.473040599169728515e-01 9.505283059932687628e-01
2.475127786324392287e-01 9.507388804548496664e-01
2.477210631104200811e-01 9.509490221086910333e-01
2.479289149845398388e-01 9.511587325601945642e-01
2.481363358836594923e-01 9.513680134101344388e-01
2.483433274318667949e-01 9.515768662546477685e-01
2.485498912484666034e-01 9.517852926852247153e-01
2.487560289479720244e-01 9.519932942886993876e-01
2.489617421400955599e-01 9.522008726472410700e-01
2.491670324297409755e-01 9.524080293383458962e-01
2.493719014169954173e-01 9.526147659348288554e-01
2.495763506971219736e-01 9.528210840048159103e-01
2.497803818605526249e-01 9.530269851117372237e-01
2.499839964928815272e-01 9.532324708143201653e-01
2.501871961748587947e-01 9.534375426665827602e-01
2.503899824823845321e-01 9.536422022178275837e-01
2.505923569865032841e-01 9.538464510126362095e-01
2.507943212533990107e-01 9.540502905908638809e-01
2.509958768443900645e-01 9.542537224876340707e-01
2.511970253159249156e-01 9.544567482333344843e-01
2.513977682195779884e-01 9.546593693536122860e-01
2.515981071020459425e-01 9.548615873693703238e-01
2.517980435051442867e-01 9.550634037967633549e-01
2.519975789658042142e-01 9.552648201471950484e-01
2.521967150160701054e-01 9.554658379273145430e-01
2.523954531830969183e-01 9.556664586390144489e-01
2.525937949891481904e-01 9.558666837794279614e-01
2.527917419515943731e-01 9.560665148409271952e-01
2.529892955829113332e-01 9.562659533111214083e-01
2.531864573906792426e-01 9.564650006728555587e-01
2.533832288775818009e-01 9.566636584042091940e-01
2.535796115414057361e-01 9.568619279784958964e-01
2.537756068750405825e-01 9.570598108642626167e-01
2.539712163664788469e-01 9.572573085252894520e-01
2.541664414988162313e-01 9.574544224205897569e-01
2.543612837502525759e-01 9.576511540044106985e-01
2.545557445940925256e-01 9.578475047262335895e-01
2.547498254987470290e-01 9.580434760307751096e-01
2.549435279277346145e-01 9.582390693579883045e-01
2.551368533396832783e-01 9.584342861430640292e-01
2.553298031883325936e-01 9.586291278164328356e-01
2.555223789225359310e-01 9.588235958037667483e-01
2.557145819862630121e-01 9.590176915259817081e-01
2.559064138186027959e-01 9.592114163992397913e-01
2.560978758537665323e-01 9.594047718349520970e-01
2.562889695210909813e-01 9.595977592397816336e-01
2.564796962450420770e-01 9.597903800156465381e-01
2.566700574452187578e-01 9.599826355597236294e-01
2.568600545363567966e-01 9.601745272644518492e-01
2.570496889283332975e-01 9.603660565175362596e-01
2.572389620261709697e-01 9.605572247019521503e-01
2.574278752300430129e-01 9.607480331959494801e-01
2.576164299352778353e-01 9.609384833730570952e-01
2.578046275323644942e-01 9.611285766020878363e-01
2.579924694069577473e-01 9.613183142471433129e-01
2.581799569398837146e-01 9.615076976676191212e-01
2.583670915071457630e-01 9.616967282182101728e-01
2.585538744799302791e-01 9.618854072489163576e-01
2.587403072246128866e-01 9.620737361050480940e-01
2.589263911027649412e-01 9.622617161272325470e-01
2.591121274711599143e-01 9.624493486514195117e-01
2.592975176817801097e-01 9.626366350088879642e-01
2.594825630818237139e-01 9.628235765262523893e-01
2.596672650137117899e-01 9.630101745254694423e-01
2.598516248150956054e-01 9.631964303238450542e-01
2.600356438188640151e-01 9.633823452340410931e-01
2.602193233531510663e-01 9.635679205640829137e-01
2.604026647413438811e-01 9.637531576173663517e-01
2.605856693020905390e-01 9.639380576926653843e-01
2.607683383493081264e-01 9.641226220841400130e-01
2.609506731921910627e-01 9.643068520813438127e-01
2.611326751352195386e-01 9.644907489692320368e-01
2.613143454781680641e-01 9.646743140281697215e-01
2.614956855161141291e-01 9.648575485339397906e-01
2.616766965394470845e-01 9.650404537577519370e-01
2.618573798338771907e-01 9.652230309662506169e-01
2.620377366804447772e-01 9.654052814215241529e-01
2.622177683555294014e-01 9.655872063811135053e-01
2.623974761308594528e-01 9.657688070980209316e-01
2.625768612735214780e-01 9.659500848207195345e-01
2.627559250459700069e-01 9.661310407931620325e-01
2.629346687060372667e-01 9.663116762547905303e-01
2.631130935069431742e-01 9.664919924405456220e-01
2.632912006973053276e-01 9.666719905808762725e-01
2.634689915211491651e-01 9.668516719017492544e-01
2.636464672179182900e-01 9.670310376246590289e-01
2.638236290224846847e-01 9.672100889666379597e-01
2.640004781651594246e-01 9.673888271402658612e-01
2.641770158717032246e-01 9.675672533536805453e-01
2.643532433633369871e-01 9.677453688105878138e-01
2.645291618567527370e-01 9.679231747102718941e-01
2.647047725641245575e-01 9.681006722476058757e-01
2.648800766931195261e-01 9.682778626130622568e-01
2.650550754469088166e-01 9.684547469927236030e-01
2.652297700241789125e-01 9.686313265682932050e-01
2.654041616191428754e-01 9.688076025171059591e-01
2.655782514215517254e-01 9.689835760121391361e-01
2.657520406167058757e-01 9.691592482220234839e-01
2.659255303854666797e-01 9.693346203110543291e-01
2.660987219042680318e-01 9.695096934392026800e-01
2.662716163451280815e-01 9.696844687621264391e-01
2.664442148756610562e-01 9.698589474311817282e-01
2.666165186590889746e-01 9.700331305934343229e-01
2.667885288542537481e-01 9.702070193916708662e-01
2.669602466156290044e-01 9.703806149644107482e-01
2.671316730933322448e-01 9.705539184459173185e-01
2.673028094331370008e-01 9.707269309662099888e-01
2.674736567764848805e-01 9.708996536510755559e-01
2.676442162604979469e-01 9.710720876220801934e-01
2.678144890179910975e-01 9.712442339965812188e-01
2.679844761774842210e-01 9.714160938877390850e-01
2.681541788632147982e-01 9.715876684045292588e-01
2.683235981951503368e-01 9.717589586517543232e-01
2.684927352890009722e-01 9.719299657300559669e-01
2.686615912562319020e-01 9.721006907359270865e-01
2.688301672040762647e-01 9.722711347617239985e-01
2.689984642355475741e-01 9.724412988956788739e-01
2.691664834494526537e-01 9.726111842219116177e-01
2.693342259404042927e-01 9.727807918204425253e-01
2.695016927988341804e-01 9.729501227672043839e-01
2.696688851110056739e-01 9.731191781340551294e-01
2.698358039590267321e-01 9.732879589887899474e-01
2.700024504208628495e-01 9.734564663951541519e-01
2.701688255703501573e-01 9.736247014128553978e-01
2.703349304772081907e-01 9.737926650975764487e-01
2.705007662070532670e-01 9.739603585009876108e-01
2.706663338214111980e-01 9.741277826707593901e-01
2.708316343777307234e-01 9.742949386505751486e-01
2.709966689293964448e-01 9.744618274801438718e-01
2.711614385257421489e-01 9.746284501952127144e-01
2.713259442120638520e-01 9.747948078275799899e-01
2.714901870296331232e-01 9.749609014051076050e-01
2.716541680157102401e-01 9.751267319517341603e-01
2.718178882035576227e-01 9.752923004874876067e-01
2.719813486224529897e-01 9.754576080284980133e-01
2.721445502977026254e-01 9.756226555870106676e-01
2.723074942506548135e-01 9.757874441713987324e-01
2.724701814987131598e-01 9.759519747861762351e-01
2.726326130553499150e-01 9.761162484320108357e-01
2.727947899301192969e-01 9.762802661057370379e-01
2.729567131286710913e-01 9.764440288003688462e-01
2.731183836527637521e-01 9.766075375051128660e-01
2.732798025002781128e-01 9.767707932053811826e-01
2.734409706652305427e-01 9.769337968828045726e-01
2.736018891377866025e-01 9.770965495152452718e-01
2.737625589042743113e-01 9.772590520768098532e-01
2.739229809471976917e-01 9.774213055378625503e-01
2.740831562452501480e-01 9.775833108650381353e-01
2.742430857733280658e-01 9.777450690212549089e-01
2.744027705025440245e-01 9.779065809657276898e-01
2.745622114002405079e-01 9.780678476539809152e-01
2.747214094300032827e-01 9.782288700378617419e-01
2.748803655516747768e-01 9.783896490655529243e-01
2.750390807213676236e-01 9.785501856815859156e-01
2.751975558914781517e-01 9.787104808268538569e-01
2.753557920106998180e-01 9.788705354386246782e-01
2.755137900240365867e-01 9.790303504505543097e-01
2.756715508728165287e-01 9.791899267926992279e-01
2.758290754947051449e-01 9.793492653915298884e-01
2.759863648237189104e-01 9.795083671699436056e-01
2.761434197902386534e-01 9.796672330472777634e-01
2.763002413210229324e-01 9.798258639393223612e-01
2.764568303392215820e-01 9.799842607583335585e-01
2.766131877643890902e-01 9.801424244130463315e-01
2.767693145124979770e-01 9.803003558086875735e-01
2.769252114959521172e-01 9.804580558469890850e-01
2.770808796236001736e-01 9.806155254262004517e-01
2.772363198007490870e-01 9.807727654411020346e-01
2.773915329291772869e-01 9.809297767830181813e-01
2.775465199071480704e-01 9.810865603398297718e-01
2.777012816294229247e-01 9.812431169959873190e-01
2.778558189872749051e-01 9.813994476325239580e-01
2.780101328685018469e-01 9.815555531270682144e-01
2.781642241574397434e-01 9.817114343538568821e-01
2.783180937349758466e-01 9.818670921837480137e-01
2.784717424785621565e-01 9.820225274842336871e-01
2.786251712622284105e-01 9.821777411194527740e-01
2.787783809565954618e-01 9.823327339502040401e-01
2.789313724288883800e-01 9.824875068339584683e-01
2.790841465429497181e-01 9.826420606248725820e-01
2.792367041592525578e-01 9.827963961738008791e-01
2.793890461349137766e-01 9.829505143283084889e-01
2.795411733237069263e-01 9.831044159326842724e-01
2.796930865760755558e-01 9.832581018279531460e-01
2.798447867391461452e-01 9.834115728518889599e-01
2.799962746567412619e-01 9.835648298390271549e-01
2.801475511693924392e-01 9.837178736206773078e-01
2.802986171143532768e-01 9.838707050249360098e-01
2.804494733256123196e-01 9.840233248766990792e-01
2.806001206339061027e-01 9.841757339976743291e-01
2.807505598667320856e-01 9.843279332063942233e-01
2.809007918483613087e-01 9.844799233182282006e-01
2.810508173998516046e-01 9.846317051453953306e-01
2.812006373390601999e-01 9.847832794969765269e-01
2.813502524806565375e-01 9.849346471789274249e-01
2.814996636361352667e-01 9.850858089940903728e-01
2.816488716138287329e-01 9.852367657422070879e-01
2.817978772189198566e-01 9.853875182199309801e-01
2.819466812534548450e-01 9.855380672208393644e-01
2.820952845163558487e-01 9.856884135354460064e-01
2.822436878034334518e-01 9.858385579512132235e-01
2.823918919073994949e-01 9.859885012525642090e-01
2.825398976178795651e-01 9.861382442208951327e-01
2.826877057214255973e-01 9.862877876345876871e-01
2.828353170015282525e-01 9.864371322690207444e-01
2.829827322386295196e-01 9.865862788965831243e-01
2.831299522101352051e-01 9.867352282866850288e-01
2.832769776904273118e-01 9.868839812057706995e-01
2.834238094508763628e-01 9.870325384173300742e-01
2.835704482598538356e-01 9.871809006819111110e-01
2.837168948827445414e-01 9.873290687571315560e-01
2.838631500819587816e-01 9.874770433976909345e-01
2.840092146169447274e-01 9.876248253553824297e-01
2.841550892442005760e-01 9.877724153791050954e-01
2.843007747172867639e-01 9.879198142148754025e-01
2.844462717868381785e-01 9.880670226058391181e-01
2.845915812005761492e-01 9.882140412922830741e-01
2.847367037033207149e-01 9.883608710116471574e-01
2.848816400370025592e-01 9.885075124985357453e-01
2.850263909406750562e-01 9.886539664847294739e-01
2.851709571505262053e-01 9.888002336991972285e-01
2.853153393998907328e-01 9.889463148681072457e-01
2.854595384192618601e-01 9.890922107148391040e-01
2.856035549363032389e-01 9.892379219599950479e-01
2.857473896758607745e-01 9.893834493214118675e-01
2.858910433599744505e-01 9.895287935141718894e-01
2.860345167078900963e-01 9.896739552506147453e-01
2.861778104360711561e-01 9.898189352403488073e-01
2.863209252582102904e-01 9.899637341902626231e-01
2.864638618852411445e-01 9.901083528045359072e-01
2.866066210253498392e-01 9.902527917846513095e-01
2.867492033839867394e-01 9.903970518294054060e-01
2.868916096638777780e-01 9.905411336349201346e-01
2.870338405650362246e-01 9.906850378946538971e-01
2.871758967847739541e-01 9.908287652994126615e-01
2.873177790177129931e-01 9.909723165373612863e-01
2.874594879557968441e-01 9.911156922940345115e-01
2.876010242883018653e-01 9.912588932523480612e-01
2.877423887018486504e-01 9.914019200926095232e-01
2.878835818804132418e-01 9.915447734925297851e-01
2.880246045053384552e-01 9.916874541272333587e-01
2.881654572553450366e-01 9.918299626692699267e-01
2.883061408065427655e-01 9.919722997886246674e-01
2.884466558324417229e-01 9.921144661527295794e-01
2.885870030039632828e-01 9.922564624264739175e-01
2.887271829894512143e-01 9.923982892722151838e-01
2.888671964546827287e-01 9.925399473497898972e-01
2.890070440628793591e-01 9.926814373165241401e-01
2.891467264747179522e-01 9.928227598272443277e-01
2.892862443483416035e-01 9.929639155342876444e-01
2.894255983393704268e-01 9.931049050875129236e-01
2.895647891009124897e-01 9.932457291343110839e-01
2.897038172835745273e-01 9.933863883196154543e-01
2.898426835354726006e-01 9.935268832859125432e-01
2.899813885022430315e-01 9.936672146732523636e-01
2.901199328270528399e-01 9.938073831192586471e-01
2.902583171506105120e-01 9.939473892591395021e-01
2.903965421111764922e-01 9.940872337256975166e-01
2.905346083445737859e-01 9.942269171493403057e-01
2.906725164841984510e-01 9.943664401580902812e-01
2.908102671610300893e-01 9.945058033775955320e-01
2.909478610036422830e-01 9.946450074311393719e-01
2.910852986382128638e-01 9.947840529396507758e-01
2.912225806885344603e-01 9.949229405217145938e-01
2.913597077760246012e-01 9.950616707935813210e-01
2.914966805197362065e-01 9.952002443691772005e-01
2.916334995363676907e-01 9.953386618601144376e-01
2.917701654402730660e-01 9.954769238757009697e-01
2.919066788434723780e-01 9.956150310229502365e-01
2.920430403556614762e-01 9.957529839065912824e-01
2.921792505842223941e-01 9.958907831290785273e-01
2.923153101342331750e-01 9.960284292906014247e-01
2.924512196084779747e-01 9.961659229890944545e-01
2.925869796074569984e-01 9.963032648202465591e-01
2.927225907293964369e-01 9.964404553775112472e-01
2.928580535702582921e-01 9.965774952521156971e-01
2.929933687237502027e-01 9.967143850330708599e-01
2.931285367813354359e-01 9.968511253071806744e-01
2.932635583322423245e-01 9.969877166590518369e-01
2.933984339634743144e-01 9.971241596711031274e-01
2.935331642598194568e-01 9.972604549235749571e-01
2.936677498038600675e-01 9.973966029945386946e-01
2.938021911759824412e-01 9.975326044599062136e-01
2.939364889543862880e-01 9.976684598934389969e-01
2.940706437150943375e-01 9.978041698667577952e-01
2.942046560319618309e-01 9.979397349493513980e-01
2.943385264766859577e-01 9.980751557085864034e-01
2.944722556188152374e-01 9.982104327097161001e-01
2.946058440257589006e-01 9.983455665158894599e-01
2.947392922627962708e-01 9.984805576881607969e-01
2.948726008930860898e-01 9.986154067854983163e-01
2.950057704776756218e-01 9.987501143647933288e-01
2.951388015755100347e-01 9.988846809808694660e-01
2.952716947434415040e-01 9.990191071864914507e-01
2.954044505362383721e-01 9.991533935323739790e-01
2.955370695065941966e-01 9.992875405671907130e-01
2.956695522051369651e-01 9.994215488375831624e-01
2.958018991804379771e-01 9.995554188881694557e-01
2.959341109790208924e-01 9.996891512615531106e-01
2.960661881453706679e-01 9.998227464983319157e-01
2.961981312219424956e-01 9.999562051371064797e-01
2.963299407491706838e-01 1.000089527714488780e+00
