2.020202020202020166e-01 2.020202020202020166e-01
2.020852687180909601e-01 2.082462220822632326e-01
2.021499678264662425e-01 2.144784823054135536e-01
2.022143288637871239e-01 2.207126437967058541e-01
2.022785683664392875e-01 2.269449260543300873e-01
2.023426456378167315e-01 2.331723267399556931e-01
2.024063373771594898e-01 2.393915859817269121e-01
2.024695012170888986e-01 2.455987598105529024e-01
2.025321067676977838e-01 2.517896432610526869e-01
2.025941055855656758e-01 2.579601014962430439e-01
2.026553864815607287e-01 2.641059433998273476e-01
2.027158322553626046e-01 2.702227417773313545e-01
2.027753527419644819e-01 2.763058709739614760e-01
2.028338633990766637e-01 2.823506133493128845e-01
2.028912668396736785e-01 2.883521768826778908e-01
2.029474608445628325e-01 2.943056694488869751e-01
2.030023485451074583e-01 3.002061101001973209e-01
2.030558367499461225e-01 3.060484673949660506e-01
2.031078319938430243e-01 3.118276874374849572e-01
2.031582416315969031e-01 3.175387114763803531e-01
2.032069764647400079e-01 3.231764989755836481e-01
2.032539513768266692e-01 3.287360577132345529e-01
2.032990851298699664e-01 3.342124741506535268e-01
2.033423008943076038e-01 3.396009423462166277e-01
2.033835271777859055e-01 3.448967935226372461e-01
2.034226984677073025e-01 3.500955267392558135e-01
2.034597556323127221e-01 3.551928393841461418e-01
2.034946463414514795e-01 3.601846565969386571e-01
2.035273255105780055e-01 3.650671594186794544e-01
2.035577556567761959e-01 3.698368114018427133e-01
2.035859071382646879e-01 3.744903831565103980e-01
2.036117583058676406e-01 3.790249743099836088e-01
2.036352955773487183e-01 3.834380324884223978e-01
2.036565134231943519e-01 3.877273690086023850e-01
2.036754142569440762e-01 3.918911710059685971e-01
2.036920082341835692e-01 3.959280097835813361e-01
2.037063129683736595e-01 3.998368452530373651e-01
2.037183531707630335e-01 4.036170264308903688e-01
2.037281602223388333e-01 4.072682880414281170e-01
2.037357716869463153e-01 4.107907433579812140e-01
2.037412307769440045e-01 4.141848734920057784e-01
2.037445857831654827e-01 4.174515134085420853e-01
2.037458894808906185e-01 4.205918350051249255e-01
2.037451985235433083e-01 4.236073276370623253e-01
2.037425728348773724e-01 4.264997765035389299e-01
2.037380750097856907e-01 4.292712393272902771e-01
2.037317697328832888e-01 4.319240217653321778e-01
2.037237232225105610e-01 4.344606519806550327e-01
2.037140027065631187e-01 4.368838547867570088e-01
2.037026759352167093e-01 4.391965257492690400e-01
2.036898107340708863e-01 4.414017055945953505e-01
2.036754746001266936e-01 4.435025552359072032e-01
2.036597343416070849e-01 4.455023316839100689e-01
2.036426557617781186e-01 4.474043650659043636e-01
2.036243033859206630e-01 4.492120369322177842e-01
2.036047402298489239e-01 4.509287599871603658e-01
2.035840276078897115e-01 4.525579593409879142e-01
2.035622249775864145e-01 4.541030553433135220e-01
2.035393898184519323e-01 4.555674480249404246e-01
2.035155775414782264e-01 4.569545031467497354e-01
2.034908414264252896e-01 4.582675398295560365e-01
2.034652325837377762e-01 4.595098197183918876e-01
2.034387999379691780e-01 4.606845376185708663e-01
2.034115902298955780e-01 4.617948135277565869e-01
2.033836480345698472e-01 4.628436859793963465e-01
2.033550157928182833e-01 4.638341066063058626e-01
2.033257338538202452e-01 4.647689358295708506e-01
2.032958405266668822e-01 4.656509395764984460e-01
2.032653721392052859e-01 4.664827869318607378e-01
2.032343631022567876e-01 4.672670486283562186e-01
2.032028459780139684e-01 4.680061962857683389e-01
2.031708515511977398e-01 4.687026023120047791e-01
2.031384089019921402e-01 4.693585403841322723e-01
2.031055454798238735e-01 4.699761864327902661e-01
2.030722871772007443e-01 4.705576200586562008e-01
2.030386584029837960e-01 4.711048263154181126e-01
2.030046821546181435e-01 4.716196977993027950e-01
2.029703800888324194e-01 4.721040369905716849e-01
2.029357725905144016e-01 4.725595587979879442e-01
2.029008788395217644e-01 4.729878932620767418e-01
2.028657168751829554e-01 4.733905883781118207e-01
2.028303036584712116e-01 4.737691130040898591e-01
2.027946551315900625e-01 4.741248598232978839e-01
2.027587862750808712e-01 4.744591483348856165e-01
2.027227111623561562e-01 4.747732278494991576e-01
2.026864430116530891e-01 4.750682804702153206e-01
2.026499942355087791e-01 4.753454240421043919e-01
2.026133764877561805e-01 4.756057150561115998e-01
2.025766007080800346e-01 4.758501514958057288e-01
2.025396771642452298e-01 4.760796756171145061e-01
2.025026154920591404e-01 4.762951766534802567e-01
2.024654247332039469e-01 4.764974934403951590e-01
2.024281133708801250e-01 4.766874169545473050e-01
2.023906893635470938e-01 4.768656927644615573e-01
2.023531601766843657e-01 4.770330233902326800e-01
2.023155328127526076e-01 4.771900705712051050e-01
2.022778138394113745e-01 4.773374574410304549e-01
2.022400094161261874e-01 4.774757706104564847e-01
2.022021253191439161e-01 4.776055621585661992e-01
2.021641669650530715e-01 4.777273515338040233e-01
2.021261394328858485e-01 4.778416273666071801e-01
2.020880474849822972e-01 4.779488491954581031e-01
2.020498955864910573e-01 4.780494491089039566e-01
2.020116879237743024e-01 4.781438333058712908e-01
2.019734284216547215e-01 4.782323835770236342e-01
2.019351207596655762e-01 4.783154587098721322e-01
2.018967683872135710e-01 4.783933958206021408e-01
2.018583745379421979e-01 4.784665116152714837e-01
2.018199422431022627e-01 4.785351035835911371e-01
2.017814743441696534e-01 4.785994511278666153e-01
2.017429735046498696e-01 4.786598166302193924e-01
2.017044422211840826e-01 4.787164464607432390e-01
2.016658828339452647e-01 4.787695719294702834e-01
2.016272975363979370e-01 4.788194101847875750e-01
2.015886883844613675e-01 4.788661650609518095e-01
2.015500573051154376e-01 4.789100278772945307e-01
2.015114061044316895e-01 4.789511781914541078e-01
2.014727364751310312e-01 4.789897845092475070e-01
2.014340500036946868e-01 4.790260049531622211e-01
2.013953481770003051e-01 4.790599878919299948e-01
2.013566323885344067e-01 4.790918725331543837e-01
2.013179039442641871e-01 4.791217894810027578e-01
2.012791640681078076e-01 4.791498612609583208e-01
2.012404139070621822e-01 4.791762028133458862e-01
2.012016545360421349e-01 4.792009219575297241e-01
2.011628869623679483e-01 4.792241198283102577e-01
2.011241121300151036e-01 4.792458912861814468e-01
2.010853309235963726e-01 4.792663253028972559e-01
2.010465441720584723e-01 4.792855053237780605e-01
2.010077526521778790e-01 4.793035096081673663e-01
2.009689570918654078e-01 4.793204115492011863e-01
2.009301581731696429e-01 4.793362799742054148e-01
2.008913565352052066e-01 4.793511794268080495e-01
2.008525527768020569e-01 4.793651704318246942e-01
2.008137474590700189e-01 4.793783097439930918e-01
2.007749411077541513e-01 4.793906505815103691e-01
2.007361342154505568e-01 4.794022428452383022e-01
2.006973272436687050e-01 4.794131333244753823e-01
2.006585206248170938e-01 4.794233658900601824e-01
2.006197147639920408e-01 4.794329816756469631e-01
2.005809100407240919e-01 4.794420192477678588e-01
2.005421068105626148e-01 4.794505147654516963e-01
2.005033054065883669e-01 4.794585021299552774e-01
2.004645061408203699e-01 4.794660131252967417e-01
2.004257093055472339e-01 4.794730775500331554e-01
2.003869151745305000e-01 4.794797233409388015e-01
2.003481240042282452e-01 4.794859766890142150e-01
2.003093360348327523e-01 4.794918621482739951e-01
2.002705514913134255e-01 4.794974027378247627e-01
2.002317705843609241e-01 4.795026200376020786e-01
2.001929935112914671e-01 4.795075342781395245e-01
2.001542204568796945e-01 4.795121644247923309e-01
2.001154515941471201e-01 4.795165282566872245e-01
2.000766870851213575e-01 4.795206424408174906e-01
2.000379270815075272e-01 4.795245226014661633e-01
1.999991717253196133e-01 4.795281833853484721e-01
1.999604211495061290e-01 4.795316385226811584e-01
1.999216754785383410e-01 4.795349008844590477e-01
1.998829348289190844e-01 4.795379825361529846e-01
1.998441993096868874e-01 4.795408947880491213e-01
1.998054690228783237e-01 4.795436482424735858e-01
1.997667440639976644e-01 4.795462528380519673e-01
1.997280245223887751e-01 4.795487178912347659e-01
1.996893104816286346e-01 4.795510521351823430e-01
1.996506020199354525e-01 4.795532637562497369e-01
1.996118992104384537e-01 4.795553604282314364e-01
1.995732021215432805e-01 4.795573493443788249e-01
1.995345108172089654e-01 4.795592372475104836e-01
1.994958253572279849e-01 4.795610304581686689e-01
1.994571457975040096e-01 4.795627349010674889e-01
1.994184721902807489e-01 4.795643561298596480e-01
1.993798045843740430e-01 4.795658993503599254e-01
1.993411430253964889e-01 4.795673694423088218e-01
1.993024875559420706e-01 4.795687709798098219e-01
1.992638382157870813e-01 4.795701082504504886e-01
1.992251950420592110e-01 4.795713852732373939e-01
1.991865580694412996e-01 4.795726058154153315e-01
1.991479273302529107e-01 4.795737734082321513e-01
1.991093028546710442e-01 4.795748913617242648e-01
1.990706846708094335e-01 4.795759627785572410e-01
1.990320728048791399e-01 4.795769905670140276e-01
1.989934672813136740e-01 4.795779774531948036e-01
1.989548681228522631e-01 4.795789259923770032e-01
1.989162753506800996e-01 4.795798385797610530e-01
1.988776889844841578e-01 4.795807174604593270e-01
1.988391090425964680e-01 4.795815647389506386e-01
1.988005355420378872e-01 4.795823823878336278e-01
1.987619684986282609e-01 4.795831722561014199e-01
1.987234079270418785e-01 4.795839360769171833e-01
1.986848538408885201e-01 4.795846754748162577e-01
1.986463062527804857e-01 4.795853919725691639e-01
1.986077651744101447e-01 4.795860869975195895e-01
1.985692306165630638e-01 4.795867618875728211e-01
1.985307025892295019e-01 4.795874178967907131e-01
1.984921811016267523e-01 4.795880562006737402e-01
1.984536661622487430e-01 4.795886779010363754e-01
1.984151577788987597e-01 4.795892840306681948e-01
1.983766559587615830e-01 4.795898755576341599e-01
1.983381607084315490e-01 4.795904533893369792e-01
1.982996720339333940e-01 4.795910183763160695e-01
1.982611899407881739e-01 4.795915713158112048e-01
1.982227144340020786e-01 4.795921129551068973e-01
1.981842455181646867e-01 4.795926439946560649e-01
1.981457831974021144e-01 4.795931650910133515e-01
1.981073274754454328e-01 4.795936768596100741e-01
1.980688783556538990e-01 4.795941798772870301e-01
1.980304358410399368e-01 4.795946746847474240e-01
1.979919999342753811e-01 4.795951617888011276e-01
1.979535706377314186e-01 4.795956416645055231e-01
1.979151479534858871e-01 4.795961147571555228e-01
1.978767318833306033e-01 4.795965814841289809e-01
1.978383224288247366e-01 4.795970422366480079e-01
1.977999195912854835e-01 4.795974973814428610e-01
1.977615233717920085e-01 4.795979472622241557e-01
1.977231337712120618e-01 4.795983922011912703e-01
1.976847507902463608e-01 4.795988325003455732e-01
1.976463744293756875e-01 4.795992684427505814e-01
1.976080046889410469e-01 4.795997002937569809e-01
1.975696415690908481e-01 4.796001283020689954e-01
1.975312850698598965e-01 4.796005527008150859e-01
1.974929351911079434e-01 4.796009737085175084e-01
1.974545919325775833e-01 4.796013915299827679e-01
1.974162552938773518e-01 4.796018063572202172e-01
1.973779252745105350e-01 4.796022183701836861e-01
1.973396018738683144e-01 4.796026277375596836e-01
1.973012850912432004e-01 4.796030346174514070e-01
1.972629749258245913e-01 4.796034391580766831e-01
1.972246713767022430e-01 4.796038414983493925e-01
1.971863744429187271e-01 4.796042417684867609e-01
1.971480841234039272e-01 4.796046400905561446e-01
1.971098004170261375e-01 4.796050365789534253e-01
1.970715233225815433e-01 4.796054313409440772e-01
1.970332528387970239e-01 4.796058244770395329e-01
1.969949889643594076e-01 4.796062160814746345e-01
1.969567316978879934e-01 4.796066062425695664e-01
1.969184810379496775e-01 4.796069950431135487e-01
1.968802369830429111e-01 4.796073825607249375e-01
1.968419995316529336e-01 4.796077688681369966e-01
1.968037686822003141e-01 4.796081540335373483e-01
1.967655444330680403e-01 4.796085381208554654e-01
1.967273267826107064e-01 4.796089211899962068e-01
1.966891157291329462e-01 4.796093032971298076e-01
1.966509112709203255e-01 4.796096844949061522e-01
1.966127134062113924e-01 4.796100648326727667e-01
1.965745221332289849e-01 4.796104443566844289e-01
1.965363374501805094e-01 4.796108231103111130e-01
1.964981593552179995e-01 4.796112011341965298e-01
1.964599878464862170e-01 4.796115784664478077e-01
1.964218229221056655e-01 4.796119551427873717e-01
1.963836645801791958e-01 4.796123311966979941e-01
1.963455128187900356e-01 4.796127066595742838e-01
1.963073676360117537e-01 4.796130815608339315e-01
1.962692290298652387e-01 4.796134559280660348e-01
1.962310969983908637e-01 4.796138297871298528e-01
1.961929715396179275e-01 4.796142031622576130e-01
1.961548526515408120e-01 4.796145760761725829e-01
1.961167403321465441e-01 4.796149485501998155e-01
1.960786345794101604e-01 4.796153206042973460e-01
1.960405353913116100e-01 4.796156922571995773e-01
1.960024427657942603e-01 4.796160635264555827e-01
1.959643567008116094e-01 4.796164344285180348e-01
1.959262771943139914e-01 4.796168049788159804e-01
1.958882042442034455e-01 4.796171751918201775e-01
1.958501378484313049e-01 4.796175450810976626e-01
1.958120780049006360e-01 4.796179146593586573e-01
1.957740247115120347e-01 4.796182839385283447e-01
1.957359779661823895e-01 4.796186529297824519e-01
1.956979377668042752e-01 4.796190216435979869e-01
1.956599041112646875e-01 4.796193900898182982e-01
1.956218769974521487e-01 4.796197582776486890e-01
1.955838564232528776e-01 4.796201262157261946e-01
1.955458423865469031e-01 4.796204939121617716e-01
1.955078348851988779e-01 4.796208613745496230e-01
1.954698339170893306e-01 4.796212286100267064e-01
1.954318394800725889e-01 4.796215956252732338e-01
1.953938515720332614e-01 4.796219624265548043e-01
1.953558701908132411e-01 4.796223290197494382e-01
1.953178953342952773e-01 4.796226954103725015e-01
1.952799270003187648e-01 4.796230616035955796e-01
1.952419651867404460e-01 4.796234276042681821e-01
1.952040098914167021e-01 4.796237934169427231e-01
1.951660611122033595e-01 4.796241590458928394e-01
1.951281188469519146e-01 4.796245244951217179e-01
1.950901830935059811e-01 4.796248897683827450e-01
1.950522538497196923e-01 4.796252548691966044e-01
1.950143311134299173e-01 4.796256198008782001e-01
1.949764148824838783e-01 4.796259845665307164e-01
1.949385051547401493e-01 4.796263491690717085e-01
1.949006019280400404e-01 4.796267136112317142e-01
1.948627052002238902e-01 4.796270778955795677e-01
1.948248149691235720e-01 4.796274420245239534e-01
1.947869312325933022e-01 4.796278060003285049e-01
1.947490539884778049e-01 4.796281698251200210e-01
1.947111832346170024e-01 4.796285335008929063e-01
1.946733189688605592e-01 4.796288970295168319e-01
1.946354611890421527e-01 4.796292604127459502e-01
1.945976098930094766e-01 4.796296236522314960e-01
1.945597650786056454e-01 4.796299867495387725e-01
1.945219267436761601e-01 4.796303497061292220e-01
1.944840948860558916e-01 4.796307125233560398e-01
1.944462695035958089e-01 4.796310752025247370e-01
1.944084505941390539e-01 4.796314377448342992e-01
1.943706381555266038e-01 4.796318001514269791e-01
1.943328321856105378e-01 4.796321624233854108e-01
1.942950326822310281e-01 4.796325245617009680e-01
1.942572396432232229e-01 4.796328865673322173e-01
1.942194530664454188e-01 4.796332484411657826e-01
1.941816729497509997e-01 4.796336101840493749e-01
1.941438992909604311e-01 4.796339717967625926e-01
1.941061320879523544e-01 4.796343332800582782e-01
1.940683713385470133e-01 4.796346946346347617e-01
1.940306170406113917e-01 4.796350558611586212e-01
1.939928691920002057e-01 4.796354169602510820e-01
1.939551277905512683e-01 4.796357779324937343e-01
1.939173928341204334e-01 4.796361387784484620e-01
1.938796643205636105e-01 4.796364994986485053e-01
1.938419422477231091e-01 4.796368600935771997e-01
1.938042266134656355e-01 4.796372205636960651e-01
1.937665174156354697e-01 4.796375809094569065e-01
1.937288146520937393e-01 4.796379411312693963e-01
1.936911183206936893e-01 4.796383012295271087e-01
1.936534284192933941e-01 4.796386612046147913e-01
1.936157449457443225e-01 4.796390210568761692e-01
1.935780678979179548e-01 4.796393807866465298e-01
1.935403972736652323e-01 4.796397403942415649e-01
1.935027330708506133e-01 4.796400998799760229e-01
1.934650752873335600e-01 4.796404592441305126e-01
1.934274239209787249e-01 4.796408184869672686e-01
1.933897789696444325e-01 4.796411776087582957e-01
1.933521404311939751e-01 4.796415366097374622e-01
1.933145083034976675e-01 4.796418954901341403e-01
1.932768825844186356e-01 4.796422542501843633e-01
1.932392632718302750e-01 4.796426128900941332e-01
1.932016503635895499e-01 4.796429714100678976e-01
1.931640438575604191e-01 4.796433298103043863e-01
1.931264437516281574e-01 4.796436880909763500e-01
1.930888500436589994e-01 4.796440462522577608e-01
1.930512627315255081e-01 4.796444042943333042e-01
1.930136818130994691e-01 4.796447622173597436e-01
1.929761072862516413e-01 4.796451200214851274e-01
1.929385391488535051e-01 4.796454777068692721e-01
1.929009773987873655e-01 4.796458352736542308e-01
1.928634220339244532e-01 4.796461927219765053e-01
1.928258730521524855e-01 4.796465500519684344e-01
1.927883304513346996e-01 4.796469072637482567e-01
1.927507942293661403e-01 4.796472643574477002e-01
1.927132643841155124e-01 4.796476213331802296e-01
1.926757409134714494e-01 4.796479781910620854e-01
1.926382238153064030e-01 4.796483349312151701e-01
1.926007130875186102e-01 4.796486915537528928e-01
1.925632087279848803e-01 4.796490480587710659e-01
1.925257107345953733e-01 4.796494044463686102e-01
1.924882191052310620e-01 4.796497607166450017e-01
1.924507338377749177e-01 4.796501168696930550e-01
1.924132549301257600e-01 4.796504729056064731e-01
1.923757823801729161e-01 4.796508288244945573e-01
1.923383161858013835e-01 4.796511846264292500e-01
1.923008563449068453e-01 4.796515403115036436e-01
1.922634028553764640e-01 4.796518958797952870e-01
1.922259557150992615e-01 4.796522513314015468e-01
1.921885149219797750e-01 4.796526066663946986e-01
1.921510804739104405e-01 4.796529618848560106e-01
1.921136523687877462e-01 4.796533169868621993e-01
1.920762306045165346e-01 4.796536719724956987e-01
1.920388151789887421e-01 4.796540268418204578e-01
1.920014060901002184e-01 4.796543815949219081e-01
1.919640033357613851e-01 4.796547362318734908e-01
1.919266069138669817e-01 4.796550907527387109e-01
1.918892168223202133e-01 4.796554451575956168e-01
1.918518330590237297e-01 4.796557994465161512e-01
1.918144556218769892e-01 4.796561536195619313e-01
1.917770845087913290e-01 4.796565076768045111e-01
1.917397197176738399e-01 4.796568616183132794e-01
1.917023612464387183e-01 4.796572154441549052e-01
1.916650090929898631e-01 4.796575691543887854e-01
1.916276632552317560e-01 4.796579227490921360e-01
1.915903237310782603e-01 4.796582762283291834e-01
1.915529905184397697e-01 4.796586295921449472e-01
1.915156636152285097e-01 4.796589828406168654e-01
1.914783430193738034e-01 4.796593359738125506e-01
1.914410287287701129e-01 4.796596889917857931e-01
1.914037207413447628e-01 4.796600418946038724e-01
1.913664190550111444e-01 4.796603946823269071e-01
1.913291236676921414e-01 4.796607473550115186e-01
1.912918345772899875e-01 4.796610999127295938e-01
1.912545517817388629e-01 4.796614523555359777e-01
1.912172752789548791e-01 4.796618046834884019e-01
1.911800050668609474e-01 4.796621568966482063e-01
1.911427411433734291e-01 4.796625089950685150e-01
1.911054835064273094e-01 4.796628609788043396e-01
1.910682321539331485e-01 4.796632128479267898e-01
1.910309870838306223e-01 4.796635646024981492e-01
1.909937482940465281e-01 4.796639162425742064e-01
1.909565157825025561e-01 4.796642677682130262e-01
1.909192895471290563e-01 4.796646191794593506e-01
1.908820695858512440e-01 4.796649704763822353e-01
1.908448558966061026e-01 4.796653216590397451e-01
1.908076484773241766e-01 4.796656727274940524e-01
1.907704473259423383e-01 4.796660236817893441e-01
1.907332524403886898e-01 4.796663745219921227e-01
1.906960638185909718e-01 4.796667252481473520e-01
1.906588814584986302e-01 4.796670758603152063e-01
1.906217053580445686e-01 4.796674263585662401e-01
1.905845355151597476e-01 4.796677767429450845e-01
1.905473719277862577e-01 4.796681270135085273e-01
1.905102145938748770e-01 4.796684771703146333e-01
1.904730635113486004e-01 4.796688272134239650e-01
1.904359186781579560e-01 4.796691771428832074e-01
1.903987800922469220e-01 4.796695269587514798e-01
1.903616477515596705e-01 4.796698766610905662e-01
1.903245216540360163e-01 4.796702262499533687e-01
1.902874017976244336e-01 4.796705757253922342e-01
1.902502881802764501e-01 4.796709250874617303e-01
1.902131807999293822e-01 4.796712743362184783e-01
1.901760796545396148e-01 4.796716234717186556e-01
1.901389847420588142e-01 4.796719724940119445e-01
1.901018960604298202e-01 4.796723214031565763e-01
1.900648136076088512e-01 4.796726701992161113e-01
1.900277373815524584e-01 4.796730188822240226e-01
1.899906673801977919e-01 4.796733674522569713e-01
1.899536036015160301e-01 4.796737159093633629e-01
1.899165460434495689e-01 4.796740642536024279e-01
1.898794947039669223e-01 4.796744124850126911e-01
1.898424495810247525e-01 4.796747606036620426e-01
1.898054106725808599e-01 4.796751086095964456e-01
1.897683779765954315e-01 4.796754565028861217e-01
1.897313514910288212e-01 4.796758042835687630e-01
1.896943312138351934e-01 4.796761519517019345e-01
1.896573171429756510e-01 4.796764995073357074e-01
1.896203092764216502e-01 4.796768469505344745e-01
1.895833076121365424e-01 4.796771942813493061e-01
1.895463121480857327e-01 4.796775414998316056e-01
1.895093228822353759e-01 4.796778886060508729e-01
1.894723398125548186e-01 4.796782356000489078e-01
1.894353629370058578e-01 4.796785824818749489e-01
1.893983922535646958e-01 4.796789292515840630e-01
1.893614277601921025e-01 4.796792759092245451e-01
1.893244694548736062e-01 4.796796224548631193e-01
1.892875173355701157e-01 4.796799688885552415e-01
1.892505714002477857e-01 4.796803152103429335e-01
1.892136316468936985e-01 4.796806614202890895e-01
1.891766980734839454e-01 4.796810075184409494e-01
1.891397706780023891e-01 4.796813535048493615e-01
1.891028494584161834e-01 4.796816993795746664e-01
1.890659344126967567e-01 4.796820451426696552e-01
1.890290255388280549e-01 4.796823907941886733e-01
1.889921228347885007e-01 4.796827363341810702e-01
1.889552262985634279e-01 4.796830817627025234e-01
1.889183359281322028e-01 4.796834270798094324e-01
1.888814517214876254e-01 4.796837722855519792e-01
1.888445736765969607e-01 4.796841173799777369e-01
1.888077017914515376e-01 4.796844623631428828e-01
1.887708360640411587e-01 4.796848072351082570e-01
1.887339764923394170e-01 4.796851519959242638e-01
1.886971230743484662e-01 4.796854966456350344e-01
1.886602758080457021e-01 4.796858411842967462e-01
1.886234346914420490e-01 4.796861856119765122e-01
1.885865997225135426e-01 4.796865299287167983e-01
1.885497708992389110e-01 4.796868741345751697e-01
1.885129482196332973e-01 4.796872182295992548e-01
1.884761316816744858e-01 4.796875622138359607e-01
1.884393212833673503e-01 4.796879060873452949e-01
1.884025170227023316e-01 4.796882498501913172e-01
1.883657188976767261e-01 4.796885935024099989e-01
1.883289269062904669e-01 4.796889370440527989e-01
1.882921410465470680e-01 4.796892804751755612e-01
1.882553613164266448e-01 4.796896237958460096e-01
1.882185877139432861e-01 4.796899670060918996e-01
1.881818202371015325e-01 4.796903101059892816e-01
1.881450588838937676e-01 4.796906530955771242e-01
1.881083036523331919e-01 4.796909959749096064e-01
1.880715545404120781e-01 4.796913387440462362e-01
1.880348115461501490e-01 4.796916814030388609e-01
1.879980746675352088e-01 4.796920239519330553e-01
1.879613439025850929e-01 4.796923663907817215e-01
1.879246192493124190e-01 4.796927087196358186e-01
1.878879007057151218e-01 4.796930509385516350e-01
1.878511882697998514e-01 4.796933930475774099e-01
1.878144819395882181e-01 4.796937350467750938e-01
1.877777817130899807e-01 4.796940769361961454e-01
1.877410875883119556e-01 4.796944187158779793e-01
1.877043995632741158e-01 4.796947603858845444e-01
1.876677176359871080e-01 4.796951019462629695e-01
1.876310418044760953e-01 4.796954433970680443e-01
1.875943720667513082e-01 4.796957847383572227e-01
1.875577084208285839e-01 4.796961259701798541e-01
1.875210508647254248e-01 4.796964670925830121e-01
1.874843993964685485e-01 4.796968081056219302e-01
1.874477540140613574e-01 4.796971490093410173e-01
1.874111147155341217e-01 4.796974898037982271e-01
1.873744814989094787e-01 4.796978304890475719e-01
1.873378543622182535e-01 4.796981710651343489e-01
1.873012333034747012e-01 4.796985115321241167e-01
1.872646183207017367e-01 4.796988518900529574e-01
1.872280094119344873e-01 4.796991921389839875e-01
1.871914065751949796e-01 4.796995322789641136e-01
1.871548098085117906e-01 4.796998723100455164e-01
1.871182191099133862e-01 4.797002122322694961e-01
1.870816344774320905e-01 4.797005520457079397e-01
1.870450559090953424e-01 4.797008917503954306e-01
1.870084834029302756e-01 4.797012313463918654e-01
1.869719169569694917e-01 4.797015708337550310e-01
1.869353565692565278e-01 4.797019102125193446e-01
1.868988022378153535e-01 4.797022494827505312e-01
1.868622539606893673e-01 4.797025886444934439e-01
1.868257117359038433e-01 4.797029276978023171e-01
1.867891755615154470e-01 4.797032666427284986e-01
1.867526454355386833e-01 4.797036054793190063e-01
1.867161213560302180e-01 4.797039442076220794e-01
1.866796033210162686e-01 4.797042828277075510e-01
1.866430913285450077e-01 4.797046213396190528e-01
1.866065853766616933e-01 4.797049597433979962e-01
1.865700854634053663e-01 4.797052980390960619e-01
1.865335915868220895e-01 4.797056362267703711e-01
1.864971037449535962e-01 4.797059743064651105e-01
1.864606219358377337e-01 4.797063122782378453e-01
1.864241461575331660e-01 4.797066501421475282e-01
1.863876764080940329e-01 4.797069878982297975e-01
1.863512126855567941e-01 4.797073255465421071e-01
1.863147549879612397e-01 4.797076630871384140e-01
1.862783033133722232e-01 4.797080005200671793e-01
1.862418576598295350e-01 4.797083378453816938e-01
1.862054180253946700e-01 4.797086750631170404e-01
1.861689844081136080e-01 4.797090121733420531e-01
1.861325568060514246e-01 4.797093491761060258e-01
1.860961352172516847e-01 4.797096860714546995e-01
1.860597196397866249e-01 4.797100228594335380e-01
1.860233100716895405e-01 4.797103595401059906e-01
1.859869065110358599e-01 4.797106961135198522e-01
1.859505089558786128e-01 4.797110325797210306e-01
1.859141174042757694e-01 4.797113689387533797e-01
1.858777318542883528e-01 4.797117051906848451e-01
1.858413523039803283e-01 4.797120413355576152e-01
1.858049787513968432e-01 4.797123773734084384e-01
1.857686111946195151e-01 4.797127133043062597e-01
1.857322496317082572e-01 4.797130491283021492e-01
1.856958940607300046e-01 4.797133848454372962e-01
1.856595444797472516e-01 4.797137204557654910e-01
1.856232008868256844e-01 4.797140559593265352e-01
1.855868632800299067e-01 4.797143913561797146e-01
1.855505316574328212e-01 4.797147266463840376e-01
1.855142060171056650e-01 4.797150618299848013e-01
1.854778863571140690e-01 4.797153969070199753e-01
1.854415726755400673e-01 4.797157318775566726e-01
1.854052649704473199e-01 4.797160667416330293e-01
1.853689632399005416e-01 4.797164014993040015e-01
1.853326674819879560e-01 4.797167361506324834e-01
1.852963776947731400e-01 4.797170706956386255e-01
1.852600938763483418e-01 4.797174051343991441e-01
1.852238160247765553e-01 4.797177394669483452e-01
1.851875441381413689e-01 4.797180736933470691e-01
1.851512782145118829e-01 4.797184078136353946e-01
1.851150182519768483e-01 4.797187418278748838e-01
1.850787642486249329e-01 4.797190757361060598e-01
1.850425162025207959e-01 4.797194095383801038e-01
1.850062741117400045e-01 4.797197432347497514e-01
1.849700379743906553e-01 4.797200768252635195e-01
1.849338077885444021e-01 4.797204103099700911e-01
1.848975835522876365e-01 4.797207436889149301e-01
1.848613652636930671e-01 4.797210769621543802e-01
1.848251529208699839e-01 4.797214101297475608e-01
1.847889465218943983e-01 4.797217431917293329e-01
1.847527460648569486e-01 4.797220761481458262e-01
1.847165515478439435e-01 4.797224089990638207e-01
1.846803629689466320e-01 4.797227417445125153e-01
1.846441803262567072e-01 4.797230743845511958e-01
1.846080036178724959e-01 4.797234069192387040e-01
1.845718328418857745e-01 4.797237393486115664e-01
1.845356679963812696e-01 4.797240716727131926e-01
1.844995090794582515e-01 4.797244038916081976e-01
1.844633560892113278e-01 4.797247360053473741e-01
1.844272090237380202e-01 4.797250680139691359e-01
1.843910678811392367e-01 4.797253999175299377e-01
1.843549326595132487e-01 4.797257317160757428e-01
1.843188033569521933e-01 4.797260634096573439e-01
1.842826799715601149e-01 4.797263949983288644e-01
1.842465625014436115e-01 4.797267264821205579e-01
1.842104509446948202e-01 4.797270578610963176e-01
1.841743452994215047e-01 4.797273891353028286e-01
1.841382455637325666e-01 4.797277203047959904e-01
1.841021517357277204e-01 4.797280513696155491e-01
1.840660638135056537e-01 4.797283823298185146e-01
1.840299817951834560e-01 4.797287131854440778e-01
1.839939056788650884e-01 4.797290439365369807e-01
1.839578354626625889e-01 4.797293745831572309e-01
1.839217711446804460e-01 4.797297051253564537e-01
1.838857127230313082e-01 4.797300355631788915e-01
1.838496601958186094e-01 4.797303658966705076e-01
1.838136135611639910e-01 4.797306961258861469e-01
1.837775728171770206e-01 4.797310262508700518e-01
1.837415379619677103e-01 4.797313562716802315e-01
1.837055089936547869e-01 4.797316861883495487e-01
1.836694859103537858e-01 4.797320160009399537e-01
1.836334687101816299e-01 4.797323457094835319e-01
1.835974573912463881e-01 4.797326753140406796e-01
1.835614519516793608e-01 4.797330048146699055e-01
1.835254523895916701e-01 4.797333342114097898e-01
1.834894587031064839e-01 4.797336635043071840e-01
1.834534708903393652e-01 4.797339926934141574e-01
1.834174889494033789e-01 4.797343217787681802e-01
1.833815128784481163e-01 4.797346507604228205e-01
1.833455426755669082e-01 4.797349796384389187e-01
1.833095783389057654e-01 4.797353084128608836e-01
1.832736198665876337e-01 4.797356370837256301e-01
1.832376672567247733e-01 4.797359656510936099e-01
1.832017205074577271e-01 4.797362941150073445e-01
1.831657796169081642e-01 4.797366224755094666e-01
1.831298445832027777e-01 4.797369507326541549e-01
1.830939154044790018e-01 4.797372788864884829e-01
1.830579920788568127e-01 4.797376069370553053e-01
1.830220746044750324e-01 4.797379348844232339e-01
1.829861629794636291e-01 4.797382627286241319e-01
1.829502572019452433e-01 4.797385904697051284e-01
1.829143572700721587e-01 4.797389181077184594e-01
1.828784631819686812e-01 4.797392456427079233e-01
1.828425749357625030e-01 4.797395730747178733e-01
1.828066925296058243e-01 4.797399004038098158e-01
1.827708159616232564e-01 4.797402276300234969e-01
1.827349452299575905e-01 4.797405547534093762e-01
1.826990803327587787e-01 4.797408817740171916e-01
1.826632212681609246e-01 4.797412086918928509e-01
1.826273680343036276e-01 4.797415355070837606e-01
1.825915206293216853e-01 4.797418622196354399e-01
1.825556790513540861e-01 4.797421888296000692e-01
1.825198432985581931e-01 4.797425153370201700e-01
1.824840133690753818e-01 4.797428417419548063e-01
1.824481892610504419e-01 4.797431680444186330e-01
1.824123709726307441e-01 4.797434942444975259e-01
1.823765585019608837e-01 4.797438203422272340e-01
1.823407518471797384e-01 4.797441463376577175e-01
1.823049510064491396e-01 4.797444722308256138e-01
1.822691559779080206e-01 4.797447980217883212e-01
1.822333667597116069e-01 4.797451237105913036e-01
1.821975833500130149e-01 4.797454492972714757e-01
1.821618057469553409e-01 4.797457747818902885e-01
1.821260339487024149e-01 4.797461001644959810e-01
1.820902679534058266e-01 4.797464254451374033e-01
1.820545077592181649e-01 4.797467506238465296e-01
1.820187533642964317e-01 4.797470757006884745e-01
1.819830047667885531e-01 4.797474006756881071e-01
1.819472619648682954e-01 4.797477255489091541e-01
1.819115249566816694e-01 4.797480503203935820e-01
1.818757937403971958e-01 4.797483749901875205e-01
1.818400683141641050e-01 4.797486995583465363e-01
1.818043486761511951e-01 4.797490240249071003e-01
1.817686348245135253e-01 4.797493483899227251e-01
1.817329267574145923e-01 4.797496726534475897e-01
1.816972244730207242e-01 4.797499968155142791e-01
1.816615279694984986e-01 4.797503208761734195e-01
1.816258372450109126e-01 4.797506448354812436e-01
1.815901522977159122e-01 4.797509686934774975e-01
1.815544731257964506e-01 4.797512924502083109e-01
1.815187997274000653e-01 4.797516161057294726e-01
1.814831321007084886e-01 4.797519396600711805e-01
1.814474702438858833e-01 4.797522631132956628e-01
1.814118141550993268e-01 4.797525864654428873e-01
1.813761638325349090e-01 4.797529097165598166e-01
1.813405192743441641e-01 4.797532328666923029e-01
1.813048804787110169e-01 4.797535559158894736e-01
1.812692474438046819e-01 4.797538788641949603e-01
1.812336201678032555e-01 4.797542017116630531e-01
1.811979986488807814e-01 4.797545244583311108e-01
1.811623828852224616e-01 4.797548471042521467e-01
1.811267728749949291e-01 4.797551696494663509e-01
1.810911686163808876e-01 4.797554920940336198e-01
1.810555701075523549e-01 4.797558144379930889e-01
1.810199773466820150e-01 4.797561366813822281e-01
1.809843903319747760e-01 4.797564588242566597e-01
1.809488090615848643e-01 4.797567808666595157e-01
1.809132335337036435e-01 4.797571028086423661e-01
1.808776637465236703e-01 4.797574246502546713e-01
1.808420996982245121e-01 4.797577463915303486e-01
1.808065413869867633e-01 4.797580680325199687e-01
1.807709888109944318e-01 4.797583895732708825e-01
1.807354419684271962e-01 4.797587110138399336e-01
1.806999008574868837e-01 4.797590323542538782e-01
1.806643654763545603e-01 4.797593535945727239e-01
1.806288358232180091e-01 4.797596747348355506e-01
1.805933118962843309e-01 4.797599957750918187e-01
1.805577936937207972e-01 4.797603167153876025e-01
1.805222812137275978e-01 4.797606375557776359e-01
1.804867744544856600e-01 4.797609582962969466e-01
1.804512734142066643e-01 4.797612789369907760e-01
1.804157780910732589e-01 4.797615994779083071e-01
1.803802884832811093e-01 4.797619199190931161e-01
1.803448045890310991e-01 4.797622402605915548e-01
1.803093264065107060e-01 4.797625605024613549e-01
1.802738539339232005e-01 4.797628806447329364e-01
1.802383871694581696e-01 4.797632006874462673e-01
1.802029261113230474e-01 4.797635206306765654e-01
1.801674707577252676e-01 4.797638404744447027e-01
1.801320211068508370e-01 4.797641602188045251e-01
1.800965771569155716e-01 4.797644798638045494e-01
1.800611389061014533e-01 4.797647994094906276e-01
1.800257063526181645e-01 4.797651188559068358e-01
1.799902794946846019e-01 4.797654382030920872e-01
1.799548583304841076e-01 4.797657574510978407e-01
1.799194428582308325e-01 4.797660765999711696e-01
1.798840330761372619e-01 4.797663956497553173e-01
1.798486289824013373e-01 4.797667146005029082e-01
1.798132305752412619e-01 4.797670334522427527e-01
1.797778378528514798e-01 4.797673522050318051e-01
1.797424508134610188e-01 4.797676708589212469e-01
1.797070694552589942e-01 4.797679894139468826e-01
1.796716937764664401e-01 4.797683078701514559e-01
1.796363237753000608e-01 4.797686262275906999e-01
1.796009594499670958e-01 4.797689444863098562e-01
1.795656007986842218e-01 4.797692626463451737e-01
1.795302478196649509e-01 4.797695807077524410e-01
1.794949005111163565e-01 4.797698986705677404e-01
1.794595588712696033e-01 4.797702165348421977e-01
1.794242228983356779e-01 4.797705343006206657e-01
1.793888925905315346e-01 4.797708519679457773e-01
1.793535679460773191e-01 4.797711695368588880e-01
1.793182489631880983e-01 4.797714870074053506e-01
1.792829356400851282e-01 4.797718043796369569e-01
1.792476279749878054e-01 4.797721216536086075e-01
1.792123259661282109e-01 4.797724388293515552e-01
1.791770296117218553e-01 4.797727559069002168e-01
1.791417389099899671e-01 4.797730728863203731e-01
1.791064538591704836e-01 4.797733897676478287e-01
1.790711744574832731e-01 4.797737065509284360e-01
1.790359007031279148e-01 4.797740232362111001e-01
1.790006325943699350e-01 4.797743398235323475e-01
1.789653701294167953e-01 4.797746563129396957e-01
1.789301133064980509e-01 4.797749727044785528e-01
1.788948621238466707e-01 4.797752889982002111e-01
1.788596165796927095e-01 4.797756051941505784e-01
1.788243766722620864e-01 4.797759212923601302e-01
1.787891423997931550e-01 4.797762372928856545e-01
1.787539137605171358e-01 4.797765531957646212e-01
1.787186907526608914e-01 4.797768690010485448e-01
1.786834733744748771e-01 4.797771847087819452e-01
1.786482616241840127e-01 4.797775003190062892e-01
1.786130555000132736e-01 4.797778158317597130e-01
1.785778550002093956e-01 4.797781312471007809e-01
1.785426601230073740e-01 4.797784465650611896e-01
1.785074708666544718e-01 4.797787617856997255e-01
1.784722872293798834e-01 4.797790769090506391e-01
1.784371092094282352e-01 4.797793919351570624e-01
1.784019368050434040e-01 4.797797068640670126e-01
1.783667700144627721e-01 4.797800216958283404e-01
1.783316088359243601e-01 4.797803364304867313e-01
1.782964532676726277e-01 4.797806510680665548e-01
1.782613033079622766e-01 4.797809656086405861e-01
1.782261589550275249e-01 4.797812800522310295e-01
1.781910202071147198e-01 4.797815943988932297e-01
1.781558870624789792e-01 4.797819086486713736e-01
1.781207595193569360e-01 4.797822228016158097e-01
1.780856375759988230e-01 4.797825368577532945e-01
1.780505212306538465e-01 4.797828508171452788e-01
1.780154104815745431e-01 4.797831646798225713e-01
1.779803053270148094e-01 4.797834784458382407e-01
1.779452057652156916e-01 4.797837921152280360e-01
1.779101117944323907e-01 4.797841056880448041e-01
1.778750234129205521e-01 4.797844191643311773e-01
1.778399406189348497e-01 4.797847325441262356e-01
1.778048634107285697e-01 4.797850458274801611e-01
1.777697917865573574e-01 4.797853590144324776e-01
1.777347257446717232e-01 4.797856721050277606e-01
1.776996652833292278e-01 4.797859850993186903e-01
1.776646104007964522e-01 4.797862979973265829e-01
1.776295610953330661e-01 4.797866107991202167e-01
1.775945173651857500e-01 4.797869235047221292e-01
1.775594792086158669e-01 4.797872361141891639e-01
1.775244466238846131e-01 4.797875486275674506e-01
1.774894196092595133e-01 4.797878610449006764e-01
1.774543981629962963e-01 4.797881733662265891e-01
1.774193822833738943e-01 4.797884855915907076e-01
1.773843719686475917e-01 4.797887977210398835e-01
1.773493672170823321e-01 4.797891097546101991e-01
1.773143680269297362e-01 4.797894216923492272e-01
1.772793743964740099e-01 4.797897335343044301e-01
1.772443863239783202e-01 4.797900452805186067e-01
1.772094038077112743e-01 4.797903569310383864e-01
1.771744268459354565e-01 4.797906684858964654e-01
1.771394554369229990e-01 4.797909799451384183e-01
1.771044895789459783e-01 4.797912913088133724e-01
1.770695292702774704e-01 4.797916025769646819e-01
1.770345745091760903e-01 4.797919137496290953e-01
1.769996252939358972e-01 4.797922248268531309e-01
1.769646816228185870e-01 4.797925358086870817e-01
1.769297434940965141e-01 4.797928466951759119e-01
1.768948109060522467e-01 4.797931574863466553e-01
1.768598838569576392e-01 4.797934681822531577e-01
1.768249623450939834e-01 4.797937787829394951e-01
1.767900463687168133e-01 4.797940892884440811e-01
1.767551359261274602e-01 4.797943996988118243e-01
1.767202310156077150e-01 4.797947100140904642e-01
1.766853316354154713e-01 4.797950202343154724e-01
1.766504377838521433e-01 4.797953303595406394e-01
1.766155494591877539e-01 4.797956403897991051e-01
1.765806666597108943e-01 4.797959503251322810e-01
1.765457893837018288e-01 4.797962601655988424e-01
1.765109176294463178e-01 4.797965699112276550e-01
1.764760513952312038e-01 4.797968795620756177e-01
1.764411906793333096e-01 4.797971891181689874e-01
1.764063354800374794e-01 4.797974985795608327e-01
1.763714857956394655e-01 4.797978079462849044e-01
1.763366416244314672e-01 4.797981172183901633e-01
1.763018029646883089e-01 4.797984263959286233e-01
1.762669698147044106e-01 4.797987354789343128e-01
1.762321421727707227e-01 4.797990444674464228e-01
1.761973200371758363e-01 4.797993533615083628e-01
1.761625034062195005e-01 4.797996621611648749e-01
1.761276922781850607e-01 4.797999708664695828e-01
1.760928866513699620e-01 4.798002794774494650e-01
1.760580865240794213e-01 4.798005879941540930e-01
1.760232918945850156e-01 4.798008964166284862e-01
1.759885027611908237e-01 4.798012047449113915e-01
1.759537191221887120e-01 4.798015129790401678e-01
1.759189409758916967e-01 4.798018211190697713e-01
1.758841683205857043e-01 4.798021291650352849e-01
1.758494011545699842e-01 4.798024371169911095e-01
1.758146394761432585e-01 4.798027449749597273e-01
1.757798832836060254e-01 4.798030527389970934e-01
1.757451325752638904e-01 4.798033604091504478e-01
1.757103873494152424e-01 4.798036679854469355e-01
1.756756476043599136e-01 4.798039754679322977e-01
1.756409133384101706e-01 4.798042828566481122e-01
1.756061845498617657e-01 4.798045901516547196e-01
1.755714612370228300e-01 4.798048973529772665e-01
1.755367433981988579e-01 4.798052044606588296e-01
1.755020310316845467e-01 4.798055114747474259e-01
1.754673241358041258e-01 4.798058183952857991e-01
1.754326227088659484e-01 4.798061252223048134e-01
1.753979267491664606e-01 4.798064319558535962e-01
1.753632362550207324e-01 4.798067385959793318e-01
1.753285512247292899e-01 4.798070451427274286e-01
1.752938716566186106e-01 4.798073515961336910e-01
1.752591975489933007e-01 4.798076579562385868e-01
1.752245289001713169e-01 4.798079642230862474e-01
1.751898657084545174e-01 4.798082703967117002e-01
1.751552079721597210e-01 4.798085764771651274e-01
1.751205556896041626e-01 4.798088824644842765e-01
1.750859088591101564e-01 4.798091883587191075e-01
1.750512674789825585e-01 4.798094941599102548e-01
1.750166315475492340e-01 4.798097998680981857e-01
1.749820010631195355e-01 4.798101054833144308e-01
1.749473760240189135e-01 4.798104110056131688e-01
1.749127564285679615e-01 4.798107164350327580e-01
1.748781422750754488e-01 4.798110217716074488e-01
1.748435335618753472e-01 4.798113270153859800e-01
1.748089302872795070e-01 4.798116321664211981e-01
1.747743324496122130e-01 4.798119372247381942e-01
1.747397400471955298e-01 4.798122421903873724e-01
1.747051530783625406e-01 4.798125470634032053e-01
1.746705715414276772e-01 4.798128518438311563e-01
1.746359954347172783e-01 4.798131565317174108e-01
1.746014247565550459e-01 4.798134611271038796e-01
1.745668595052747019e-01 4.798137656300233145e-01
1.745322996791987824e-01 4.798140700405251757e-01
1.744977452766628967e-01 4.798143743586474885e-01
1.744631962959897198e-01 4.798146785844400464e-01
1.744286527355099481e-01 4.798149827179296611e-01
1.743941145935654913e-01 4.798152867591679027e-01
1.743595818684722520e-01 4.798155907081890215e-01
1.743250545585709466e-01 4.798158945650402574e-01
1.742905326621922435e-01 4.798161983297604682e-01
1.742560161776733618e-01 4.798165020023935634e-01
1.742215051033415840e-01 4.798168055829780676e-01
1.741869994375431496e-01 4.798171090715612208e-01
1.741524991786017051e-01 4.798174124681833241e-01
1.741180043248465870e-01 4.798177157728848452e-01
1.740835148746347205e-01 4.798180189856938171e-01
1.740490308263027697e-01 4.798183221066688597e-01
1.740145521781922833e-01 4.798186251358467769e-01
1.739800789286216343e-01 4.798189280732624296e-01
1.739456110759569074e-01 4.798192309189621141e-01
1.739111486185164202e-01 4.798195336729892402e-01
1.738766915546556824e-01 4.798198363353861073e-01
1.738422398827185744e-01 4.798201389061836908e-01
1.738077936010440083e-01 4.798204413854265660e-01
1.737733527079790563e-01 4.798207437731666913e-01
1.737389172018685979e-01 4.798210460694304347e-01
1.737044870810538211e-01 4.798213482742723079e-01
1.736700623438845459e-01 4.798216503877202332e-01
1.736356429887109254e-01 4.798219524098260580e-01
1.736012290138795877e-01 4.798222543406224783e-01
1.735668204177312490e-01 4.798225561801587324e-01
1.735324171986180608e-01 4.798228579284663509e-01
1.734980193548936178e-01 4.798231595855926290e-01
1.734636268849149010e-01 4.798234611515740378e-01
1.734292397870267344e-01 4.798237626264623135e-01
1.733948580595811584e-01 4.798240640102944821e-01
1.733604817009387622e-01 4.798243653030984657e-01
1.733261107094495879e-01 4.798246665049263338e-01
1.732917450834614848e-01 4.798249676158223842e-01
1.732573848213372070e-01 4.798252686358208674e-01
1.732230299214295444e-01 4.798255695649613073e-01
1.731886803821000020e-01 4.798258704032932198e-01
1.731543362017013699e-01 4.798261711508352012e-01
1.731199973785908230e-01 4.798264718076433177e-01
1.730856639111411632e-01 4.798267723737676960e-01
1.730513357976878053e-01 4.798270728492398107e-01
1.730170130366160963e-01 4.798273732340913034e-01
1.729826956262685012e-01 4.798276735283763528e-01
1.729483835650188484e-01 4.798279737321278215e-01
1.729140768512223425e-01 4.798282738453870655e-01
1.728797754832541722e-01 4.798285738681980495e-01
1.728454794594690980e-01 4.798288738005945242e-01
1.728111887782285139e-01 4.798291736426214538e-01
1.727769034379034729e-01 4.798294733943173074e-01
1.727426234368642510e-01 4.798297730557199436e-01
1.727083487734638045e-01 4.798300726268828198e-01
1.726740794460882855e-01 4.798303721078356898e-01
1.726398154530991991e-01 4.798306714986164123e-01
1.726055567928649614e-01 4.798309707992771678e-01
1.725713034637568755e-01 4.798312700098444905e-01
1.725370554641474374e-01 4.798315691303695618e-01
1.725028127924034260e-01 4.798318681608919611e-01
1.724685754468952836e-01 4.798321671014386114e-01
1.724343434260078856e-01 4.798324659520575297e-01
1.724001167281038194e-01 4.798327647127876294e-01
1.723658953515662950e-01 4.798330633836821457e-01
1.723316792947618414e-01 4.798333619647645598e-01
1.722974685560760555e-01 4.798336604560800023e-01
1.722632631338757159e-01 4.798339588576613912e-01
1.722290630265424782e-01 4.798342571695742853e-01
1.721948682324490887e-01 4.798345553918297313e-01
1.721606787499890268e-01 4.798348535244815194e-01
1.721264945775276833e-01 4.798351515675648993e-01
1.720923157134585102e-01 4.798354495211282766e-01
1.720581421561587221e-01 4.798357473851951882e-01
1.720239739040010929e-01 4.798360451598180365e-01
1.719898109553757715e-01 4.798363428450300727e-01
1.719556533086664674e-01 4.798366404408809238e-01
1.719215009622601376e-01 4.798369379473992891e-01
1.718873539145273910e-01 4.798372353646349064e-01
1.718532121638561283e-01 4.798375326926186402e-01
1.718190757086405229e-01 4.798378299314028927e-01
1.717849445472690584e-01 4.798381270810203603e-01
1.717508186781338542e-01 4.798384241415001861e-01
1.717166980996147341e-01 4.798387211128924412e-01
1.716825828101025131e-01 4.798390179952373158e-01
1.716484728079791799e-01 4.798393147885710586e-01
1.716143680916518144e-01 4.798396114929389666e-01
1.715802686594982973e-01 4.798399081083737361e-01
1.715461745099022273e-01 4.798402046349185546e-01
1.715120856412743755e-01 4.798405010726154996e-01
1.714780020520046411e-01 4.798407974214983773e-01
1.714439237404881688e-01 4.798410936816113193e-01
1.714098507051180775e-01 4.798413898529856336e-01
1.713757829442819347e-01 4.798416859356692266e-01
1.713417204563871810e-01 4.798419819296908528e-01
1.713076632398286003e-01 4.798422778351048024e-01
1.712736112929965915e-01 4.798425736519423834e-01
1.712395646142934047e-01 4.798428693802437861e-01
1.712055232021255646e-01 4.798431650200571386e-01
1.711714870548915468e-01 4.798434605714015921e-01
1.711374561709859965e-01 4.798437560343317143e-01
1.711034305488060570e-01 4.798440514088756492e-01
1.710694101867642480e-01 4.798443466950902403e-01
1.710353950832620151e-01 4.798446418929993018e-01
1.710013852366926435e-01 4.798449370026524607e-01
1.709673806454619638e-01 4.798452320240819136e-01
1.709333813079835229e-01 4.798455269573302373e-01
1.708993872226573785e-01 4.798458218024277966e-01
1.708653983878897775e-01 4.798461165594246070e-01
1.708314148020943501e-01 4.798464112283488125e-01
1.707974364636650755e-01 4.798467058092591997e-01
1.707634633710333472e-01 4.798470003021745867e-01
1.707294955225795163e-01 4.798472947071462658e-01
1.706955329167322843e-01 4.798475890242063224e-01
1.706615755519042266e-01 4.798478832533900618e-01
1.706276234265004244e-01 4.798481773947469997e-01
1.705936765389281795e-01 4.798484714483149394e-01
1.705597348876197461e-01 4.798487654141286307e-01
1.705257984709563357e-01 4.798490592922126097e-01
1.704918672873797503e-01 4.798493530826262177e-01
1.704579413352910189e-01 4.798496467854067027e-01
1.704240206131104607e-01 4.798499404005863722e-01
1.703901051192510396e-01 4.798502339282034179e-01
1.703561948521342684e-01 4.798505273682983630e-01
1.703222898101683647e-01 4.798508207209223331e-01
1.702883899917799204e-01 4.798511139860941466e-01
1.702544953953858964e-01 4.798514071638571021e-01
1.702206060194031978e-01 4.798517002542603271e-01
1.701867218622612477e-01 4.798519932573284685e-01
1.701528429223715944e-01 4.798522861731137623e-01
1.701189691981609964e-01 4.798525790016571757e-01
1.700851006880552685e-01 4.798528717429712542e-01
1.700512373904780050e-01 4.798531643971133409e-01
1.700173793038451953e-01 4.798534569641240144e-01
1.699835264265798784e-01 4.798537494440328621e-01
1.699496787571095624e-01 4.798540418368916205e-01
1.699158362938656963e-01 4.798543341427212727e-01
1.698819990352726794e-01 4.798546263615779961e-01
1.698481669797618221e-01 4.798549184934955969e-01
1.698143401257560248e-01 4.798552105385077149e-01
1.697805184716943139e-01 4.798555024966549287e-01
1.697467020159894868e-01 4.798557943679647719e-01
1.697128907570787937e-01 4.798560861524950871e-01
1.696790846933994013e-01 4.798563778502719090e-01
1.696452838233632743e-01 4.798566694613386474e-01
1.696114881454272028e-01 4.798569609857347151e-01
1.695776976580144757e-01 4.798572524234903658e-01
1.695439123595543773e-01 4.798575437746480654e-01
1.695101322484884321e-01 4.798578350392534997e-01
1.694763573232483667e-01 4.798581262173360340e-01
1.694425875822687111e-01 4.798584173089208149e-01
