2.020202020202020166e-01 2.020202020202020166e-01
2.020472021220082737e-01 2.033623945441800640e-01
2.020742787339804836e-01 2.047084127260117570e-01
2.021013840716724408e-01 2.060594520718569134e-01
2.021286358204894551e-01 2.074151238682533926e-01
2.021560570320969918e-01 2.087751367798829638e-01
2.021834521179772803e-01 2.101393181884640415e-01
2.022110364922951875e-01 2.115073835544385716e-01
2.022387456367099878e-01 2.128803287146399936e-01
2.022665279466428490e-01 2.142588518815621568e-01
2.022945870881228958e-01 2.156425326080723681e-01
2.023224124951240877e-01 2.170304414122293801e-01
2.023504920867131296e-01 2.184235333826423098e-01
2.023788846606418557e-01 2.198219299014328165e-01
2.024072986437632227e-01 2.212258329613383812e-01
2.024356420393617351e-01 2.226343405069773906e-01
2.024640750761294572e-01 2.240474957691073743e-01
2.024926302113661536e-01 2.254653724023154004e-01
2.025212190352942698e-01 2.268880482109061625e-01
2.025499572864993825e-01 2.283154260311271444e-01
2.025790442405343839e-01 2.297473081103627579e-01
2.026082069174579559e-01 2.311840039334196739e-01
2.026374814193822038e-01 2.326265604883927807e-01
2.026668755205330852e-01 2.340740947118064852e-01
2.026964007141687785e-01 2.355265736484426498e-01
2.027260197890585203e-01 2.369835762434362170e-01
2.027557683545823386e-01 2.384454777508274170e-01
2.027855777436354534e-01 2.399133373110714507e-01
2.028158257201406744e-01 2.413872228156646038e-01
2.028458463183975824e-01 2.428664727838320270e-01
2.028761361799733820e-01 2.443509349371759121e-01
2.029067853826155288e-01 2.458411625044928661e-01
2.029372723275615631e-01 2.473374373932285541e-01
2.029678489462214408e-01 2.488390200601248436e-01
2.029985356162177512e-01 2.503461598682613642e-01
2.030293513911523295e-01 2.518585814168775583e-01
2.030603581527140322e-01 2.533765777601454938e-01
2.030913664933679252e-01 2.549002470210849358e-01
2.031226835072545978e-01 2.564292149929960907e-01
2.031542811551704519e-01 2.579649133355504942e-01
2.031859088749725928e-01 2.595063566752284223e-01
2.032176417117972922e-01 2.610523555981274502e-01
2.032494739243225768e-01 2.626035700679974494e-01
2.032814237440715432e-01 2.641607098767063122e-01
2.033136192348116988e-01 2.657250169194906864e-01
2.033459236848070006e-01 2.672957454861504267e-01
2.033786559477350486e-01 2.688715260525210704e-01
2.034113367224154589e-01 2.704533342482636771e-01
2.034440752085618365e-01 2.720420762942380444e-01
2.034771067739899186e-01 2.736375365999039744e-01
2.035100237462941775e-01 2.752385389134619498e-01
2.035429972408198118e-01 2.768456574542173532e-01
2.035763645646568032e-01 2.784589637232786075e-01
2.036097605495323648e-01 2.800789158436651771e-01
2.036435445624423801e-01 2.817055609567503671e-01
2.036774025685871015e-01 2.833386620116531973e-01
2.037113031490514481e-01 2.849776005216223540e-01
2.037453814177483391e-01 2.866221076834044035e-01
2.037796408310588447e-01 2.882743052567862119e-01
2.038142626818263137e-01 2.899345027231403082e-01
2.038493122158102355e-01 2.916009989603323138e-01
2.038841766192487082e-01 2.932731945330805390e-01
2.039191390746675769e-01 2.949525149443217309e-01
2.039544646793514104e-01 2.966399118003293367e-01
2.039897300704244798e-01 2.983331769027011693e-01
2.040249944044440766e-01 3.000329473151741033e-01
2.040606420253128772e-01 3.017398129787772221e-01
2.040967027051079352e-01 3.034541255279035732e-01
2.041326849209806893e-01 3.051763166794996263e-01
2.041690295141442291e-01 3.069044625690452444e-01
2.042053470513664759e-01 3.086396611785551247e-01
2.042418283138971447e-01 3.103820028841093315e-01
2.042786190191853146e-01 3.121329677956253268e-01
2.043157944294335393e-01 3.138915941129017950e-01
2.043532781932263787e-01 3.156561377614934272e-01
2.043907686567314475e-01 3.174284336758917968e-01
2.044284289505073904e-01 3.192091743896581790e-01
2.044664927616072769e-01 3.209976110631331814e-01
2.045043336744482854e-01 3.227925015897588623e-01
2.045427457957937345e-01 3.245950949403470509e-01
2.045814744266260532e-01 3.264070939252350922e-01
2.046200991963515181e-01 3.282255909878998290e-01
2.046589719207570213e-01 3.300518104564456046e-01
2.046981241429345899e-01 3.318855812258054705e-01
2.047375308742403754e-01 3.337282287783422952e-01
2.047775112357309302e-01 3.355790655372449804e-01
2.048174824715791043e-01 3.374367188877459012e-01
2.048575298353058349e-01 3.393023384962386424e-01
2.048980521608594896e-01 3.411774294775987704e-01
2.049388338509009477e-01 3.430608718728162532e-01
2.049795674200821649e-01 3.449504828247977883e-01
2.050207886518232436e-01 3.468495339414242595e-01
2.050625025435875992e-01 3.487576186724143934e-01
2.051041285788068602e-01 3.506732799750797436e-01
2.051459971229123713e-01 3.525969658108944471e-01
2.051887997827825383e-01 3.545305177038957090e-01
2.052317570927666146e-01 3.564725995903300637e-01
2.052747450647725846e-01 3.584223171939202035e-01
2.053181649608846748e-01 3.603808395721643798e-01
2.053619166954615272e-01 3.623486828635743562e-01
2.054060977202875060e-01 3.643243297933264069e-01
2.054503047070837529e-01 3.663072072022536818e-01
2.054950879420954779e-01 3.682993966950047771e-01
2.055403504433357398e-01 3.703015752811393835e-01
2.055857266503280656e-01 3.723111942822552867e-01
2.056316242475553224e-01 3.743286403627124059e-01
2.056781198570686586e-01 3.763562859590472431e-01
2.057252039741778171e-01 3.783933822730105034e-01
2.057722773250384996e-01 3.804379561191137404e-01
2.058199004422476552e-01 3.824909260689958179e-01
2.058683860835648083e-01 3.845525925186215055e-01
2.059172365794488258e-01 3.866221637753821661e-01
2.059664015276368998e-01 3.887008160609110030e-01
2.060158873631266485e-01 3.907879167185738800e-01
2.060665154165197133e-01 3.928824490619862164e-01
2.061174425356570028e-01 3.949853227117768317e-01
2.061690255231494184e-01 3.970975147764589375e-01
2.062211613414350886e-01 3.992169742323387061e-01
2.062743146225977098e-01 4.013427569979540199e-01
2.063281860196050921e-01 4.034753368783398630e-01
2.063826161026308670e-01 4.056171155894438551e-01
2.064374776431462666e-01 4.077655127575812166e-01
2.064934144711922936e-01 4.099191443243486721e-01
2.065503165030869170e-01 4.120777365525560287e-01
2.066082353465708010e-01 4.142446240889085529e-01
2.066675468770040325e-01 4.164169578977311992e-01
2.067274058722468610e-01 4.185931266956662844e-01
2.067884036633758915e-01 4.207721815765521067e-01
2.068506195260227665e-01 4.229570204806583633e-01
2.069141987986088116e-01 4.251441352103713656e-01
2.069792468516989947e-01 4.273304638618090623e-01
2.070451827392885968e-01 4.295159876698478318e-01
2.071126810081451164e-01 4.317040928579349290e-01
2.071823147401226362e-01 4.338895202625217551e-01
2.072537373300292474e-01 4.360688144774539921e-01
2.073264170748532476e-01 4.382409476907584422e-01
2.074010986350321162e-01 4.404084466801826969e-01
2.074784055381526382e-01 4.425634373665435772e-01
2.075578052201411394e-01 4.447013818918326145e-01
2.076390870370818931e-01 4.468213111123321979e-01
2.077226730625294226e-01 4.489226873963043096e-01
2.078097620030758541e-01 4.509959126968546839e-01
2.078993551747985169e-01 4.530348188461120196e-01
2.079916741509987010e-01 4.550366804969867007e-01
2.080871380995952258e-01 4.569969674676128690e-01
2.081867469870911092e-01 4.589038320972365637e-01
2.082895091493958684e-01 4.607477438825497984e-01
2.083946472129432070e-01 4.625237900045072181e-01
2.085031404674371758e-01 4.642251355784391964e-01
2.086157559187630239e-01 4.658397723874095897e-01
2.087317614609284777e-01 4.673589499246066925e-01
2.088496229597415765e-01 4.687796896329898266e-01
2.089704339536278821e-01 4.700989442901680193e-01
2.090939453355478705e-01 4.713166307689645729e-01
2.092190390082431239e-01 4.724285755513243923e-01
2.093464957662197201e-01 4.734355439706756097e-01
2.094750300520127617e-01 4.743423668896294410e-01
2.096049308914234299e-01 4.751548894724590411e-01
2.097355212265340496e-01 4.758795113531115728e-01
2.098665990608941101e-01 4.765254902502586432e-01
2.099978000805902134e-01 4.770986643800089744e-01
2.101285795192439909e-01 4.776040091928416831e-01
2.102595916220589833e-01 4.780484206137166070e-01
2.103917177531936522e-01 4.784393488390877303e-01
2.105241644114203281e-01 4.787825052089463296e-01
2.106565749259064479e-01 4.790825074656125948e-01
2.107889309192778893e-01 4.793441700493312196e-01
2.109212228325334226e-01 4.795726025769485035e-01
2.110534471623708164e-01 4.797718750921589614e-01
2.111856047378534718e-01 4.799455910854272256e-01
2.113178354875774601e-01 4.800969387883839978e-01
2.114500117210964814e-01 4.802287247879933885e-01
2.115822661556920892e-01 4.803434210862090881e-01
2.117144543094850728e-01 4.804432002698681425e-01
2.118465863861378196e-01 4.805299662474581956e-01
2.119786720851971895e-01 4.806053852440941854e-01
2.121107204734461738e-01 4.806709139674885112e-01
2.122427399185209673e-01 4.807278248910261120e-01
2.123747380662489581e-01 4.807772288007051142e-01
2.125067218478672304e-01 4.808200948018057641e-01
2.126386975069154139e-01 4.808572680032578983e-01
2.127706706383805380e-01 4.808894851025239392e-01
2.129026462347552440e-01 4.809173880880157625e-01
2.130346287352567480e-01 4.809415362640646063e-01
2.131666220756112118e-01 4.809624167881857426e-01
2.132986297366608330e-01 4.809804538937257901e-01
2.134306547906841545e-01 4.809960169541462327e-01
2.135626999447581276e-01 4.810094275289113486e-01
2.136947675808128777e-01 4.810209655156285624e-01
2.138268597922526604e-01 4.810308745189515456e-01
2.139589784171653242e-01 4.810393665338825731e-01
2.140911250682387690e-01 4.810466260294992136e-01
2.142233011595697789e-01 4.810528135087434043e-01
2.143555079305808631e-01 4.810580686106540882e-01
2.144877464672834133e-01 4.810625128132306472e-01
2.146200177211159132e-01 4.810662517878642741e-01
2.147523225256020851e-01 4.810693774498954745e-01
2.148846616110385022e-01 4.810719697442389919e-01
2.150170356174287145e-01 4.810740982000915600e-01
2.151494451058515445e-01 4.810758232844187243e-01
2.152818905684377448e-01 4.810771975801316214e-01
2.154143724371233581e-01 4.810782668115582417e-01
2.155468910913106995e-01 4.810790707369189123e-01
2.156794468645766572e-01 4.810796439249870882e-01
2.158120400505377234e-01 4.810800164309128601e-01
2.159446709079762272e-01 4.810802143842555778e-01
2.160773396653179190e-01 4.810802605005961574e-01
2.162100465245388181e-01 4.810801745266298779e-01
2.163427916645790094e-01 4.810799736273650429e-01
2.164755752443139891e-01 4.810796727229372793e-01
2.166083974051519756e-01 4.810792847815786866e-01
2.167412582732939075e-01 4.810788210744362248e-01
2.168741579617046999e-01 4.810782913971943797e-01
2.170070965718304268e-01 4.810777042628167077e-01
2.171400741950947066e-01 4.810770670691619233e-01
2.172730909141998012e-01 4.810763862447422490e-01
2.174061468042642886e-01 4.810756673754672530e-01
2.175392419338075811e-01 4.810749153148501933e-01
2.176723763656121524e-01 4.810741342798284248e-01
2.178055501574718278e-01 4.810733279340724811e-01
2.179387633628417087e-01 4.810724994604141380e-01
2.180720160314074951e-01 4.810716516238115470e-01
2.182053082095761765e-01 4.810707868260858944e-01
2.183386399409084078e-01 4.810699071535012306e-01
2.184720112664886027e-01 4.810690144181232197e-01
2.186054222252533930e-01 4.810681101937673287e-01
2.187388728542716820e-01 4.810671958472432230e-01
2.188723631889906984e-01 4.810662725655099892e-01
2.190058932634515454e-01 4.810653413792754796e-01
2.191394631104736646e-01 4.810644031835058509e-01
2.192730727618171782e-01 4.810634587259000061e-01
2.194067222483588320e-01 4.810625080941640097e-01
2.195404116009030127e-01 4.810615519592741918e-01
2.196741408494615744e-01 4.810605909036463346e-01
2.198079100233582550e-01 4.810596279164564004e-01
2.199417191482516687e-01 4.810586645730461908e-01
2.200755682478683917e-01 4.810577007717679598e-01
2.202094573460734173e-01 4.810567364240243005e-01
2.203433864668538911e-01 4.810557714525751649e-01
2.204773556343045948e-01 4.810548057900638219e-01
2.206113648726180099e-01 4.810538390964311795e-01
2.207454142064224079e-01 4.810528706048876613e-01
2.208795036613150631e-01 4.810519004000271548e-01
2.210136332628057643e-01 4.810509285552455050e-01
2.211478030363291103e-01 4.810499551341962388e-01
2.212820130072584157e-01 4.810489801920576070e-01
2.214162632009142873e-01 4.810480037766344807e-01
2.215505536425735333e-01 4.810470259293179729e-01
2.216848843574779626e-01 4.810460466859199924e-01
2.218192553708403514e-01 4.810450660773994414e-01
2.219536667078507719e-01 4.810440841304939319e-01
2.220881183936809777e-01 4.810431008682697351e-01
2.222226104534904267e-01 4.810421163105998987e-01
2.223571429124280852e-01 4.810411304745800254e-01
2.224917157956371183e-01 4.810401433748907607e-01
2.226263291282581103e-01 4.810391550241118197e-01
2.227609829354311177e-01 4.810381654329964340e-01
2.228956772422971966e-01 4.810371746107091062e-01
2.230304120740011220e-01 4.810361825650328327e-01
2.231651874556937198e-01 4.810351893025495151e-01
2.233000034125320332e-01 4.810341948287960578e-01
2.234348599696811266e-01 4.810331991484010361e-01
2.235697571523155014e-01 4.810322022652028795e-01
2.237046949856195399e-01 4.810312041823530671e-01
2.238396734947888655e-01 4.810302049024055560e-01
2.239746927050301761e-01 4.810292044273947187e-01
2.241097526415636310e-01 4.810282027589028453e-01
2.242448533296218238e-01 4.810271998981192065e-01
2.243799947944499218e-01 4.810261958458913467e-01
2.245151770613079134e-01 4.810251906027688817e-01
2.246504001554691654e-01 4.810241841690430231e-01
2.247856641022223934e-01 4.810231765447797181e-01
2.249209689268698575e-01 4.810221677298486265e-01
2.250563146547298055e-01 4.810211577239489333e-01
2.251917013111351951e-01 4.810201465266311649e-01
2.253271289214344997e-01 4.810191341373165064e-01
2.254625975109915414e-01 4.810181204137498057e-01
2.255981071053680120e-01 4.810171042329644542e-01
2.257336577315902926e-01 4.810160857595902062e-01
2.258692494164910858e-01 4.810150651363472307e-01
2.260048821867389202e-01 4.810140424869281950e-01
2.261405560688607708e-01 4.810130179185030941e-01
2.262762710892628482e-01 4.810119915238941224e-01
2.264120272742485562e-01 4.810109633834651621e-01
2.265478246500351456e-01 4.810099335667632481e-01
2.266836632427666198e-01 4.810089021339437609e-01
2.268195430785243105e-01 4.810078691370081039e-01
2.269554641833391451e-01 4.810068346208790646e-01
2.270914265831997236e-01 4.810057986243344019e-01
2.272274303040603405e-01 4.810047611808169754e-01
2.273634753718468682e-01 4.810037223191394595e-01
2.274995618124629193e-01 4.810026820640949663e-01
2.276356896517969797e-01 4.810016404369877874e-01
2.277718589157221030e-01 4.810005974560942477e-01
2.279080696301053199e-01 4.809995531370626076e-01
2.280443218208072498e-01 4.809985074932602300e-01
2.281806155136865688e-01 4.809974605360748390e-01
2.283169507346007321e-01 4.809964122751763660e-01
2.284533275094113303e-01 4.809953627187439351e-01
2.285897458639824520e-01 4.809943118736627610e-01
2.287262058241851803e-01 4.809932597456955672e-01
2.288627074158970931e-01 4.809922063396305236e-01
2.289992506650044002e-01 4.809911516594105874e-01
2.291358355974026650e-01 4.809900957082449691e-01
2.292724622389980260e-01 4.809890384887061665e-01
2.294091306157080290e-01 4.809879800028140084e-01
2.295458407534628487e-01 4.809869202521089848e-01
2.296825926782035954e-01 4.809858592377153630e-01
2.298193864158854238e-01 4.809847969603962548e-01
2.299562219924772277e-01 4.809837334206008563e-01
2.300930994339613900e-01 4.809826686185066369e-01
2.302300187663344766e-01 4.809816025540545881e-01
2.303669800156080416e-01 4.809805352269803658e-01
2.305039832078082385e-01 4.809794666368415461e-01
2.306410283689763752e-01 4.809783967830407736e-01
2.307781155251685812e-01 4.809773256648461337e-01
2.309152447024573618e-01 4.809762532814088609e-01
2.310524159269297384e-01 4.809751798429957037e-01
2.311896292244051687e-01 4.809741053789497456e-01
2.313268846206770479e-01 4.809730298560423445e-01
2.314641821415970024e-01 4.809719532452681467e-01
2.316015218130684228e-01 4.809708755212812603e-01
2.317389036610435493e-01 4.809697966619071452e-01
2.318763277115168386e-01 4.809687166477187859e-01
2.320137939905237145e-01 4.809676354616696514e-01
2.321513025241349892e-01 4.809665530887754503e-01
2.322888533384571685e-01 4.809654695158385174e-01
2.324264464596272894e-01 4.809643847312085052e-01
2.325640819138128923e-01 4.809632987245755498e-01
2.327017597272086347e-01 4.809622114867903031e-01
2.328394799260359027e-01 4.809611230097086687e-01
2.329772425365412847e-01 4.809600332860567984e-01
2.331150475849946557e-01 4.809589423093144078e-01
2.332528950976892057e-01 4.809578500736134687e-01
2.333907851009396628e-01 4.809567565736505013e-01
2.335287176210822657e-01 4.809556618046104681e-01
2.336666926844741254e-01 4.809545657621012715e-01
2.338047103174910879e-01 4.809534684420965767e-01
2.339427705465302598e-01 4.809523698408862402e-01
2.340808733980057343e-01 4.809512699550336778e-01
2.342190188983521437e-01 4.809501687813390602e-01
2.343572070740217173e-01 4.809490663168067281e-01
2.344954379514845866e-01 4.809479625586176588e-01
2.346337115572278420e-01 4.809468575041055405e-01
2.347720279177579750e-01 4.809457511507355676e-01
2.349103870595975196e-01 4.809446434960868988e-01
2.350487890092865517e-01 4.809435345378363924e-01
2.351872337933828550e-01 4.809424242737455057e-01
2.353257214384600893e-01 4.809413127016484157e-01
2.354642519711094006e-01 4.809402020788207111e-01
2.356028254148034018e-01 4.809390938767666990e-01
2.357414417909748650e-01 4.809379875881215072e-01
2.358801011217571408e-01 4.809368827729543217e-01
2.360188034298947857e-01 4.809357790497962304e-01
2.361575487386646244e-01 4.809346760878585036e-01
2.362963370718060563e-01 4.809335736002844364e-01
2.364351684534628795e-01 4.809324713382973071e-01
2.365740429081316376e-01 4.809313690861262702e-01
2.367129604606170168e-01 4.809302666566068196e-01
2.368519211359926269e-01 4.809291638873656183e-01
2.369909249595674727e-01 4.809280606375138101e-01
2.371299719568575881e-01 4.809269567847795357e-01
2.372690621535590572e-01 4.809258522230227539e-01
2.374081955755281137e-01 4.809247468600804098e-01
2.375473722487601580e-01 4.809236406158994837e-01
2.376865921993742969e-01 4.809225334209182856e-01
2.378258554535995495e-01 4.809214252146633006e-01
2.379651620377604415e-01 4.809203159445339382e-01
2.381045119782690123e-01 4.809192055647485975e-01
2.382439053016126573e-01 4.809180940354320644e-01
2.383833420343477172e-01 4.809169813218241440e-01
2.385228222030920109e-01 4.809158673935948758e-01
2.386623458345189519e-01 4.809147522242496753e-01
2.388019129553516917e-01 4.809136357906159120e-01
2.389415235923595671e-01 4.809125180723967663e-01
2.390811777723523546e-01 4.809113990517850934e-01
2.392208755221793826e-01 4.809102787131291357e-01
2.393606168687233970e-01 4.809091570426430318e-01
2.395004018389005895e-01 4.809080340281556287e-01
2.396402304596570165e-01 4.809069096588935444e-01
2.397801027579670174e-01 4.809057839252926514e-01
2.399200187608314938e-01 4.809046568188353188e-01
2.400599784952776039e-01 4.809035283319095799e-01
2.401999819883543774e-01 4.809023984576866750e-01
2.403400292671348804e-01 4.809012671900151359e-01
2.404801203587133285e-01 4.809001345233298585e-01
2.406202552902055314e-01 4.808990004525720563e-01
2.407604340887464223e-01 4.808978649731211474e-01
2.409006567814916677e-01 4.808967280807351918e-01
2.410409233956150865e-01 4.808955897714995431e-01
2.411812339583087328e-01 4.808944500417821066e-01
2.413215884967839509e-01 4.808933088881952589e-01
2.414619870382688493e-01 4.808921663075622077e-01
2.416024296100098556e-01 4.808910222968881265e-01
2.417429162392689679e-01 4.808898768533353962e-01
2.418834469533272524e-01 4.808887299742017896e-01
2.420240217794801252e-01 4.808875816569019856e-01
2.421646407450412652e-01 4.808864318989511943e-01
2.423053038773399503e-01 4.808852806979513894e-01
2.424460112037220005e-01 4.808841280515790406e-01
2.425867627515490565e-01 4.808829739575748996e-01
2.427275585481984965e-01 4.808818184137344520e-01
2.428683986210631585e-01 4.808806614179007566e-01
2.430092829975525892e-01 4.808795029679569510e-01
2.431502117050919898e-01 4.808783430618209787e-01
2.432911847711214659e-01 4.808771816974401481e-01
2.434322022230969440e-01 4.808760188727870810e-01
2.435732640884891720e-01 4.808748545858556600e-01
2.437143703947858564e-01 4.808736888346576976e-01
2.438555211694886371e-01 4.808725216172204386e-01
2.439967164401155020e-01 4.808713529315839508e-01
2.441379562341985665e-01 4.808701827757986824e-01
2.442792405792859889e-01 4.808690111479241303e-01
2.444205695029410264e-01 4.808678380460270074e-01
2.445619430327415911e-01 4.808666634681800223e-01
2.447033611962811939e-01 4.808654874124602130e-01
2.448448240211686666e-01 4.808643098769486701e-01
2.449863315350266080e-01 4.808631308597292042e-01
2.451278837654943255e-01 4.808619503588874022e-01
2.452694807402248101e-01 4.808607683725100723e-01
2.454111224868872898e-01 4.808595848986860766e-01
2.455528090331643709e-01 4.808583999355031113e-01
2.456945404067542860e-01 4.808572134810492060e-01
2.458363166353709217e-01 4.808560255334120015e-01
2.459781377467414321e-01 4.808548360906781394e-01
2.461200037686092357e-01 4.808536451509333176e-01
2.462619147287312404e-01 4.808524527122617354e-01
2.464038706548806745e-01 4.808512587727463150e-01
2.465458715748443941e-01 4.808500630910548801e-01
2.466879175167849825e-01 4.808488651192520114e-01
2.468300085097066554e-01 4.808476649654006008e-01
2.469721445824661910e-01 4.808464627224644516e-01
2.471143257637945789e-01 4.808452584703765131e-01
2.472565520823171992e-01 4.808440522778246740e-01
2.473988235665689206e-01 4.808428442037931960e-01
2.475411402450093667e-01 4.808416342988932612e-01
2.476835021460341013e-01 4.808404226065119413e-01
2.478259092979870903e-01 4.808392091638029608e-01
2.479683617291672526e-01 4.808379940025432897e-01
2.481108594678387291e-01 4.808367771498703869e-01
2.482534025422374890e-01 4.808355586289201344e-01
2.483959909805744104e-01 4.808343384593763425e-01
2.485386248110439955e-01 4.808331166579453697e-01
2.486813040618271742e-01 4.808318932387654066e-01
2.488240287610945234e-01 4.808306682137595267e-01
2.489667989370104029e-01 4.808294415929403320e-01
2.491096146177350645e-01 4.808282133846729089e-01
2.492524758314281219e-01 4.808269835959013139e-01
2.493953826062491885e-01 4.808257522323443056e-01
2.495383349703612363e-01 4.808245192986635441e-01
2.496813329519309288e-01 4.808232847986095293e-01
2.498243765791303139e-01 4.808220487351467787e-01
2.499674658801379346e-01 4.808208111105617411e-01
2.501106008831401883e-01 4.808195719265564994e-01
2.502537816163321049e-01 4.808183311843287067e-01
2.503970081079174848e-01 4.808170888846412527e-01
2.505402803861093153e-01 4.808158450278816054e-01
2.506835984791320193e-01 4.808145996141137690e-01
2.508269624152197896e-01 4.808133526431223048e-01
2.509703722226190314e-01 4.808121041144507446e-01
2.511138279295860865e-01 4.808108540274346754e-01
2.512573295643896198e-01 4.808096023812299391e-01
2.514008771553104538e-01 4.808083491748371685e-01
2.515444707306416228e-01 4.808070944071230479e-01
2.516881103186889845e-01 4.808058380768382989e-01
2.518317959477694434e-01 4.808045801826335564e-01
2.519755276462135041e-01 4.808033207230724138e-01
2.521193054423637725e-01 4.808020596966435800e-01
2.522631293645761774e-01 4.808007971017707050e-01
2.524069994412186935e-01 4.807995329368208171e-01
2.525509157006727290e-01 4.807982672001119284e-01
2.526948781713327374e-01 4.807969998899194186e-01
2.528388868816050516e-01 4.807957310044815857e-01
2.529829418599096047e-01 4.807944605420040873e-01
2.531270431346795968e-01 4.807931885006644368e-01
2.532711907343603297e-01 4.807919148786152230e-01
2.534153846874105942e-01 4.807906396739873300e-01
2.535596250223022818e-01 4.807893628848922685e-01
2.537039117675193856e-01 4.807880845094248401e-01
2.538482449515589434e-01 4.807868045456645256e-01
2.539926246029318713e-01 4.807855229916777051e-01
2.541370507501606868e-01 4.807842398455186017e-01
2.542815234217815634e-01 4.807829551052307804e-01
2.544260426463434976e-01 4.807816687688481472e-01
2.545706084524069213e-01 4.807803808343958374e-01
2.547152210614055945e-01 4.807790912998908817e-01
2.548598806501465308e-01 4.807778001630971798e-01
2.550045872479929088e-01 4.807765074216164836e-01
2.551493408843198418e-01 4.807752130730985063e-01
2.552941415885158771e-01 4.807739171152337621e-01
2.554389893899820518e-01 4.807726195457472373e-01
2.555838843181312270e-01 4.807713203623930065e-01
2.557288264023886981e-01 4.807700195629508455e-01
2.558738156721919177e-01 4.807687171452204589e-01
2.560188521569913278e-01 4.807674131070191481e-01
2.561639358862488614e-01 4.807661074461785922e-01
2.563090668894382751e-01 4.807648001605426269e-01
2.564542451960450942e-01 4.807634912479647471e-01
2.565994708355671672e-01 4.807621807063068298e-01
2.567447438375139446e-01 4.807608685334366361e-01
2.568900642314060345e-01 4.807595547272272007e-01
2.570354320467758691e-01 4.807582392855554998e-01
2.571808473131674821e-01 4.807569173489121273e-01
2.573263100680319160e-01 4.807555877038613423e-01
2.574718203508326031e-01 4.807542512263061063e-01
2.576173781996512480e-01 4.807529086667350349e-01
2.577629836513840589e-01 4.807515606680902165e-01
2.579086367419128889e-01 4.807502077810974495e-01
2.580543375062498979e-01 4.807488504774150573e-01
2.582000927163900506e-01 4.807474891609137546e-01
2.583459028498282795e-01 4.807461241680884845e-01
2.584917679419920233e-01 4.807447557863099852e-01
2.586376880281183732e-01 4.807433842614475816e-01
2.587836631432852141e-01 4.807420098037990530e-01
2.589296933224371489e-01 4.807406325931753432e-01
2.590757786004065921e-01 4.807392527832596851e-01
2.592219190119315897e-01 4.807378705053459433e-01
2.593681145916741371e-01 4.807364858715423850e-01
2.595143653742321699e-01 4.807350989775184824e-01
2.596606713941519984e-01 4.807337099048596962e-01
2.598070326859391876e-01 4.807323187230851391e-01
2.599534492840661626e-01 4.807309254913771923e-01
2.600999256243539670e-01 4.807295302600638753e-01
2.602464642091061875e-01 4.807281330657380836e-01
2.603930650776092870e-01 4.807267339359136415e-01
2.605397282691829797e-01 4.807253328937680648e-01
2.606864538231790096e-01 4.807239299587650616e-01
2.608332417789822055e-01 4.807225251471872740e-01
2.609800921760090930e-01 4.807211184725928010e-01
2.611270050537077836e-01 4.807197099462078294e-01
2.612739804515587516e-01 4.807182995772600331e-01
2.614210184090739464e-01 4.807168873732665659e-01
2.615681189657960704e-01 4.807154733402793645e-01
2.617152821612994118e-01 4.807140612564942406e-01
2.618625080353513823e-01 4.807126574833542887e-01
2.620097966280069413e-01 4.807112568077924197e-01
2.621571479791080517e-01 4.807098556444118764e-01
2.623045621283712769e-01 4.807084538130600992e-01
2.624520391155325538e-01 4.807070511593464768e-01
2.625995789803485247e-01 4.807056475509130511e-01
2.627471817625999240e-01 4.807042428742445694e-01
2.628948475020905784e-01 4.807028370319385568e-01
2.630425762386494060e-01 4.807014299403701840e-01
2.631903680121305267e-01 4.807000215276943655e-01
2.633382228624147614e-01 4.806986117321369045e-01
2.634861408294094098e-01 4.806972005005327175e-01
2.636341219530498603e-01 4.806957877870748352e-01
2.637821662732982575e-01 4.806943735522466454e-01
2.639302738301457230e-01 4.806929577619064586e-01
2.640784446636110783e-01 4.806915403865058001e-01
2.642266788137414002e-01 4.806901214004211664e-01
2.643749763206127423e-01 4.806887007813818169e-01
2.645233372243301351e-01 4.806872785099818302e-01
2.646717615650273081e-01 4.806858545692619944e-01
2.648202493828669124e-01 4.806844289443528151e-01
2.649688007180409643e-01 4.806830016221690927e-01
2.651174156107707902e-01 4.806815725911493531e-01
2.652660938641279720e-01 4.806801418410326932e-01
2.654148354051424907e-01 4.806787093630086050e-01
2.655636402732425294e-01 4.806772751493271212e-01
2.657125085078868576e-01 4.806758391929829011e-01
2.658614401485628886e-01 4.806744014876055404e-01
2.660104352347873458e-01 4.806729620273658687e-01
2.661594938061071502e-01 4.806715198592436677e-01
2.663086159020976451e-01 4.806700750654024912e-01
2.664578015623676466e-01 4.806686277719249278e-01
2.666070508265567796e-01 4.806671780859996801e-01
2.667563637343366989e-01 4.806657260986874070e-01
2.669057403254096461e-01 4.806642718872827236e-01
2.670551806395080052e-01 4.806628155173304773e-01
2.672046847163950800e-01 4.806613570443480921e-01
2.673542525958634841e-01 4.806598965152953928e-01
2.675038843177368064e-01 4.806584339698297681e-01
2.676535799218681677e-01 4.806569694413773131e-01
2.678033394481389440e-01 4.806555029580477090e-01
2.679531629364616530e-01 4.806540345434141548e-01
2.681030504267767900e-01 4.806525642171796120e-01
2.682530019590548265e-01 4.806510919957452943e-01
2.684030175732957102e-01 4.806496178926957241e-01
2.685530973095278662e-01 4.806481419192125126e-01
2.687032412078086407e-01 4.806466640844272442e-01
2.688534493082255783e-01 4.806451843957232906e-01
2.690037216508948115e-01 4.806437028589912175e-01
2.691540582759602840e-01 4.806422194788500524e-01
2.693044592235959156e-01 4.806407342588329135e-01
2.694549245340034926e-01 4.806392472015465489e-01
2.696054542474149440e-01 4.806377583088073946e-01
2.697560484040908979e-01 4.806362675817574259e-01
2.699067018797716710e-01 4.806347750209632452e-01
2.700574125763586797e-01 4.806332806342268338e-01
2.702081805292685934e-01 4.806317844310058485e-01
2.703590057739246322e-01 4.806302864189775370e-01
2.705098883457598968e-01 4.806287866043019719e-01
2.706608282802170362e-01 4.806272849918455381e-01
2.708118256127502455e-01 4.806257815853723359e-01
2.709628803788255436e-01 4.806242763877067725e-01
2.711139926139222722e-01 4.806227694008721740e-01
2.712651623535334289e-01 4.806212606262089126e-01
2.714163896331654446e-01 4.806197500644747156e-01
2.715676744883400162e-01 4.806182377159309849e-01
2.717190167646482135e-01 4.806167235804155169e-01
2.718704096963308614e-01 4.806152076576931109e-01
2.720218533145493112e-01 4.806136899575215726e-01
2.721733476504520910e-01 4.806121704878463241e-01
2.723248927351751836e-01 4.806106492550694109e-01
2.724764885998456343e-01 4.806091262642787076e-01
2.726281352755853260e-01 4.806076015194434836e-01
2.727798327935110900e-01 4.806060750235799373e-01
2.729315811847351503e-01 4.806045467788931935e-01
2.730833804803693421e-01 4.806030167868972081e-01
2.732352307115243351e-01 4.806014850485176293e-01
2.733871319093096885e-01 4.805999515641787290e-01
2.735390841048370714e-01 4.805984163338776760e-01
2.736910873292185964e-01 4.805968793572475972e-01
2.738431416135690966e-01 4.805953406336115341e-01
2.739952469890059028e-01 4.805938001620278510e-01
2.741474034866475118e-01 4.805922579413292040e-01
2.742996111376172497e-01 4.805907139701557362e-01
2.744518699730402189e-01 4.805891682469830006e-01
2.746041800240461295e-01 4.805876207701460512e-01
2.747565414284883212e-01 4.805860715378597603e-01
2.749089552604762621e-01 4.805845205480696047e-01
2.750614215505460813e-01 4.805829633384406940e-01
2.752139403373938809e-01 4.805813985018637102e-01
2.753665116623111309e-01 4.805798269113012999e-01
2.755191355650123963e-01 4.805782493080040241e-01
2.756718120838696495e-01 4.805766663212662215e-01
2.758245412561091681e-01 4.805750784852270141e-01
2.759773231179839525e-01 4.805734862531561014e-01
2.761301577049158906e-01 4.805718900096002666e-01
2.762830450516196579e-01 4.805702900807108935e-01
2.764359851922060796e-01 4.805686867430229992e-01
2.765889781602711706e-01 4.805670802309182088e-01
2.767420239889718525e-01 4.805654707429677375e-01
2.768951227110900137e-01 4.805638584473238550e-01
2.770482743590864660e-01 4.805622434863009440e-01
2.772014789651473521e-01 4.805606259802692182e-01
2.773547365612252791e-01 4.805590060309624101e-01
2.775080471790696834e-01 4.805573837242885782e-01
2.776614108502580835e-01 4.805557591327179190e-01
2.778148276062182287e-01 4.805541323173106449e-01
2.779682974782505256e-01 4.805525033294403281e-01
2.781218204975427488e-01 4.805508722122568965e-01
2.782753966951883595e-01 4.805492390019294735e-01
2.784290261021954982e-01 4.805476037287013669e-01
2.785827087494986976e-01 4.805459664177865187e-01
2.787364446679708174e-01 4.805443270901301744e-01
2.788902338884258758e-01 4.805426857630547555e-01
2.790440764416285413e-01 4.805410424508079203e-01
2.791979723582987405e-01 4.805393971650282481e-01
2.793519216691163209e-01 4.805377499151403664e-01
2.795059244047253810e-01 4.805361007086895730e-01
2.796599805957371565e-01 4.805344495516268855e-01
2.798140902727319634e-01 4.805327964485504033e-01
2.799682534662631395e-01 4.805311414029098116e-01
2.801224702068583761e-01 4.805294844171801860e-01
2.802767405250201072e-01 4.805278254930097637e-01
2.804310644512288397e-01 4.805261646313445101e-01
2.805854420159432649e-01 4.805245018325342010e-01
2.807398732496012572e-01 4.805228370964227391e-01
2.808943581826199298e-01 4.805211704224239266e-01
2.810488968453980774e-01 4.805195018095865800e-01
2.812034892683147880e-01 4.805178312566489307e-01
2.813581354817316083e-01 4.805161587620852548e-01
2.815128355159912110e-01 4.805144843241454522e-01
2.816675894014182835e-01 4.805128079408882980e-01
2.818223971683206930e-01 4.805111296102095864e-01
2.819772602060363065e-01 4.805094493298662783e-01
2.821321826859146675e-01 4.805077670951923285e-01
2.822871646427069781e-01 4.805060828947369522e-01
2.824422061111850346e-01 4.805043967183140197e-01
2.825973071261342895e-01 4.805027085568061573e-01
2.827524677223558491e-01 4.805010184020012676e-01
2.829076879346618112e-01 4.804993262464511417e-01
2.830629677978718783e-01 4.804976320833537207e-01
2.832183073468145795e-01 4.804959359064528424e-01
2.833737066163229956e-01 4.804942377099528095e-01
2.835291687239227532e-01 4.804925374884470579e-01
2.836846958387381767e-01 4.804908352315598319e-01
2.838402880008540907e-01 4.804891309263243926e-01
2.839959452503994508e-01 4.804874245612370531e-01
2.841516670145206036e-01 4.804857161260304155e-01
2.843074527713012611e-01 4.804840056125404546e-01
2.844633025615069255e-01 4.804822930142965132e-01
2.846192164259461199e-01 4.804805783252873996e-01
2.847751944054660034e-01 4.804788615398889462e-01
2.849312365409532033e-01 4.804771426528033351e-01
2.850873428733326498e-01 4.804754216590072513e-01
2.852435134435653552e-01 4.804736985537081950e-01
2.853997482926493579e-01 4.804719733323075115e-01
2.855560474616176125e-01 4.804702459903690270e-01
2.857124109915396559e-01 4.804685165235929034e-01
2.858688389235184424e-01 4.804667849277928227e-01
2.860253312986926200e-01 4.804650511988775574e-01
2.861818881582343099e-01 4.804633153328345951e-01
2.863385095433496619e-01 4.804615773257168154e-01
2.864951954952791313e-01 4.804598371736309437e-01
2.866519460552954812e-01 4.804580948727280032e-01
2.868087612647062246e-01 4.804563504191952106e-01
2.869656411648507932e-01 4.804546038092487592e-01
2.871225857971030915e-01 4.804528550391282682e-01
2.872795952028689426e-01 4.804511041050916753e-01
2.874366694235876984e-01 4.804493508885506747e-01
2.875938085084842610e-01 4.804475951081170759e-01
2.877510125016394249e-01 4.804458368211582120e-01
2.879082814456381811e-01 4.804440760754865591e-01
2.880656153829436183e-01 4.804423129108515989e-01
2.882230143559204039e-01 4.804405473601983667e-01
2.883804784068561555e-01 4.804387794507286591e-01
2.885380075779779285e-01 4.804370092047982044e-01
2.886956019114659266e-01 4.804352366406727248e-01
2.888532614494672690e-01 4.804334617731671475e-01
2.890109862341059266e-01 4.804316846141842845e-01
2.891687763074904383e-01 4.804299051731699133e-01
2.893266317117224595e-01 4.804281234574965254e-01
2.894845524889029797e-01 4.804263394727866787e-01
2.896425386811369296e-01 4.804245532231869453e-01
2.898005903305377329e-01 4.804227647115978939e-01
2.899587074792315256e-01 4.804209739398683232e-01
2.901168901693601532e-01 4.804191809089592979e-01
2.902751360377857082e-01 4.804173856190825931e-01
2.904334417995023676e-01 4.804155880742036477e-01
2.905918074915253557e-01 4.804137882831478468e-01
2.907502331508526883e-01 4.804119862527791995e-01
2.909087188144713898e-01 4.804101819883080937e-01
2.910672645193595476e-01 4.804083754935506434e-01
2.912258703024924733e-01 4.804065667711471255e-01
2.913845362008435913e-01 4.804047558227469428e-01
2.915432622513860483e-01 4.804029426491631116e-01
2.917020484910975986e-01 4.804011272505035457e-01
2.918608905894862215e-01 4.803993096262810236e-01
2.920197875126037124e-01 4.803974897835822100e-01
2.921787392921830762e-01 4.803956677225432736e-01
2.923377459599464379e-01 4.803938434486079712e-01
2.924968075475914975e-01 4.803920169671746510e-01
2.926559240867919742e-01 4.803901882822328440e-01
2.928150956092025470e-01 4.803883573965853082e-01
2.929743224090946563e-01 4.803865243120358230e-01
2.931336057394121064e-01 4.803846890290553451e-01
2.932929456287208803e-01 4.803828515467731264e-01
2.934523421055502124e-01 4.803810118688786046e-01
2.936117951983818752e-01 4.803791699913562141e-01
2.937713049356676653e-01 4.803773259102694926e-01
2.939308713458272382e-01 4.803754796217474254e-01
2.940904944572492186e-01 4.803736311219730104e-01
2.942501742982904789e-01 4.803717804071730435e-01
2.944099108972764167e-01 4.803699274736106806e-01
2.945697042825003442e-01 4.803680723175778877e-01
2.947295544822218782e-01 4.803662149353899458e-01
2.948894615246690498e-01 4.803643553233805652e-01
2.950494254380363612e-01 4.803624934778977229e-01
2.952094462504862293e-01 4.803606293953002759e-01
2.953695239901466540e-01 4.803587630719548529e-01
2.955296586851122176e-01 4.803568945042339666e-01
2.956898503634446951e-01 4.803550236885131830e-01
2.958500990531710562e-01 4.803531506211699553e-01
2.960104047822847972e-01 4.803512752985821255e-01
2.961707675787447758e-01 4.803493977171263696e-01
2.963311874704753213e-01 4.803475178731774764e-01
2.964916644853668459e-01 4.803456357631073481e-01
2.966521986512744569e-01 4.803437513832842787e-01
2.968127899960185112e-01 4.803418647300724542e-01
2.969734385473843941e-01 4.803399767146873112e-01
2.971341443310726027e-01 4.803380917924833793e-01
2.972949073627419447e-01 4.803362090732308243e-01
2.974557276597308841e-01 4.803343278107496950e-01
2.976166052324604738e-01 4.803324473795710925e-01
2.977775401013950662e-01 4.803305672553832006e-01
2.979385322881080711e-01 4.803286866993996540e-01
2.980995818157703980e-01 4.803268049665552764e-01
2.982606887091747150e-01 4.803249218599397463e-01
2.984218529935008801e-01 4.803230372140722682e-01
2.985830746942512715e-01 4.803211508897921589e-01
2.987443538371904461e-01 4.803192627699773287e-01
2.989056904482962906e-01 4.803173727559575945e-01
2.990670845537198308e-01 4.803154807645092506e-01
2.992285361797512588e-01 4.803135867253378044e-01
2.993900453527912897e-01 4.803116905789694413e-01
2.995516120993259590e-01 4.803097922749853255e-01
2.997132364459091369e-01 4.803078917705426165e-01
2.998749184191414896e-01 4.803059890291366263e-01
3.000366580456597654e-01 4.803040862508632936e-01
3.001984553470046779e-01 4.803021861954927529e-01
3.003603103383068462e-01 4.803002879992599450e-01
3.005222230365869884e-01 4.802983909401825624e-01
3.006841934604387867e-01 4.802964944147414261e-01
3.008462216297662639e-01 4.802945979183841918e-01
3.010083075655602958e-01 4.802927003657486149e-01
3.011704512912498077e-01 4.802908013425734035e-01
3.013326528311587871e-01 4.802889006748751743e-01
3.014949122099564449e-01 4.802869982167001783e-01
3.016572294525941555e-01 4.802850938454981122e-01
3.018196045842525543e-01 4.802831874582577099e-01
3.019820376302953524e-01 4.802812789682779915e-01
3.021445286162354193e-01 4.802793683024711435e-01
3.023070769571915006e-01 4.802774553991102646e-01
3.024696817823601114e-01 4.802755402071629542e-01
3.026323431207575410e-01 4.802736226850938261e-01
3.027950610014686905e-01 4.802717027975016983e-01
3.029578354536358598e-01 4.802697805141013521e-01
3.031206665064455352e-01 4.802678558088740446e-01
3.032835541891206188e-01 4.802659286593577437e-01
3.034464985309094920e-01 4.802640001108720025e-01
3.036094995586298695e-01 4.802620709300138291e-01
3.037725572972944654e-01 4.802601407980628401e-01
3.039356717726079404e-01 4.802582094486961273e-01
3.040988430108502172e-01 4.802562766592720633e-01
3.042620710387780036e-01 4.802543422435597287e-01
3.044253558835433582e-01 4.802524060456747623e-01
3.045886975726270207e-01 4.802504679350220185e-01
3.047520961337790713e-01 4.802485278020783843e-01
3.049155515949729112e-01 4.802465855548764262e-01
3.050790639843659613e-01 4.802446411160727902e-01
3.052426333302662442e-01 4.802426944729765168e-01
3.054062596609806168e-01 4.802407459972172221e-01
3.055699430039164333e-01 4.802387955565826649e-01
3.057336833867559944e-01 4.802368430402769173e-01
3.058974808374101961e-01 4.802348902585176216e-01
3.060613353794936486e-01 4.802329373246699284e-01
3.062252470363023837e-01 4.802309838256775820e-01
3.063892158320536407e-01 4.802290294171620566e-01
3.065532417917284369e-01 4.802270738119090443e-01
3.067173249409421154e-01 4.802251167702783485e-01
3.068814653058360431e-01 4.802231580922184939e-01
3.070456629129847403e-01 4.802211976106172675e-01
3.072099177893223843e-01 4.802192351857657027e-01
3.073742299620779161e-01 4.802172707007493213e-01
3.075385994587239158e-01 4.802153040576125353e-01
3.077030263069316374e-01 4.802133351741658673e-01
3.078675105345352603e-01 4.802113639813295753e-01
3.080320521695014691e-01 4.802093904209228103e-01
3.081966512399033076e-01 4.802074144438244763e-01
3.083613077739002506e-01 4.802054360084436757e-01
3.085260217997197740e-01 4.802034550794472278e-01
3.086907933456415898e-01 4.802014716267010708e-01
3.088556224399872652e-01 4.801994856243904652e-01
3.090205091111098978e-01 4.801974970502884132e-01
3.091854533873846234e-01 4.801955058851472002e-01
3.093504552972011212e-01 4.801935121121926331e-01
3.095155148689595070e-01 4.801915157167040982e-01
3.096806321310626720e-01 4.801895166856649522e-01
3.098458071119148949e-01 4.801875150074725873e-01
3.100110398399165690e-01 4.801855106716969579e-01
3.101763303434615926e-01 4.801835049631435481e-01
3.103416786477662392e-01 4.801814978255206090e-01
3.105070847781369880e-01 4.801794890348797806e-01
3.106725487603821945e-01 4.801774784047000422e-01
3.108380706207258815e-01 4.801754657795113679e-01
3.110036503857309675e-01 4.801734510296014058e-01
3.111692880822394813e-01 4.801714340466217146e-01
3.113349837373214357e-01 4.801694147399410695e-01
3.115007373782322508e-01 4.801673930336188834e-01
3.116665490323766163e-01 4.801653688638941597e-01
3.118324187272806802e-01 4.801633421771021593e-01
3.119983464905667914e-01 4.801613129279461156e-01
3.121643323499331824e-01 4.801592810780637710e-01
3.123303763331379823e-01 4.801572465948383828e-01
3.124964784679845065e-01 4.801552094504134005e-01
3.126626387823095432e-01 4.801531696208739541e-01
3.128288573039739173e-01 4.801511270855703395e-01
3.129951340608546628e-01 4.801490818265556348e-01
3.131614690808370849e-01 4.801470338281205730e-01
3.133278623918114292e-01 4.801449830764074611e-01
3.134943140216654434e-01 4.801429295590902147e-01
3.136608239982828783e-01 4.801408732651102906e-01
3.138273923495391027e-01 4.801388141844566415e-01
3.139940191032977168e-01 4.801367523079841382e-01
3.141607042874103861e-01 4.801346876272630793e-01
3.143274479297117896e-01 4.801326201344546796e-01
3.144942500580211187e-01 4.801305498222076529e-01
3.146611107001388019e-01 4.801284766835730577e-01
3.148280298838457836e-01 4.801264007119333543e-01
3.149950076369017471e-01 4.801243219009438956e-01
3.151620439870469470e-01 4.801222402444849102e-01
3.153291389619970464e-01 4.801201557366207018e-01
3.154962925894472803e-01 4.801180683715670638e-01
3.156635048970686808e-01 4.801159781436638574e-01
3.158307759125079661e-01 4.801138850473519182e-01
3.159981056633882623e-01 4.801117890771546826e-01
3.161654941773079930e-01 4.801096902276624778e-01
3.163329414818404350e-01 4.801075884935201987e-01
3.165004476045332193e-01 4.801054838694150395e-01
3.166680125729089412e-01 4.801033763500702212e-01
3.168356364144634396e-01 4.801012659302360541e-01
3.170033191566667408e-01 4.800991526046845537e-01
3.171710608269623921e-01 4.800970367370271941e-01
3.173388614518033446e-01 4.800949182527347037e-01
3.175067210577906529e-01 4.800927970888316798e-01
3.176746396716468857e-01 4.800906731925090876e-01
3.178426173201899241e-01 4.800885465193462931e-01
3.180106540303088702e-01 4.800864170318423496e-01
3.181787498289488370e-01 4.800842848573396160e-01
3.183469047426751852e-01 4.800821501280967407e-01
3.185151187976574816e-01 4.800800127655075467e-01
3.186833920202277737e-01 4.800778727039584637e-01
3.188517263277512170e-01 4.800757298885469093e-01
3.190201238266073269e-01 4.800735842688756971e-01
3.191885845528547039e-01 4.800714357978086433e-01
3.193571085426497591e-01 4.800692844356266864e-01
3.195256958322318930e-01 4.800671301487206000e-01
3.196943491947252802e-01 4.800649729085146311e-01
3.198630703163972688e-01 4.800628126842662047e-01
3.200318592435662524e-01 4.800606494459316309e-01
3.202007160226363891e-01 4.800584831678191833e-01
3.203696407000864999e-01 4.800563138278200470e-01
3.205386333224652384e-01 4.800541414067733825e-01
3.207076939363830426e-01 4.800519658879428553e-01
3.208768225885089698e-01 4.800497872565886448e-01
3.210460193255658123e-01 4.800476054996089537e-01
3.212152841943262671e-01 4.800454206052507389e-01
3.213846172416108815e-01 4.800432325628678498e-01
3.215540185142857221e-01 4.800410413627240191e-01
3.217234880592614865e-01 4.800388469958284943e-01
3.218930259234891178e-01 4.800366494538033657e-01
3.220626321539624692e-01 4.800344487287723227e-01
3.222323067977145294e-01 4.800322448132696151e-01
3.224020499018174224e-01 4.800300377001657792e-01
3.225718615133816858e-01 4.800278273826059650e-01
3.227417416795558269e-01 4.800256138539591988e-01
3.229116904475264338e-01 4.800233971077770279e-01
3.230817078645162876e-01 4.800211771377593251e-01
3.232517939777863059e-01 4.800189540432437951e-01
3.234219488344067805e-01 4.800167281550600240e-01
3.235921724807608868e-01 4.800144993899101431e-01
3.237624649634295304e-01 4.800122676784774334e-01
3.239328263291640364e-01 4.800100329629218288e-01
3.241032566248610580e-01 4.800077951948218957e-01
3.242737558975430368e-01 4.800055543334848518e-01
3.244443241943413825e-01 4.800033103445585092e-01
3.246149615624843165e-01 4.800010631988910204e-01
3.247856680492858250e-01 4.799988128715952374e-01
3.249564437021359997e-01 4.799965593412801046e-01
3.251272885684940439e-01 4.799943025894202187e-01
3.252982026958828321e-01 4.799920425998377982e-01
3.254691873223815590e-01 4.799897793582785233e-01
3.256402433041548639e-01 4.799875128491550291e-01
3.258113706969103518e-01 4.799852430567085326e-01
3.259825695564764758e-01 4.799829699669900807e-01
3.261538405906716509e-01 4.799806935675321462e-01
3.263251854618765546e-01 4.799784138454756821e-01
3.264966042349172204e-01 4.799761307852806747e-01
3.266680969748074759e-01 4.799738443731345061e-01
3.268396637467433363e-01 4.799715546466501448e-01
3.270113046159782155e-01 4.799692634860989737e-01
3.271830196432613524e-01 4.799669705203689074e-01
3.273548088903868725e-01 4.799646754448363972e-01
3.275266724200341373e-01 4.799623780092844849e-01
3.276986102956401803e-01 4.799600780080105489e-01
3.278706225812920150e-01 4.799577752717253398e-01
3.280427093416427020e-01 4.799554696609217852e-01
3.282148706418375195e-01 4.799531610604469423e-01
3.283871065474592843e-01 4.799508493750598848e-01
3.285594171244790029e-01 4.799485345257965552e-01
3.287318024392174576e-01 4.799462164469960879e-01
3.289042625583159518e-01 4.799438950838678108e-01
3.290767975487081110e-01 4.799415703905016706e-01
3.292494074775998980e-01 4.799392423282408116e-01
3.294220924124545702e-01 4.799369108643514736e-01
3.295948524209764141e-01 4.799345759709351955e-01
3.297676875711015310e-01 4.799322376240396371e-01
3.299405979309881776e-01 4.799298958029321049e-01
3.301135835690109377e-01 4.799275504895061384e-01
3.302866445537527285e-01 4.799252016677957311e-01
3.304597777238930667e-01 4.799228493235796478e-01
3.306329823826427150e-01 4.799204934523254584e-01
3.308062585892195262e-01 4.799181340511197158e-01
3.309796064029788543e-01 4.799157711164347417e-01
3.311530258834176066e-01 4.799134046442389834e-01
3.313265128590022202e-01 4.799110346300877739e-01
3.315000672050231745e-01 4.799086610801241437e-01
3.316736889713533531e-01 4.799062839986988904e-01
3.318473789433604160e-01 4.799039033882488980e-01
3.320211372275982398e-01 4.799015192477394387e-01
3.321949638685668948e-01 4.798991315750629205e-01
3.323688589108613756e-01 4.798967403673963794e-01
3.325428223991737653e-01 4.798943456213322079e-01
3.327168543782952903e-01 4.798919473329845142e-01
3.328909548931192619e-01 4.798895454980756647e-01
3.330651239886418535e-01 4.798871401120071156e-01
3.332393617099650429e-01 4.798847311699168672e-01
3.334136681022969451e-01 4.798823186667263707e-01
3.335880432109537552e-01 4.798799025971785537e-01
3.337624870813607481e-01 4.798774829558691835e-01
3.339369997590534433e-01 4.798750597372721249e-01
3.341115803293258080e-01 4.798726329357594911e-01
3.342862283335698015e-01 4.798702025481719757e-01
3.344609438029618742e-01 4.798677685721516872e-01
3.346357267687968817e-01 4.798653310046897547e-01
3.348105758153007150e-01 4.798628898422458433e-01
3.349854900502901023e-01 4.798604450847213654e-01
3.351604694963139508e-01 4.798579967334242746e-01
3.353355141759661318e-01 4.798555447883566805e-01
3.355106241118895327e-01 4.798530892484577093e-01
3.356857993267818308e-01 4.798506301118020678e-01
3.358610398433957700e-01 4.798481673757601373e-01
3.360363456845434915e-01 4.798457010371291465e-01
3.362117168730960892e-01 4.798432310922395860e-01
3.363871534319871071e-01 4.798407575370408629e-01
3.365626553842147040e-01 4.798382803671716323e-01
3.367382227528407657e-01 4.798357995780165863e-01
3.369138555609930696e-01 4.798333151647529715e-01
3.370895543945581774e-01 4.798308271223878374e-01
3.372653193739379440e-01 4.798283354442454685e-01
3.374411505172383308e-01 4.798258401235562243e-01
3.376170478427267807e-01 4.798233411537531357e-01
3.377930113688354385e-01 4.798208385284316035e-01
3.379690411141592077e-01 4.798183322413166474e-01
3.381451370974565274e-01 4.798158222862360378e-01
3.383212993376502609e-01 4.798133086570991468e-01
3.384975278538266408e-01 4.798107913478792397e-01
3.386738226652369343e-01 4.798082703525993753e-01
3.388501837912968884e-01 4.798057456653207486e-01
3.390266112515881169e-01 4.798032172801336981e-01
3.392031050658572688e-01 4.798006851911499338e-01
3.393796652540184700e-01 4.797981493924964314e-01
3.395562918361512139e-01 4.797956098783106027e-01
3.397329848325040258e-01 4.797930666427361879e-01
3.399097442634929633e-01 4.797905196799197580e-01
3.400865701497019500e-01 4.797879689840086614e-01
3.402634625118852174e-01 4.797854145491484701e-01
3.404404213709653071e-01 4.797828563694808701e-01
3.406174467480360124e-01 4.797802944391432733e-01
3.407945386643616015e-01 4.797777287522668188e-01
3.409716971413783715e-01 4.797751593029757622e-01
3.411489222006940936e-01 4.797725860853866431e-01
3.413262138640901222e-01 4.797700090936076744e-01
3.415035721535201185e-01 4.797674283217382984e-01
3.416809970911117711e-01 4.797648437638687979e-01
3.418584886991674621e-01 4.797622554140790752e-01
3.420360470001657105e-01 4.797596632664412608e-01
3.422136720167588408e-01 4.797570673150154952e-01
3.423913637717765357e-01 4.797544675538521486e-01
3.425691222758033838e-01 4.797518639769911553e-01
3.427469472899995484e-01 4.797492565784982621e-01
3.429248387331461645e-01 4.797466453531839536e-01
3.431027962078214144e-01 4.797440302960013780e-01
3.432808197431538311e-01 4.797414114029415200e-01
3.434589093683674821e-01 4.797387886695878567e-01
3.436370651127862996e-01 4.797361620911933522e-01
3.438152870058343025e-01 4.797335316627422963e-01
3.439935750770369283e-01 4.797308973790013198e-01
3.441719293560221438e-01 4.797282592345593621e-01
3.443503501367214392e-01 4.797256172238602012e-01
3.445288384182115804e-01 4.797229713404471685e-01
3.447073942384267231e-01 4.797203215750430738e-01
3.448860176354714979e-01 4.797176679189419368e-01
3.450647086476207326e-01 4.797150103638952445e-01
3.452434673133157883e-01 4.797123489020197473e-01
3.454222936711668357e-01 4.797096835257236846e-01
3.456011877599511894e-01 4.797070142276472771e-01
3.457801496186141965e-01 4.797043410006147646e-01
3.459591787802644980e-01 4.797016610061450304e-01
3.461382751201627639e-01 4.796989740906603683e-01
3.463174386931255344e-01 4.796962806617554032e-01
3.464966695527100793e-01 4.796935764395071633e-01
3.466759677670472328e-01 4.796908605419041294e-01
3.468553335850906305e-01 4.796881320804363136e-01
3.470347684182235604e-01 4.796853927863919398e-01
3.472142723442103174e-01 4.796826440423574978e-01
3.473938454364575157e-01 4.796798869552477695e-01
3.475734877648991583e-01 4.796771224108192788e-01
3.477531993967055701e-01 4.796743511174382801e-01
3.479329803968559398e-01 4.796715736412169862e-01
3.481128308285977302e-01 4.796687904342112896e-01
3.482927507538146616e-01 4.796660018570481077e-01
3.484727402333246959e-01 4.796632081970776396e-01
3.486527993271176240e-01 4.796604096829339969e-01
3.488329280945461353e-01 4.796576064962108088e-01
3.490131265944814709e-01 4.796547987808230107e-01
3.491933948854351599e-01 4.796519866505107310e-01
3.493737330256599938e-01 4.796491701948534248e-01
3.495541410732282972e-01 4.796463494840889075e-01
3.497346190860984305e-01 4.796435245729736563e-01
3.499151671221633619e-01 4.796406955038745590e-01
3.500957854043020845e-01 4.796378623092454330e-01
3.502764740795228371e-01 4.796350250130780313e-01
3.504572332035283955e-01 4.796321836328376054e-01
3.506380628321488779e-01 4.796293381810629031e-01
3.508189630213583987e-01 4.796264886663523241e-01
3.509999338272901115e-01 4.796236350941528448e-01
3.511809753062455908e-01 4.796207774673899027e-01
3.513620875147067668e-01 4.796179157869731036e-01
3.515432705093418653e-01 4.796150482996077713e-01
3.517245243531148535e-01 4.796121734407503556e-01
3.519058491146785372e-01 4.796092918924650395e-01
3.520872448605656402e-01 4.796064041976251247e-01
3.522687116556584286e-01 4.796035107879260129e-01
3.524502495635629118e-01 4.796006120062786815e-01
3.526318586469109895e-01 4.795977081247075891e-01
3.528135389675995381e-01 4.795947993586521241e-01
3.529952905869847557e-01 4.795918858783924654e-01
3.531771135660357053e-01 4.795889678181748939e-01
3.533590079654584937e-01 4.795860452834994070e-01
3.535409738043292505e-01 4.795831183569374545e-01
3.537230104908883344e-01 4.795801871029144459e-01
3.539051180926280349e-01 4.795772515734323949e-01
3.540872966770604591e-01 4.795743118083868883e-01
3.542695463117584431e-01 4.795713678380242317e-01
3.544518670643911906e-01 4.795684196849006597e-01
3.546342590027515285e-01 4.795654673654443090e-01
3.548167222068659976e-01 4.795625108912008328e-01
3.549992569945444321e-01 4.795595502697846957e-01
3.551818634336155189e-01 4.795565855048721793e-01
3.553645415921707906e-01 4.795536165978493970e-01
3.555472915385751165e-01 4.795506435482766450e-01
3.557301131913211956e-01 4.795476663542588280e-01
3.559130055525550618e-01 4.795446850132531469e-01
3.560959686835151738e-01 4.795416995253377612e-01
3.562790026456643111e-01 4.795387098890540600e-01
3.564621075006956241e-01 4.795357161017190784e-01
3.566452833105367426e-01 4.795327181596741872e-01
3.568285301373552709e-01 4.795297160584819918e-01
3.570118480435618968e-01 4.795267097930837608e-01
3.571952370918113351e-01 4.795236993579244933e-01
3.573786973450074345e-01 4.795206868552971957e-01
3.575622288583360509e-01 4.795176751002138138e-01
3.577458316765033675e-01 4.795146640492798373e-01
3.579295058444901256e-01 4.795116526649797484e-01
3.581132514113333221e-01 4.795086401244157970e-01
3.582970681255348011e-01 4.795056257747418726e-01
3.584809548449068295e-01 4.795026090988769862e-01
3.586649116169867701e-01 4.794995896903815891e-01
3.588489384910201196e-01 4.794965672262851974e-01
3.590330355176475363e-01 4.794935414496893644e-01
3.592172027486574271e-01 4.794905121559828731e-01
3.594014402367873284e-01 4.794874791819228044e-01
3.595857480355686975e-01 4.794844423969870095e-01
3.597701261992036215e-01 4.794814016965273651e-01
3.599545747824662856e-01 4.794783569963501635e-01
3.601390938406249798e-01 4.794753082284267109e-01
3.603236834293811475e-01 4.794722553375005414e-01
3.605083436048214796e-01 4.794691982784025641e-01
3.606930744233787234e-01 4.794661370139288725e-01
3.608778759417997639e-01 4.794630715131620313e-01
3.610627482171249181e-01 4.794600017501452482e-01
3.612476911749943898e-01 4.794569277028334353e-01
3.614327047459945930e-01 4.794538493527384926e-01
3.616177889904144127e-01 4.794507666841600901e-01
3.618029439687068805e-01 4.794476796831288468e-01
3.619881697414857880e-01 4.794445883370375139e-01
3.621734663695184153e-01 4.794414926343491534e-01
3.623588339137224779e-01 4.794383925643679323e-01
3.625442724351612411e-01 4.794352881170576008e-01
3.627297819950428548e-01 4.794321792828986628e-01
3.629153626547177436e-01 4.794290660527751879e-01
3.631010144756768865e-01 4.794259484178864938e-01
3.632867375195503179e-01 4.794228263696770909e-01
3.634725318481066836e-01 4.794196998997810044e-01
3.636583975232519084e-01 4.794165689999788094e-01
3.638443346070295292e-01 4.794134336621626580e-01
3.640303431616198626e-01 4.794102938783105228e-01
3.642164232493393383e-01 4.794071496404638810e-01
3.644025749326410546e-01 4.794040009407116720e-01
3.645887982741131683e-01 4.794008477711767524e-01
3.647750933364802828e-01 4.793976901240057931e-01
3.649614601826035587e-01 4.793945279913611746e-01
3.651478988754789379e-01 4.793913613654140482e-01
3.653344094782386420e-01 4.793881902383399507e-01
3.655209920541504509e-01 4.793850146023147518e-01
3.657076466666183689e-01 4.793818344495113792e-01
3.658943733791817920e-01 4.793786497720971540e-01
3.660811721391746265e-01 4.793754605622322917e-01
3.662680428645471720e-01 4.793722668125079966e-01
3.664549856198766054e-01 4.793690685159642251e-01
3.666420004697973356e-01 4.793658656654350425e-01
3.668290874790022804e-01 4.793626582535907010e-01
3.670162467122435324e-01 4.793594462729702799e-01
3.672034782343329140e-01 4.793562297160072760e-01
3.673907821101408122e-01 4.793530074538314145e-01
3.675781584094592325e-01 4.793497797218884693e-01
3.677656072011157296e-01 4.793465467145413550e-01
3.679531285531446039e-01 4.793433085818232797e-01
3.681407225329719757e-01 4.793400654391112292e-01
3.683283892075625565e-01 4.793368173746956340e-01
3.685161286435306716e-01 4.793335644557021880e-01
3.687039409072317975e-01 4.793303067327224776e-01
3.688918260648325620e-01 4.793270442434344192e-01
3.690797841823644787e-01 4.793237770154322730e-01
3.692678153257658580e-01 4.793205050684376523e-01
3.694559195609166680e-01 4.793172284160267527e-01
3.696440969536637366e-01 4.793139470669797175e-01
3.698323475698419016e-01 4.793106610263332956e-01
3.700206714752889425e-01 4.793073702962032945e-01
3.702090687358593479e-01 4.793040748764259007e-01
3.703975394174336411e-01 4.793007747650581130e-01
3.705860835859248748e-01 4.792974699587678189e-01
3.707747013072852926e-01 4.792941604531380517e-01
3.709633926475114918e-01 4.792908462429043559e-01
3.711521576726469207e-01 4.792875273221395838e-01
3.713409964487858206e-01 4.792842036843973363e-01
3.715299090420747241e-01 4.792808753228245955e-01
3.717188955187146759e-01 4.792775422302484878e-01
3.719079559449612882e-01 4.792742043992448409e-01
3.720970903871271829e-01 4.792708618221905303e-01
3.722862989115819921e-01 4.792675144913047247e-01
3.724755815847536899e-01 4.792641623986807486e-01
3.726649384731275383e-01 4.792608055363109520e-01
3.728543696432481958e-01 4.792574438961063055e-01
3.730438751617187743e-01 4.792540774699109440e-01
3.732334550952024488e-01 4.792507062495142134e-01
3.734231095104204590e-01 4.792473302266593294e-01
3.736128384741547737e-01 4.792439493930505945e-01
3.738026420532452043e-01 4.792405637403589491e-01
3.739925203145926247e-01 4.792371732602260792e-01
3.741824733251568613e-01 4.792337779442671919e-01
3.743725011519568602e-01 4.792303777840747903e-01
3.745626038620712972e-01 4.792269727712190619e-01
3.747527815226391334e-01 4.792235628972505435e-01
3.749430342008585049e-01 4.792201481537010088e-01
3.751333619639872774e-01 4.792167285320841352e-01
3.753237648793426584e-01 4.792133046582566225e-01
3.755142430112863861e-01 4.792098766355649131e-01
3.757047964236858162e-01 4.792064442667771096e-01
3.758954251813437786e-01 4.792030073979380300e-01
3.760861293497975155e-01 4.791995659085078185e-01
3.762769089951685242e-01 4.791961197037388764e-01
3.764677641840397659e-01 4.791926687087850190e-01
3.766586949833660714e-01 4.791892128641507820e-01
3.768497014604007544e-01 4.791857521221767890e-01
3.770407836826424886e-01 4.791822864443261443e-01
3.772319417177910084e-01 4.791788155529823623e-01
3.774231756349125111e-01 4.791753386775750023e-01
3.776144855068522266e-01 4.791718560367740354e-01
3.778058714054389755e-01 4.791683684839431745e-01
3.779973333983673855e-01 4.791648762590847155e-01
3.781888715521676270e-01 4.791613800053902694e-01
3.783804859302112855e-01 4.791578794633927774e-01
3.785721765971279962e-01 4.791543744321959397e-01
3.787639436185302744e-01 4.791508651232162519e-01
3.789557870589788102e-01 4.791473518983355162e-01
3.791477069812249634e-01 4.791438344652663717e-01
3.793397034494467301e-01 4.791403125982520161e-01
3.795317765289329404e-01 4.791367861226057401e-01
3.797239262858342901e-01 4.791332549028289312e-01
3.799161527869770461e-01 4.791297188334844304e-01
3.801084560997175510e-01 4.791261778321853626e-01
3.803008362918298135e-01 4.791226305287733522e-01
3.804932934380071408e-01 4.791190764440481087e-01
3.806858276154225229e-01 4.791155159448985956e-01
3.808784388994619907e-01 4.791119493102300453e-01
3.810711273641552710e-01 4.791083767515865177e-01
3.812638930825041350e-01 4.791047984289563133e-01
3.814567361267336421e-01 4.791012138598114700e-01
3.816496565715729039e-01 4.790976215773241065e-01
3.818426544993268057e-01 4.790940221614408134e-01
3.820357299894269199e-01 4.790904160529910194e-01
3.822288831191189562e-01 4.790868035865281094e-01
3.824221139639888412e-01 4.790831850154446681e-01
3.826154225983661172e-01 4.790795605311723437e-01
3.828088090956344725e-01 4.790759302778554440e-01
3.830022735284643876e-01 4.790722943635604136e-01
3.831958159689951571e-01 4.790686528688368750e-01
3.833894364889724460e-01 4.790650058532536781e-01
3.835831351598539274e-01 4.790613533603862439e-01
3.837769120528895517e-01 4.790576954216226868e-01
3.839707672391830529e-01 4.790540320590653822e-01
3.841647007897379673e-01 4.790503632877439188e-01
3.843587127754939381e-01 4.790466891173010833e-01
3.845528032673543040e-01 4.790430095532776100e-01
3.847469723362057503e-01 4.790393245980905657e-01
3.849412200529349626e-01 4.790356342517779198e-01
3.851355464884405611e-01 4.790319385125658136e-01
3.853299517136415386e-01 4.790282373772996038e-01
3.855244357994853099e-01 4.790245308417716008e-01
3.857189988169501538e-01 4.790208189009708684e-01
3.859136408370528182e-01 4.790171015492719064e-01
3.861083619308505743e-01 4.790133787805793686e-01
3.863031621694400508e-01 4.790096505884369749e-01
3.864980416239626737e-01 4.790059169661103344e-01
3.866930003656047776e-01 4.790021779066503393e-01
3.868880384655994376e-01 4.789984334029401825e-01
3.870831559952240264e-01 4.789946834477321613e-01
3.872783530258036011e-01 4.789909280336748232e-01
3.874736296287109583e-01 4.789871671533340591e-01
3.876689858753645801e-01 4.789834007992081477e-01
3.878644218372316876e-01 4.789796289637402449e-01
3.880599375858258537e-01 4.789758516393273768e-01
3.882555331927090569e-01 4.789720688183267683e-01
3.884512087294899052e-01 4.789682804930614490e-01
3.886469642678240244e-01 4.789644866558234182e-01
3.888427998794147245e-01 4.789606872988777519e-01
3.890387156360127774e-01 4.789568824144636583e-01
3.892347116094142523e-01 4.789530719947964754e-01
3.894307878714639570e-01 4.789492560320693371e-01
3.896269444940520521e-01 4.789454345184531725e-01
3.898231815491157715e-01 4.789416074460983719e-01
3.900194991086387564e-01 4.789377748071349528e-01
3.902158972446498342e-01 4.789339365936717274e-01
3.904123760292252943e-01 4.789300964663155691e-01
3.906089355134856334e-01 4.789262531069856110e-01
3.908055757559505961e-01 4.789224058990923516e-01
3.910022968185795089e-01 4.789185543879354023e-01
3.911990987658726660e-01 4.789146982302254218e-01
3.913959816642532119e-01 4.789108371663684527e-01
3.915929455816015148e-01 4.789069725101655628e-01
3.917899905781249137e-01 4.789031058234136107e-01
3.919871167048301630e-01 4.788992361644533458e-01
3.921843240180516998e-01 4.788953628255743777e-01
3.923816125781389164e-01 4.788914852745752015e-01
3.925789824484641199e-01 4.788876031108668663e-01
3.927764336946831802e-01 4.788837158032047681e-01
3.929739663855277287e-01 4.788798229929112082e-01
3.931715805918177820e-01 4.788759245967185718e-01
3.933692763848481988e-01 4.788720205501814653e-01
3.935670538362800452e-01 4.788681108029356759e-01
3.937649130180618795e-01 4.788641953151462904e-01
3.939628540023685788e-01 4.788602740548468795e-01
3.941608768615548763e-01 4.788563469959478680e-01
3.943589816681215554e-01 4.788524141167453396e-01
3.945571684946902469e-01 4.788484753988063725e-01
3.947554374139835565e-01 4.788445308261348732e-01
3.949537884988119085e-01 4.788405801564836750e-01
3.951522218234462258e-01 4.788366232347953666e-01
3.953507374631032856e-01 4.788326597484024449e-01
3.955493354949183304e-01 4.788286898636371358e-01
3.957480159950301224e-01 4.788247137017403454e-01
3.959467790388478403e-01 4.788207313503750617e-01
3.961456247012473675e-01 4.788167428722093777e-01
3.963445530567202835e-01 4.788127483113123195e-01
3.965435641794832766e-01 4.788087476979183132e-01
3.967426581435605781e-01 4.788047410519739033e-01
3.969418350228433590e-01 4.788007283857777518e-01
3.971410948911381911e-01 4.787967097059446231e-01
3.973404378221986333e-01 4.787926850148651603e-01
3.975398638897512660e-01 4.787886543117913507e-01
3.977393731675126776e-01 4.787846175936428805e-01
3.979389657292065618e-01 4.787805748556057117e-01
3.981386416485698798e-01 4.787765260915763932e-01
3.983384009993626296e-01 4.787724712944920746e-01
3.985382438553750628e-01 4.787684104565747556e-01
3.987381702904291281e-01 4.787643435695126404e-01
3.989381803783806912e-01 4.787602706245942530e-01
3.991382741931246980e-01 4.787561916128083572e-01
3.993384518085946744e-01 4.787521065249169538e-01
3.995387132987654466e-01 4.787480153515099590e-01
3.997390587376518090e-01 4.787439180830458940e-01
3.999394881993101891e-01 4.787398147098809176e-01
4.001400017578390922e-01 4.787357052222913634e-01
4.003405994873788787e-01 4.787315896104898383e-01
4.005412814621123752e-01 4.787274678646367687e-01
4.007420477562633754e-01 4.787233399748502261e-01
4.009428984440991384e-01 4.787192059312113113e-01
4.011438335999280569e-01 4.787150657237697060e-01
4.013448532981006012e-01 4.787109193425470033e-01
4.015459576130090968e-01 4.787067667775389279e-01
4.017471466190863372e-01 4.787026080187177790e-01
4.019484203908081921e-01 4.786984430560335957e-01
4.021497790026898889e-01 4.786942718794151563e-01
4.023512225292893429e-01 4.786900944787705892e-01
4.025527510452040492e-01 4.786859108439880939e-01
4.027543646250720810e-01 4.786817209649363303e-01
4.029560633435717576e-01 4.786775248314647513e-01
4.031578472754216991e-01 4.786733224334034364e-01
4.033597164953807157e-01 4.786691137605635915e-01
4.035616710782465866e-01 4.786648988027376039e-01
4.037637110988569478e-01 4.786606775496989874e-01
4.039658366320881266e-01 4.786564499912024928e-01
4.041680477528551974e-01 4.786522161169842193e-01
4.043703445361129245e-01 4.786479759167613368e-01
4.045727270568534872e-01 4.786437293802321413e-01
4.047751953901071453e-01 4.786394764970765547e-01
4.049777496109429609e-01 4.786352172569553476e-01
4.051803897944671884e-01 4.786309516495110272e-01
4.053831160158238300e-01 4.786266796643667276e-01
4.055859283501923596e-01 4.786224012911269865e-01
4.057888268727915526e-01 4.786181165193777454e-01
4.059918116588753789e-01 4.786138253386855723e-01
4.061948827837347231e-01 4.786095277385985503e-01
4.063980403226964411e-01 4.786052237086459438e-01
4.066012843511233599e-01 4.786009132383378661e-01
4.068046149444132231e-01 4.785965963171653903e-01
4.070080321779997456e-01 4.785922729346009374e-01
4.072115361273515033e-01 4.785879430800974998e-01
4.074151268679718774e-01 4.785836067430895291e-01
4.076188044753987216e-01 4.785792639129921033e-01
4.078225690252039737e-01 4.785749145792014825e-01
4.080264205929931554e-01 4.785705587310946640e-01
4.082303592544065940e-01 4.785661963580295497e-01
4.084343850851162028e-01 4.785618274493448898e-01
4.086384981608275346e-01 4.785574519943605054e-01
4.088426985572800598e-01 4.785530699823768441e-01
4.090469863502441128e-01 4.785486814026752023e-01
4.092513616155230016e-01 4.785442862445177248e-01
4.094558244289515092e-01 4.785398844971470167e-01
4.096603748663957822e-01 4.785354761497870313e-01
4.098650130037541639e-01 4.785310611916419599e-01
4.100697389169544738e-01 4.785266396118967314e-01
4.102745526819560618e-01 4.785222113997171234e-01
4.104794543747480318e-01 4.785177765442493181e-01
4.106844440713497413e-01 4.785133350346203462e-01
4.108895218478098577e-01 4.785088868599380318e-01
4.110946877802065802e-01 4.785044320092904369e-01
4.112999419446468075e-01 4.784999704714167357e-01
4.115052844172687463e-01 4.784955022280173442e-01
4.117107152742957576e-01 4.784910272703472578e-01
4.119162345919614721e-01 4.784865455890068286e-01
4.121218424465156183e-01 4.784820571741225104e-01
4.123275389142268543e-01 4.784775620154758102e-01
4.125333240713845440e-01 4.784730601025967145e-01
4.127391979942999223e-01 4.784685514248292471e-01
4.129451607593085938e-01 4.784640359713804858e-01
4.131512124427675903e-01 4.784595137313525370e-01
4.133573531210600338e-01 4.784549846937680151e-01
4.135635828705907513e-01 4.784504488475869177e-01
4.137699017677896607e-01 4.784459061817190051e-01
4.139763098891104942e-01 4.784413566850329591e-01
4.141828073111436526e-01 4.784368003463619345e-01
4.143893941164924488e-01 4.784322371545078889e-01
4.145960703816650161e-01 4.784276670982052782e-01
4.148028361831909150e-01 4.784230901661750135e-01
4.150096915976231315e-01 4.784185063471228516e-01
4.152166367015357462e-01 4.784139156297379514e-01
4.154236715715243777e-01 4.784093180026918191e-01
4.156307962842053505e-01 4.784047134546376978e-01
4.158380109162157501e-01 4.784001019742104011e-01
4.160453155442128126e-01 4.783954835500254799e-01
4.162527102448729810e-01 4.783908581706790009e-01
4.164601950948924602e-01 4.783862258247480459e-01
4.166677701709861070e-01 4.783815865007898793e-01
4.168754355498864306e-01 4.783769401873419480e-01
4.170831913083443143e-01 4.783722868729222699e-01
4.172910375231281277e-01 4.783676265460287125e-01
4.174989742710233931e-01 4.783629591951393256e-01
4.177070016288319532e-01 4.783582848087125083e-01
4.179151196733709717e-01 4.783536033751865091e-01
4.181233284814745987e-01 4.783489148829799809e-01
4.183316281299904738e-01 4.783442193204910931e-01
4.185400186957831670e-01 4.783395166760984751e-01
4.187485002557289060e-01 4.783348069381606060e-01
4.189570728867188509e-01 4.783300900950159806e-01
4.191657366656570405e-01 4.783253661349831654e-01
4.193744916694604474e-01 4.783206350463604650e-01
4.195833379750574244e-01 4.783158968174264225e-01
4.197922756593892579e-01 4.783111514364392636e-01
4.200013047994076154e-01 4.783063988916372855e-01
4.202104254720742116e-01 4.783016391712389126e-01
4.204196377543615304e-01 4.782968722634423631e-01
4.206289417232517147e-01 4.782920981564255380e-01
4.208383374557355672e-01 4.782873168383464657e-01
4.210478250288125501e-01 4.782825282973430792e-01
4.212574045194889538e-01 4.782777325215332165e-01
4.214670760047807274e-01 4.782729294990145097e-01
4.216768395617082055e-01 4.782681192178644958e-01
4.218866952672982729e-01 4.782633016661406722e-01
4.220966431985852529e-01 4.782584768318802748e-01
4.223066834326063557e-01 4.782536447031004445e-01
4.225168160464042311e-01 4.782488052677983381e-01
4.227270411170253039e-01 4.782439585139505733e-01
4.229373587215186081e-01 4.782391044295139504e-01
4.231477689369365081e-01 4.782342430024252300e-01
4.233582718403326450e-01 4.782293742206006337e-01
4.235688675087629362e-01 4.782244980719363991e-01
4.237795560155240837e-01 4.782196145443087798e-01
4.239903374348956144e-01 4.782147236256012457e-01
4.242012118439475454e-01 4.782098253036894397e-01
4.244121793197487280e-01 4.782049195664163088e-01
4.246232399393652379e-01 4.782000044409414619e-01
4.248343937984001562e-01 4.781950791426672343e-01
4.250456409999850971e-01 4.781901445458588418e-01
4.252569816390938673e-01 4.781852012455800605e-01
4.254684158050870413e-01 4.781802496452888795e-01
4.256799435834677237e-01 4.781752869932724970e-01
4.258915650861977986e-01 4.781703141726894590e-01
4.261032804169665456e-01 4.781653320652301531e-01
4.263150896710821702e-01 4.781603412689040544e-01
4.265269929381069747e-01 4.781553421876979515e-01
4.267389903036626353e-01 4.781503350929968699e-01
4.269510818506742078e-01 4.781453201656282181e-01
4.271632676602181156e-01 4.781402975246200060e-01
4.273755478121037954e-01 4.781352672468572873e-01
4.275879223852717126e-01 4.781302293805063663e-01
4.278003914580649214e-01 4.781251839541760806e-01
4.280129551084151940e-01 4.781201309831646373e-01
4.282256134139683645e-01 4.781150704737161528e-01
4.284383664521712043e-01 4.781100024259188896e-01
4.286512143003288200e-01 4.781049268356765136e-01
4.288641570356440114e-01 4.780998436960485765e-01
4.290771947352448046e-01 4.780947529981606769e-01
4.292903274762017718e-01 4.780896547318218559e-01
4.295035553355378566e-01 4.780845488859443715e-01
4.297168783902405864e-01 4.780794354488270836e-01
4.299302967172614620e-01 4.780743144083477447e-01
4.301438103935233404e-01 4.780691857520929511e-01
4.303574194959203791e-01 4.780640494674461838e-01
4.305711241013184254e-01 4.780589055416473721e-01
4.307849242866154116e-01 4.780537539618326393e-01
4.309988201287723864e-01 4.780485947150608372e-01
4.312128117045715414e-01 4.780434277883314764e-01
4.314268990907664802e-01 4.780382531685983816e-01
4.316410823640819960e-01 4.780330708427777964e-01
4.318553616012108520e-01 4.780278807977538791e-01
4.320697368788160020e-01 4.780226830205774879e-01
4.322842082735242619e-01 4.780174774980350816e-01
4.324987758619301959e-01 4.780122642168804226e-01
4.327134397205940619e-01 4.780070431638613893e-01
4.329281999260404801e-01 4.780018143257147023e-01
4.331430565547572664e-01 4.779965785450834281e-01
4.333580096737815190e-01 4.779913398004713709e-01
4.335730593059229365e-01 4.779860964177523597e-01
4.337882054917036601e-01 4.779808472811853393e-01
4.340034482834336793e-01 4.779755916463198084e-01
4.342187877412569952e-01 4.779703290153694550e-01
4.344342239305091224e-01 4.779650590542718347e-01
4.346497569199613276e-01 4.779597815375364878e-01
4.348653867806452911e-01 4.779544963116059697e-01
4.350811135850768951e-01 4.779492032705358051e-01
4.352969374067320318e-01 4.779439023398662778e-01
4.355128583197063197e-01 4.779385934659367563e-01
4.357288763984822899e-01 4.779332764364682684e-01
4.359449917197695812e-01 4.779279512709319611e-01
4.361612043598517841e-01 4.779226179880549097e-01
4.363775143945872736e-01 4.779172765954956548e-01
4.365939218995320559e-01 4.779119270936248443e-01
4.368104269500184267e-01 4.779065694780167961e-01
4.370270296212062089e-01 4.779012037410898528e-01
4.372437299881173911e-01 4.778958298731854071e-01
4.374605281256578881e-01 4.778904478632766128e-01
4.376774241086304751e-01 4.778850576994343458e-01
4.378944180117433915e-01 4.778796593691322925e-01
4.381115099096135057e-01 4.778742528594469019e-01
4.383286998767703113e-01 4.778688381571890020e-01
4.385459879876572598e-01 4.778634152489890652e-01
4.387633743166297617e-01 4.778579841213532187e-01
4.389808589379563530e-01 4.778525447607001042e-01
4.391984419258159744e-01 4.778470971533848033e-01
4.394161233542966394e-01 4.778416412857139917e-01
4.396339032973947680e-01 4.778361771439564865e-01
4.398517818290109682e-01 4.778307047143497410e-01
4.400697590229500356e-01 4.778252239831042303e-01
4.402878349529176227e-01 4.778197349364063373e-01
4.405060096925181856e-01 4.778142375604202963e-01
4.407242833152520411e-01 4.778087318412889695e-01
4.409426558945150343e-01 4.778032177651351797e-01
4.411611275034831858e-01 4.777976953180620434e-01
4.413796982152343173e-01 4.777921644861543027e-01
4.415983681028292640e-01 4.777866252554784365e-01
4.418171372392145080e-01 4.777810776120815506e-01
4.420360056972169605e-01 4.777755215419917656e-01
4.422549735495395762e-01 4.777699570312182731e-01
4.424740408687634630e-01 4.777643840657518903e-01
4.426932077273400545e-01 4.777588026315653380e-01
4.429124741975907220e-01 4.777532127146128516e-01
4.431318403517036097e-01 4.777476143008305698e-01
4.433513062617292499e-01 4.777420073761366459e-01
4.435708719995787308e-01 4.777363919264317471e-01
4.437905376370193111e-01 4.777307679375983884e-01
4.440103032456715337e-01 4.777251353955015434e-01
4.442301688970060058e-01 4.777194942859888105e-01
4.444501346623399018e-01 4.777138445948903023e-01
4.446702006128321338e-01 4.777081863080188118e-01
4.448903668194814087e-01 4.777025194111698680e-01
4.451106333531220649e-01 4.776968438901221803e-01
4.453310002844194093e-01 4.776911597306371937e-01
4.455514676838666088e-01 4.776854669184598112e-01
4.457720356217794166e-01 4.776797654393182824e-01
4.459927041682940074e-01 4.776740552789238703e-01
4.462134733933608155e-01 4.776683364229720730e-01
4.464343433667412597e-01 4.776626088571416240e-01
4.466553141580021369e-01 4.776568725670952698e-01
4.468763858365126795e-01 4.776511275384801025e-01
4.470975584714392270e-01 4.776453737569265057e-01
4.473188321317382865e-01 4.776396112080502077e-01
4.475402068861558114e-01 4.776338398774508942e-01
4.477616828032181528e-01 4.776280597507128745e-01
4.479832599512286739e-01 4.776222708134053585e-01
4.482049383982633084e-01 4.776164730510827350e-01
4.484267182121628448e-01 4.776106664492845155e-01
4.486485994605292071e-01 4.776048509935352238e-01
4.488705822107181276e-01 4.775990266693451169e-01
4.490926665298342058e-01 4.775931934622104080e-01
4.493148524847241920e-01 4.775873513576128215e-01
4.495371401419714918e-01 4.775815003410205928e-01
4.497595295678897265e-01 4.775756386119670571e-01
4.499820208563235502e-01 4.775697663685161687e-01
4.502046140979500399e-01 4.775638821436782311e-01
4.504273094064101257e-01 4.775579869743487027e-01
4.506501068791849973e-01 4.775520816267004864e-01
4.508730066015508853e-01 4.775461665642566911e-01
4.510960086511511258e-01 4.775402420648205970e-01
4.513191131008182921e-01 4.775343082923647620e-01
4.515423200203049214e-01 4.775283657003361881e-01
4.517656294715094445e-01 4.775224153701659313e-01
4.519890414980402005e-01 4.775164576866584021e-01
4.522125561362567714e-01 4.775104927100435326e-01
4.524361734204740415e-01 4.775045197303526279e-01
4.526598933957118320e-01 4.774985383110320614e-01
4.528837161133673628e-01 4.774925481817121620e-01
4.531076416285653718e-01 4.774865491729061162e-01
4.533316699985353582e-01 4.774805411762905738e-01
4.535558012816198747e-01 4.774745241205776147e-01
4.537800355366656824e-01 4.774684979568751819e-01
4.540043728226474951e-01 4.774624626498167324e-01
4.542288131984362765e-01 4.774564181721924205e-01
4.544533567226551884e-01 4.774503645017038611e-01
4.546780034535831128e-01 4.774443016190063060e-01
4.549027534490943658e-01 4.774382295065269233e-01
4.551276067666171210e-01 4.774321481477541984e-01
4.553525634631006569e-01 4.774260575268107765e-01
4.555776235949902664e-01 4.774199576281969448e-01
4.558027872182096041e-01 4.774138484366365898e-01
4.560280543881379822e-01 4.774077299369859917e-01
4.562534251595942725e-01 4.774016021141785915e-01
4.564788995868229726e-01 4.773954649531924055e-01
4.567044777234731678e-01 4.773893184390313738e-01
4.569301596225828765e-01 4.773831625567135362e-01
4.571559453365606762e-01 4.773769972912652038e-01
4.573818349171693276e-01 4.773708226277164623e-01
4.576078284155051801e-01 4.773646385511005619e-01
4.578339258819795754e-01 4.773584450464519735e-01
4.580601273663013062e-01 4.773522420988066672e-01
4.582864329174515250e-01 4.773460296932020008e-01
4.585128425836660915e-01 4.773398078146774415e-01
4.587393564124130352e-01 4.773335764482746768e-01
4.589659744503691297e-01 4.773273355790383921e-01
4.591926967433960782e-01 4.773210851920171027e-01
4.594195233365170328e-01 4.773148252722634877e-01
4.596464542738904480e-01 4.773085558048354993e-01
4.598734895987849902e-01 4.773022767747974737e-01
4.601006293535506719e-01 4.772959881672199089e-01
4.603278735795920396e-01 4.772896899671815740e-01
4.605552223173383086e-01 4.772833821597692872e-01
4.607826756062143314e-01 4.772770647300799696e-01
4.610102334846062355e-01 4.772707376632206455e-01
4.612378959898315034e-01 4.772644009443101631e-01
4.614656631581049440e-01 4.772580545584798051e-01
4.616935350245005010e-01 4.772516984908747872e-01
4.619215116229175022e-01 4.772453334925334523e-01
4.621495929695320637e-01 4.772389591057552005e-01
4.623777790885362782e-01 4.772325745849679834e-01
4.626060700186530594e-01 4.772261796633139319e-01
4.628344658030006942e-01 4.772197742676105303e-01
4.630629664849136851e-01 4.772133586821168949e-01
4.632915720999621345e-01 4.772069330623019967e-01
4.635202826786171681e-01 4.772004974901003505e-01
4.637490982477627255e-01 4.771940520055253931e-01
4.639780188315397735e-01 4.771875966247318135e-01
4.642070444518077710e-01 4.771811313503199758e-01
4.644361751283820894e-01 4.771746561772073347e-01
4.646654108791467563e-01 4.771681710959694289e-01
4.648947517200869850e-01 4.771616760947384184e-01
4.651241976652839005e-01 4.771551711602808887e-01
4.653537487268776807e-01 4.771486562786092511e-01
4.655834049150173182e-01 4.771421314353284648e-01
4.658131662378010018e-01 4.771355966158328799e-01
4.660430327012035634e-01 4.771290518049544072e-01
4.662730043090160814e-01 4.771224969862650767e-01
4.665030810627951996e-01 4.771159321460169411e-01
4.667332629617133022e-01 4.771093572700504937e-01
4.669635500024806318e-01 4.771027723440005586e-01
4.671939421792582481e-01 4.770961773534138084e-01
4.674244394835621597e-01 4.770895722838147113e-01
4.676550419041655138e-01 4.770829571207448327e-01
4.678857494269901274e-01 4.770763318497856509e-01
4.681165620349965750e-01 4.770696964655327665e-01
4.683474797078290286e-01 4.770630513298276809e-01
4.685785024118858666e-01 4.770563962666160562e-01
4.688096301143322431e-01 4.770497311728318923e-01
4.690408627811242792e-01 4.770430564103839144e-01
4.692722003642164630e-01 4.770363717909742451e-01
4.695036428162528419e-01 4.770296769910405410e-01
4.697351900943327330e-01 4.770229716794269770e-01
4.699668421603547253e-01 4.770162559800343871e-01
4.701985989682601064e-01 4.770095294279583231e-01
4.704304604805608636e-01 4.770027922424496247e-01
4.706624266488718122e-01 4.769960445610807453e-01
4.708944974158638108e-01 4.769892864517968900e-01
4.711266727169513557e-01 4.769825179447125252e-01
4.713589524811148679e-01 4.769757390494485660e-01
4.715913366312356469e-01 4.769689497645726584e-01
4.718238250841653159e-01 4.769621500827342375e-01
4.720564177506378356e-01 4.769553399934549076e-01
4.722891145350883724e-01 4.769485194846440623e-01
4.725219153354169865e-01 4.769416886336400041e-01
4.727548200398767331e-01 4.769348474547376315e-01
4.729878285286467920e-01 4.769279958391179908e-01
4.732209406774006144e-01 4.769211337698012754e-01
4.734541563540975995e-01 4.769142613987653045e-01
4.736874754130926402e-01 4.769073786814299054e-01
4.739208977010054835e-01 4.769004855473029658e-01
4.741544230571989593e-01 4.768935819525085273e-01
4.743880513125088294e-01 4.768866678686327631e-01
4.746217822882815573e-01 4.768797432731849972e-01
4.748556157956884127e-01 4.768728081482457859e-01
4.750895516350404080e-01 4.768658624136684065e-01
4.753235895974157188e-01 4.768589059666906160e-01
4.755577294649604436e-01 4.768519388926094060e-01
4.757919710036274674e-01 4.768449611934224563e-01
4.760263139653717057e-01 4.768379728644442372e-01
4.762607580876420110e-01 4.768309738976639345e-01
4.764953030927162048e-01 4.768239642879318896e-01
4.767299486867554448e-01 4.768169440915069335e-01
4.769646945565707008e-01 4.768099132706639653e-01
4.771995403721725482e-01 4.768028718034236224e-01
4.774344857851858803e-01 4.767958196806390547e-01
4.776695304272755016e-01 4.767887568870785020e-01
4.779046739092221441e-01 4.767816834112618696e-01
4.781399158195272503e-01 4.767745992443533920e-01
4.783752557229685176e-01 4.767675043791759770e-01
4.786106931590879410e-01 4.767603987956084421e-01
4.788462276411812324e-01 4.767532824781947620e-01
4.790818586544551283e-01 4.767461554371709709e-01
4.793175856531438073e-01 4.767390176699423110e-01
4.795534080590906356e-01 4.767318691775556116e-01
4.797893252594858660e-01 4.767247099632392349e-01
4.800253366044905934e-01 4.767175400218643389e-01
4.802614414051525893e-01 4.767103593516285875e-01
4.804976389306002682e-01 4.767031679530556176e-01
4.807339284050601291e-01 4.766959658285245816e-01
4.809703090046398288e-01 4.766887529810433510e-01
4.812067798538995911e-01 4.766815294138974646e-01
4.814433400221397319e-01 4.766742951351210511e-01
4.816799885191389019e-01 4.766670501540004601e-01
4.819167242906917115e-01 4.766597944814020549e-01
4.821535462137198635e-01 4.766525281300485473e-01
4.823904530909187138e-01 4.766452511147001303e-01
4.826274436448886318e-01 4.766379634523477127e-01
4.828645165116990379e-01 4.766306651624077628e-01
4.831016702338122859e-01 4.766233562669269230e-01
4.833389032522964479e-01 4.766160367908016116e-01
4.835762138982425684e-01 4.766087067620180528e-01
4.838136003832863019e-01 4.766013662119147343e-01
4.840510607891257422e-01 4.765940151754715082e-01
4.842885930559029384e-01 4.765866536916285590e-01
4.845261949693099313e-01 4.765792818036395095e-01
4.847638641462406195e-01 4.765718995594626084e-01
4.850015980188022713e-01 4.765645070121948268e-01
4.852393938164542564e-01 4.765571042205554164e-01
4.854772485460173703e-01 4.765496912494254778e-01
4.857151589692399463e-01 4.765422681704500896e-01
4.859531215775735324e-01 4.765348350627134355e-01
4.861911325637307546e-01 4.765273920134965868e-01
4.864291877895400851e-01 4.765199391191298761e-01
4.866672827495101550e-01 4.765124764859549056e-01
4.869054125294262625e-01 4.765050042314126766e-01
4.871435717591470760e-01 4.764975224850372948e-01
4.873817545586633382e-01 4.764900313901328510e-01
4.876199545300520244e-01 4.764825311057933055e-01
4.878581648046376729e-01 4.764750218072940635e-01
4.880963775795287840e-01 4.764675036859177815e-01
4.883345841945849197e-01 4.764599769563878096e-01
4.885727750582365414e-01 4.764524418593774069e-01
4.888109395177689387e-01 4.764448986640255068e-01
4.890490657072336100e-01 4.764373476713615330e-01
4.892871401927876840e-01 4.764297892185584971e-01
4.895251480996182791e-01 4.764222236869095628e-01
4.897630727146951024e-01 4.764146515038132912e-01
4.900008950901514893e-01 4.764070731503705081e-01
4.902385937183840192e-01 4.763994891717703295e-01
4.904761442583298048e-01 4.763919001879081128e-01
4.907135188807208448e-01 4.763843069033099065e-01
4.909506856198694869e-01 4.763767101230207412e-01
4.911876075775156725e-01 4.763691107713723394e-01
4.914242419395474792e-01 4.763615099146721321e-01
4.916605387550908035e-01 4.763539087889874235e-01
4.918964394129549111e-01 4.763463088344602747e-01
4.921318747322576681e-01 4.763387117379609959e-01
4.923667627659387147e-01 4.763311194863809050e-01
4.926010053753129836e-01 4.763235344300868479e-01
4.928344846002143398e-01 4.763159593720626694e-01
4.930670579501840733e-01 4.763083976733013536e-01
4.932985525649854486e-01 4.763008533845204395e-01
4.935287583392631849e-01 4.762933314100834536e-01
4.937574195401364663e-01 4.762858377055007586e-01
4.939842264941105565e-01 4.762783795172034207e-01
4.942088077843156402e-01 4.762709656423504412e-01
4.944307258639694669e-01 4.762636066902820597e-01
4.946494794515449156e-01 4.762563152878260264e-01
4.948645166186755318e-01 4.762491061423914651e-01
4.950752605318095578e-01 4.762419958543708809e-01
4.952811454378225897e-01 4.762350023920954301e-01
4.954816554334037226e-01 4.762281442269297727e-01
4.956763564702127978e-01 4.762214392535984442e-01
4.958649148913892857e-01 4.762149037189299938e-01
4.960471014079301244e-01 4.762085513821095462e-01
4.962227839469655621e-01 4.762023930341703903e-01
4.963919142985111499e-01 4.761964363810735623e-01
4.965545126826607092e-01 4.761906862090776738e-01
4.967106530578003221e-01 4.761851447230844858e-01
4.968604500746137687e-01 4.761798119570199161e-01
4.970040484099417788e-01 4.761746861919700091e-01
4.971416142171742325e-01 4.761697643383061562e-01
4.972733285053375085e-01 4.761650422649877368e-01
4.973993817285256580e-01 4.761605150710734313e-01
4.975199698334665244e-01 4.761561773090174920e-01
4.976352912206884471e-01 4.761520231601283348e-01
4.977455444158805919e-01 4.761480465715691168e-01
4.978509263112771976e-01 4.761442413628151904e-01
4.979516308480865239e-01 4.761406013077335020e-01
4.980478480403445762e-01 4.761371201974171075e-01
4.981397632634206873e-01 4.761337918879256503e-01
4.982275567479779732e-01 4.761306103362232811e-01
4.983114032336498078e-01 4.761275696268982283e-01
4.983914717469895561e-01 4.761246639916807410e-01
4.984679254761110179e-01 4.761218878233329233e-01
4.985409217423762418e-01 4.761192356851299268e-01
4.986106120248506302e-01 4.761167023165246981e-01
4.986771419228299695e-01 4.761142826360212910e-01
4.987406512823502891e-01 4.761119717437454213e-01
4.988012743232849155e-01 4.761097649209991012e-01
4.988591397780099967e-01 4.761076576283201356e-01
4.989143710284364985e-01 4.761056455025906575e-01
4.989670862681819807e-01 4.761037243536835883e-01
4.990173986677557960e-01 4.761018901604213704e-01
4.990654165431878120e-01 4.761001390661227517e-01
4.991112435266684133e-01 4.760984673738638540e-01
4.991549787375067493e-01 4.760968715415421770e-01
4.991967169520803438e-01 4.760953481768158135e-01
4.992365487717267403e-01 4.760938940319774382e-01
4.992745607877686065e-01 4.760925059988138641e-01
4.993108357430391941e-01 4.760911811034850283e-01
4.993454526894399170e-01 4.760899165014584877e-01
4.993784871411789394e-01 4.760887094725216317e-01
4.994100112234400313e-01 4.760875574158908163e-01
4.994400938163154335e-01 4.760864578454326868e-01
4.994688006939017599e-01 4.760854083850081242e-01
4.994961946585163015e-01 4.760844067639479205e-01
4.995223356700213002e-01 4.760834508126641773e-01
4.995472809703002115e-01 4.760825384584034259e-01
4.995710852029356386e-01 4.760816677211410219e-01
4.995938005281722605e-01 4.760808367096200922e-01
4.996154767332691149e-01 4.760800436175323669e-01
4.996361613383444866e-01 4.760792867198415101e-01
4.996558996978417988e-01 4.760785643692451719e-01
4.996747350977414071e-01 4.760778749927754294e-01
4.996927088486527446e-01 4.760772170885334553e-01
4.997098603749245416e-01 4.760765892225545803e-01
4.997262272999101196e-01 4.760759900258015875e-01
4.997418455275267624e-01 4.760754181912819627e-01
4.997567493202473288e-01 4.760748724712852709e-01
4.997709713736596671e-01 4.760743516747364401e-01
4.997845428877287777e-01 4.760738546646610669e-01
4.997974936348920094e-01 4.760733803557606336e-01
4.998098520251172405e-01 4.760729277120900327e-01
4.998216451680512207e-01 4.760724957448372874e-01
4.998328989323739258e-01 4.760720835101986403e-01
4.998436380024811054e-01 4.760716901073479557e-01
4.998538859326082107e-01 4.760713146764938286e-01
4.998636651985086110e-01 4.760709563970242919e-01
4.998729972467862437e-01 4.760706144857313471e-01
4.998819025419875550e-01 4.760702881951167642e-01
4.998904006115569842e-01 4.760699768117709896e-01
4.998985100887410882e-01 4.760696796548265497e-01
4.999062487535397836e-01 4.760693960744791786e-01
4.999136335717881408e-01 4.760691254505761694e-01
4.999206807324528268e-01 4.760688671912671754e-01
4.999274056832261892e-01 4.760686207317167962e-01
4.999338231644886998e-01 4.760683855328750047e-01
4.999399472417230261e-01 4.760681610803019770e-01
4.999457913364379058e-01 4.760679468830476546e-01
4.999513682556808725e-01 4.760677424725809903e-01
4.999566902201945662e-01 4.760675474017675435e-01
4.999617688912869617e-01 4.760673612438944269e-01
4.999666153964665294e-01 4.760671835917385519e-01
4.999712403539031680e-01 4.760670140566772290e-01
4.999756538957680352e-01 4.760668522678400683e-01
4.999798656905027894e-01 4.760666978712982944e-01
4.999838849640650951e-01 4.760665505292918098e-01
4.999877205202031827e-01 4.760664099194908405e-01
4.999913807597992643e-01 4.760662757342916107e-01
4.999948736993231613e-01 4.760661476801438807e-01
4.999982069884434388e-01 4.760660254769092381e-01
5.000013879268273564e-01 4.760659088572486430e-01
5.000044234801718224e-01 4.760657975660377850e-01
5.000073202954991025e-01 4.760656913598088624e-01
5.000100847157499251e-01 4.760655900062187862e-01
5.000127227937092300e-01 4.760654932835403086e-01
5.000152403052903205e-01 4.760654009801776887e-01
5.000176427622139430e-01 4.760653128942033407e-01
5.000199354241008365e-01 4.760652288329163540e-01
5.000221233100150542e-01 4.760651486124208298e-01
5.000242112094742675e-01 4.760650720572237593e-01
5.000262036929570275e-01 4.760649989998508302e-01
5.000281051219299666e-01 4.760649292804805532e-01
5.000299196584120365e-01 4.760648627465938199e-01
5.000316512741009856e-01 4.760647992526406691e-01
5.000333037590852792e-01 4.760647386597221531e-01
5.000348807301522314e-01 4.760646808352858028e-01
5.000363856387189943e-01 4.760646256528361375e-01
5.000378217783981727e-01 4.760645729916574420e-01
5.000391922922166055e-01 4.760645227365500887e-01
5.000405001795060755e-01 4.760644747775781283e-01
5.000417483024766074e-01 4.760644290098290932e-01
5.000429393924878951e-01 4.760643853331840702e-01
5.000440760560351805e-01 4.760643436520990424e-01
5.000451607804601295e-01 4.760643038753955558e-01
5.000461959394006950e-01 4.760642659160614354e-01
5.000471837979915124e-01 4.760642296910603255e-01
