2.999999999999999889e-01 2.999999999999999889e-01
3.000358154232800056e-01 3.013290560463077750e-01
3.000717756271544800e-01 3.026622088235208508e-01
3.001078434080448054e-01 3.039995180323688539e-01
3.001440780240304806e-01 3.053409607001502102e-01
3.001804500404489651e-01 3.066866151759813919e-01
3.002169589933384453e-01 3.080364699216967539e-01
3.002536135479595414e-01 3.093905504402990614e-01
3.002904191400270761e-01 3.107489119377714881e-01
3.003273976236018883e-01 3.121115525196438423e-01
3.003645111601003781e-01 3.134785038446111227e-01
3.004017808814870016e-01 3.148497720545190282e-01
3.004392043251686295e-01 3.162254006082990676e-01
3.004767828033831911e-01 3.176053953629069948e-01
3.005145241235318010e-01 3.189898051649394106e-01
3.005524242390416045e-01 3.203786095513830867e-01
3.005904683000674704e-01 3.217719088918160608e-01
3.006287005600968842e-01 3.231696622707924127e-01
3.006670950719161350e-01 3.245719549585223129e-01
3.007056644882922236e-01 3.259787597699508321e-01
3.007444035310491981e-01 3.273901153822424415e-01
3.007833083769828053e-01 3.288060826015055116e-01
3.008224173584823080e-01 3.302266298227593544e-01
3.008616863696518817e-01 3.316518251274651052e-01
3.009011341478789459e-01 3.330816603165227541e-01
3.009407597211287699e-01 3.345161785231041685e-01
3.009805824707777466e-01 3.359553818310840878e-01
3.010205792058492924e-01 3.373993520871229057e-01
3.010608125917154654e-01 3.388480253503659001e-01
3.011012136014268314e-01 3.403015374848001318e-01
3.011418262009201152e-01 3.417598020445463680e-01
3.011826352871392332e-01 3.432229181212820279e-01
3.012236505509994222e-01 3.446908684454503269e-01
3.012648695820985822e-01 3.461637340271822572e-01
3.013063203746058072e-01 3.476414437156646331e-01
3.013479603909562932e-01 3.491241397991878825e-01
3.013898422508567432e-01 3.506117331739021514e-01
3.014319561622644805e-01 3.521043299131780269e-01
3.014742827957885840e-01 3.536018990370058956e-01
3.015168454776414597e-01 3.551045273358736654e-01
3.015596544036953652e-01 3.566121443703216820e-01
3.016027004737530937e-01 3.581248689260846385e-01
3.016459886513455091e-01 3.596426364480459492e-01
3.016895430217639285e-01 3.611655103122186627e-01
3.017333346020986684e-01 3.626934989607036863e-01
3.017773915647555261e-01 3.642266473526549198e-01
3.018217305411569074e-01 3.657649543558796901e-01
3.018663549797840351e-01 3.673084137325152154e-01
3.019112421743161967e-01 3.688571337821788809e-01
3.019564320047940509e-01 3.704109739230566634e-01
3.020019258157481401e-01 3.719701078988294496e-01
3.020476900211143123e-01 3.735344306489127297e-01
3.020937942968429657e-01 3.751040392469968676e-01
3.021401918697265154e-01 3.766788555106585501e-01
3.021869081350617159e-01 3.782589754868237453e-01
3.022339782856368062e-01 3.798443440692885198e-01
3.022813910263301151e-01 3.814349898858383492e-01
3.023291471595347946e-01 3.830309467331685092e-01
3.023772810454628535e-01 3.846321259122559288e-01
3.024258036456011767e-01 3.862386466858728773e-01
3.024746679345566291e-01 3.878503946580190709e-01
3.025239717504341619e-01 3.894674429067497834e-01
3.025736445449306866e-01 3.910897141348100847e-01
3.026237548463214244e-01 3.927172414039258874e-01
3.026743081855885475e-01 3.943499875703854740e-01
3.027253011438390540e-01 3.959878954446520716e-01
3.027767808039459885e-01 3.976310065005017602e-01
3.028287087673582345e-01 3.992791852197422608e-01
3.028811706017658922e-01 4.009324910758822469e-01
3.029341152104440549e-01 4.025907970367947342e-01
3.029876052555248722e-01 4.042541008015534953e-01
3.030416609908243575e-01 4.059222949254457369e-01
3.030962832395627249e-01 4.075953143772994003e-01
3.031515180022522626e-01 4.092731045363854903e-01
3.032073803928735378e-01 4.109555072410444598e-01
3.032639124068177705e-01 4.126424624159312771e-01
3.033211015331138127e-01 4.143338128091167971e-01
3.033790253748924193e-01 4.160294316293779993e-01
3.034376673153319492e-01 4.177291337227391210e-01
3.034970999345317222e-01 4.194327469814768672e-01
3.035573544248404976e-01 4.211400617541372071e-01
3.036184694947046681e-01 4.228508315191703559e-01
3.036804735085049112e-01 4.245647877252330948e-01
3.037434252731763817e-01 4.262816199268706918e-01
3.038073716047511863e-01 4.280009810500380318e-01
3.038723640239270329e-01 4.297224802956918221e-01
3.039384614769075066e-01 4.314456606984057863e-01
3.040057336241812624e-01 4.331700150331205257e-01
3.040742347025313097e-01 4.348949601857852176e-01
3.041440408250637439e-01 4.366198226873872490e-01
3.042152472142687913e-01 4.383438451886766396e-01
3.042879211059187350e-01 4.400661504361739751e-01
3.043621480471090934e-01 4.417857328173384612e-01
3.044380343773244735e-01 4.435014462937248991e-01
3.045156855991102973e-01 4.452119552988354489e-01
3.045952264470624393e-01 4.469157352593936539e-01
3.046767606531873285e-01 4.486110257270135571e-01
3.047604186246586910e-01 4.502957980651488001e-01
3.048463424039090097e-01 4.519676945557882797e-01
3.049346788747490655e-01 4.536240128484136380e-01
3.050255562393865971e-01 4.552616417174783492e-01
3.051191103977985430e-01 4.568770235639183497e-01
3.052154830191985968e-01 4.584661156827384287e-01
3.053147953288146699e-01 4.600243615932497754e-01
3.054171808653848852e-01 4.615467032119350832e-01
3.055227368708531843e-01 4.630275956262653869e-01
3.056315137832147921e-01 4.644610826481101462e-01
3.057435440825669870e-01 4.658409553913933632e-01
3.058587971229997371e-01 4.671609830549534048e-01
3.059771881093777401e-01 4.684152404196065267e-01
3.060985350833448360e-01 4.695984349257942281e-01
3.062225914541645833e-01 4.707062215965616137e-01
3.063490905696372724e-01 4.717354241254293479e-01
3.064777405192122273e-01 4.726843786159607430e-01
3.066082239479367977e-01 4.735531829644433199e-01
3.067401577940155888e-01 4.743432130624674059e-01
3.068732811025995932e-01 4.750572847331492321e-01
3.070072641326276885e-01 4.756992201625999672e-01
3.071419151969781991e-01 4.762736100100593006e-01
3.072769433786597948e-01 4.767854662530695009e-01
3.074122822891260931e-01 4.772401501659548351e-01
3.075477396426605781e-01 4.776428253966231718e-01
3.076831827449885148e-01 4.779985952055333387e-01
3.078186204898992751e-01 4.783123576334467053e-01
3.079540113262791423e-01 4.785886332830586731e-01
3.080892682812212957e-01 4.788315330254384605e-01
3.082243494548846940e-01 4.790448650490036764e-01
3.083592683092281628e-01 4.792320158278030040e-01
3.084940742006828662e-01 4.793960812262106908e-01
3.086287653752020632e-01 4.795397988976349279e-01
3.087633458275178544e-01 4.796656108002441132e-01
3.088978308935347306e-01 4.797756793904557893e-01
3.090322202272388630e-01 4.798719153599720899e-01
3.091665108365615477e-01 4.799559948005598931e-01
3.093007073163217546e-01 4.800294071244098348e-01
3.094348159179933222e-01 4.800934575015752270e-01
3.095688539559652841e-01 4.801493055552014666e-01
3.097028344482999351e-01 4.801979666413981884e-01
3.098367693032135772e-01 4.802403323853304817e-01
3.099706680729351627e-01 4.802771823588699585e-01
3.101045388110868495e-01 4.803091984128637915e-01
3.102383895077688303e-01 4.803369793294210432e-01
3.103722290060082489e-01 4.803610497195881512e-01
3.105060645167003752e-01 4.803818725423401048e-01
3.106399012364221002e-01 4.803998524217988897e-01
3.107737437981033524e-01 4.804153452507827771e-01
3.109075979382155963e-01 4.804286616447561165e-01
3.110414671556037125e-01 4.804400730513593287e-01
3.111753556559957445e-01 4.804498176828571054e-01
3.113092661043872500e-01 4.804581042153078796e-01
3.114432008174670141e-01 4.804651152930016766e-01
3.115771619370673040e-01 4.804710107561803722e-01
3.117111513021614266e-01 4.804759304718604351e-01
3.118451700785592751e-01 4.804799967349885903e-01
3.119792194575878863e-01 4.804833165640576831e-01
3.121133010746597325e-01 4.804859836298737141e-01
3.122474160264029353e-01 4.804880797674783710e-01
3.123815652364163586e-01 4.804896767462354945e-01
3.125157495405624930e-01 4.804908371983129256e-01
3.126499696716601995e-01 4.804916158963041806e-01
3.127842262600922241e-01 4.804920610511416168e-01
3.129185198610074936e-01 4.804922145938885225e-01
3.130528509638334511e-01 4.804921130667613172e-01
3.131872200004868767e-01 4.804917883392294531e-01
3.133216273525312179e-01 4.804912685644322501e-01
3.134560733568733104e-01 4.804905779257273579e-01
3.135905583119516504e-01 4.804897376912610207e-01
3.137250823457794491e-01 4.804887664386097157e-01
3.138596454907906508e-01 4.804876801354163729e-01
3.139942479769363137e-01 4.804864928993380913e-01
3.141288903145640909e-01 4.804852172631915441e-01
3.142635726743402413e-01 4.804838642132012172e-01
3.143982952084500293e-01 4.804824433816005103e-01
3.145330580528413744e-01 4.804809631189413399e-01
3.146678614001660046e-01 4.804794307193307468e-01
3.148027056680883229e-01 4.804778525377788045e-01
3.149375909640173554e-01 4.804762340992093650e-01
3.150725173750906216e-01 4.804745804368417694e-01
3.152074850198393063e-01 4.804728958994224364e-01
3.153424940257895104e-01 4.804711843809122973e-01
3.154775444437529774e-01 4.804694491883227392e-01
3.156126361750175580e-01 4.804676932094952280e-01
3.157477689960064282e-01 4.804659188672068537e-01
3.158829425645799938e-01 4.804641282473495201e-01
3.160181569300642979e-01 4.804623231708741726e-01
3.161534121368505534e-01 4.804605052266519571e-01
3.162887082266668815e-01 4.804586758009036229e-01
3.164240452551104199e-01 4.804568360828532225e-01
3.165594232798050744e-01 4.804549871248492976e-01
3.166948423360101961e-01 4.804531294349553283e-01
3.168303024581547445e-01 4.804512637849273071e-01
3.169658038647099607e-01 4.804493909255191930e-01
3.171013466864183727e-01 4.804475114503337085e-01
3.172369309547192207e-01 4.804456259234547444e-01
3.173725565506310131e-01 4.804437348577675904e-01
3.175082233983579916e-01 4.804418387004586455e-01
3.176439315306019417e-01 4.804399381218432685e-01
3.177796810280652529e-01 4.804380334296458610e-01
3.179154719177124111e-01 4.804361248867289880e-01
3.180513042260697532e-01 4.804342127218869662e-01
3.181871779792858068e-01 4.804322971341999926e-01
3.183230932031788085e-01 4.804303782968334380e-01
3.184590496046603159e-01 4.804284563603514191e-01
3.185950471603652412e-01 4.804265314562043421e-01
3.187310858951635240e-01 4.804246036986736246e-01
3.188671658337258741e-01 4.804226732732809202e-01
3.190032870004000376e-01 4.804207405672821785e-01
3.191394494188340425e-01 4.804188055650348010e-01
3.192756531127142750e-01 4.804168682535054913e-01
3.194118981057506579e-01 4.804149286595658652e-01
3.195481844216165324e-01 4.804129868062638753e-01
3.196845121016942959e-01 4.804110427184888898e-01
3.198208811700472554e-01 4.804090964593349944e-01
3.199572918216312400e-01 4.804071480364261459e-01
3.200937440866784556e-01 4.804051974925717117e-01
3.202302378168926933e-01 4.804032448521506349e-01
3.203667729875737669e-01 4.804012900976818434e-01
3.205033496224530820e-01 4.803993332288251650e-01
3.206399677452699826e-01 4.803973742366210997e-01
3.207766273797826306e-01 4.803954131136873862e-01
3.209133285013595072e-01 4.803934498769249495e-01
3.210500709434610522e-01 4.803914845243045240e-01
3.211868547302749732e-01 4.803895170561128247e-01
3.213236798703928976e-01 4.803875475759762370e-01
3.214605463399791141e-01 4.803855760683707343e-01
3.215974541933202535e-01 4.803836023122560195e-01
3.217344032621137218e-01 4.803816261283920808e-01
3.218713933718843068e-01 4.803796475492445039e-01
3.220084242852643275e-01 4.803776666088244718e-01
3.221454961297082753e-01 4.803756833368421075e-01
3.222826090845706815e-01 4.803736977585623680e-01
3.224197631365393613e-01 4.803717098952814957e-01
3.225569583263949158e-01 4.803697197652139761e-01
3.226941948470448684e-01 4.803677273837880790e-01
3.228314728196234329e-01 4.803657327637134711e-01
3.229687922789634680e-01 4.803637362866580718e-01
3.231061532553114457e-01 4.803617380130559833e-01
3.232435557523201664e-01 4.803597378945179130e-01
3.233809997755306420e-01 4.803577358853284296e-01
3.235184853476008593e-01 4.803557319958129401e-01
3.236560124911757041e-01 4.803537262059465740e-01
3.237935812289552961e-01 4.803517188377985914e-01
3.239311915829990451e-01 4.803497098248372121e-01
3.240688436404254857e-01 4.803476991133462937e-01
3.242065377413967386e-01 4.803456866929529112e-01
3.243442739019930521e-01 4.803436724891446685e-01
3.244820520512761153e-01 4.803416564295743263e-01
3.246198722127643377e-01 4.803396384806344899e-01
3.247577344337315708e-01 4.803376186004740811e-01
3.248956387820727265e-01 4.803355963610625445e-01
3.250335852816506055e-01 4.803335717845339525e-01
3.251715739563015295e-01 4.803315450798677499e-01
3.253096048294619180e-01 4.803295162356841508e-01
3.254476779246059381e-01 4.803274852500262204e-01
3.255857932705111257e-01 4.803254521463022342e-01
3.257239509451461124e-01 4.803234168026914164e-01
3.258621509728977794e-01 4.803213791073754901e-01
3.260003933778971574e-01 4.803193390763785264e-01
3.261386781857600892e-01 4.803172968363600415e-01
3.262770053657048641e-01 4.803152525575682397e-01
3.264153746790457999e-01 4.803132062136355462e-01
3.265537861485133808e-01 4.803111577818140465e-01
3.266922397969013181e-01 4.803091072419751195e-01
3.268307356470644964e-01 4.803070543935052394e-01
3.269692738612236527e-01 4.803049990636866773e-01
3.271078546038993506e-01 4.803029412836877787e-01
3.272464781838472780e-01 4.803008810798476969e-01
3.273851445942531080e-01 4.802988184492306689e-01
3.275238538597338156e-01 4.802967531106639987e-01
3.276626060055193856e-01 4.802946851659901650e-01
3.278014010566587810e-01 4.802926146161788368e-01
3.279402389486399394e-01 4.802905412427663223e-01
3.280791194214106588e-01 4.802884652859406578e-01
3.282180425146993819e-01 4.802863866313356045e-01
3.283570087302743468e-01 4.802843053029159925e-01
3.284960181118989908e-01 4.802822213535373197e-01
3.286350701378114580e-01 4.802801348285345995e-01
3.287741647514683674e-01 4.802780457678827997e-01
3.289133019384330447e-01 4.802759542038422813e-01
3.290524816907730021e-01 4.802738601660331286e-01
3.291917040659164684e-01 4.802717634816867642e-01
3.293309691435894471e-01 4.802696638794781703e-01
3.294702769395919106e-01 4.802675614454490760e-01
3.296096274749691912e-01 4.802654562687328488e-01
3.297490207766859416e-01 4.802633484296946476e-01
3.298884568715639287e-01 4.802612380456364738e-01
3.300279357862069274e-01 4.802591251646421977e-01
3.301674575471446604e-01 4.802570098424069900e-01
3.303070220520877287e-01 4.802548920966034918e-01
3.304466293023573531e-01 4.802527719423748120e-01
3.305862793235278541e-01 4.802506493924569853e-01
3.307259721714587153e-01 4.802485244574521972e-01
3.308657078839616350e-01 4.802463971460508851e-01
3.310054864854810042e-01 4.802442674653266130e-01
3.311453080004685967e-01 4.802421354209810422e-01
3.312851726972494970e-01 4.802400010207222292e-01
3.314250806991918541e-01 4.802378642691451649e-01
3.315650320441705379e-01 4.802357251922630410e-01
3.317050270735923401e-01 4.802335837890729930e-01
3.318450658120908336e-01 4.802314400552633589e-01
3.319851482843309554e-01 4.802292940004554422e-01
3.321252745149802510e-01 4.802271456337106059e-01
3.322654445478944729e-01 4.802249949497935377e-01
3.324056583771265450e-01 4.802228419737568643e-01
3.325459160267986713e-01 4.802206869842888803e-01
3.326862175189125859e-01 4.802185299979874755e-01
3.328265628777913876e-01 4.802163709623677446e-01
3.329669521278882938e-01 4.802142098316774521e-01
3.331073852937732060e-01 4.802120462143859569e-01
3.332478624009253543e-01 4.802098801110059600e-01
3.333883834748394559e-01 4.802077115344961511e-01
3.335289485410021237e-01 4.802055405027857993e-01
3.336695576230645499e-01 4.802033670295898227e-01
3.338102106955354587e-01 4.802011911207608730e-01
3.339509077148030136e-01 4.801990127810442655e-01
3.340916487331580531e-01 4.801968320142669389e-01
3.342324337760324005e-01 4.801946488330262608e-01
3.343732629315401272e-01 4.801924632577803664e-01
3.345141364881185075e-01 4.801902752860279233e-01
3.346550546149847372e-01 4.801880849503283866e-01
3.347960173387465876e-01 4.801858925108256071e-01
3.349370246010294205e-01 4.801836979303225061e-01
3.350780761434255517e-01 4.801815011754552720e-01
3.352191719918712343e-01 4.801793022101566999e-01
3.353603121724074154e-01 4.801771010029162179e-01
3.355014967111712987e-01 4.801748975321794011e-01
3.356427256343681442e-01 4.801726916264824063e-01
3.357839989686189908e-01 4.801704832801039213e-01
3.359253167405805152e-01 4.801682724622953202e-01
3.360666789770058727e-01 4.801660592421599927e-01
3.362080857045150473e-01 4.801638438480799742e-01
3.363495368522463336e-01 4.801616262585750583e-01
3.364910321001549631e-01 4.801594064357468383e-01
3.366325714730847851e-01 4.801571843472966505e-01
3.367741549919287536e-01 4.801549600306145305e-01
3.369157825770117132e-01 4.801527340313760939e-01
3.370574544268614137e-01 4.801505062405497792e-01
3.371991705752412360e-01 4.801482765008000531e-01
3.373409310619760459e-01 4.801460446890192801e-01
3.374827359699763552e-01 4.801438109620261296e-01
3.376245854578937555e-01 4.801415749259429488e-01
3.377664793521029662e-01 4.801393365075076747e-01
3.379084174274200048e-01 4.801370956476320728e-01
3.380503997161433682e-01 4.801348523389204481e-01
3.381924262548002269e-01 4.801326065745846750e-01
3.383344970700923882e-01 4.801303583877938874e-01
3.384766121886846335e-01 4.801281079229667292e-01
3.386187714919528524e-01 4.801258552165223459e-01
3.387609748872303372e-01 4.801236002312111451e-01
3.389032222424150365e-01 4.801213429348458739e-01
3.390455135522107422e-01 4.801190832996861668e-01
3.391878488424375782e-01 4.801168213015326036e-01
3.393302281422036493e-01 4.801145570237837501e-01
3.394726513723065886e-01 4.801122902653313096e-01
3.396151183546958219e-01 4.801100210151980630e-01
3.397576291311304453e-01 4.801077492695505211e-01
3.399001836417137601e-01 4.801054750246407932e-01
3.400427817423512522e-01 4.801031982770265216e-01
3.401854234590244719e-01 4.801009190237210955e-01
3.403281088750792494e-01 4.800986373451472389e-01
3.404708383127375004e-01 4.800963531327074318e-01
3.406136115418764154e-01 4.800940663859267210e-01
3.407564284762884532e-01 4.800917771045652982e-01
3.408992891423176519e-01 4.800894852882535702e-01
3.410421938127461972e-01 4.800871909362506296e-01
3.411851426275566146e-01 4.800848940469235049e-01
3.413281356132206734e-01 4.800825946181792592e-01
3.414711727962536636e-01 4.800802926477921728e-01
3.416142541848813940e-01 4.800779881334209520e-01
3.417573797797012203e-01 4.800756810726676815e-01
3.419005498041555735e-01 4.800733714631025273e-01
3.420437643993561316e-01 4.800710593017469274e-01
3.421870235970835283e-01 4.800687445853417668e-01
3.423303274245249606e-01 4.800664273106416968e-01
3.424736759389390151e-01 4.800641074832495692e-01
3.426170691872632013e-01 4.800617851029185257e-01
3.427605071965259542e-01 4.800594601646561710e-01
3.429039899926261126e-01 4.800571326637390612e-01
3.430475175172763569e-01 4.800548025956752896e-01
3.431910897530305316e-01 4.800524698987680972e-01
3.433347068094515508e-01 4.800501345194309599e-01
3.434783689558906228e-01 4.800477962777769392e-01
3.436220762202408796e-01 4.800454552228825555e-01
3.437658286303011956e-01 4.800431113834288666e-01
3.439096262138239823e-01 4.800407647835361336e-01
3.440534689985302874e-01 4.800384151142278455e-01
3.441973570129173154e-01 4.800360621074886702e-01
3.443412902861718861e-01 4.800337053730402426e-01
3.444852688484698056e-01 4.800313451291063904e-01
3.446292927391138572e-01 4.800289815659433135e-01
3.447733620160123302e-01 4.800266147828369245e-01
3.449174767837022704e-01 4.800242448642643156e-01
3.450616371292652418e-01 4.800218718818986541e-01
3.452058434503363915e-01 4.800194958964847936e-01
3.453500958319527525e-01 4.800171169586491815e-01
3.454943943047535382e-01 4.800147351111080374e-01
3.456387388993104048e-01 4.800123503899328403e-01
3.457831296461315596e-01 4.800099628255041218e-01
3.459275665760859764e-01 4.800075724433284230e-01
3.460720497141324126e-01 4.800051792647372917e-01
3.462165790865399662e-01 4.800027833075018457e-01
3.463611546983626499e-01 4.800003845863407004e-01
3.465057765792662337e-01 4.799979831134120190e-01
3.466504447602388184e-01 4.799955789394697026e-01
3.467951592653697457e-01 4.799931722114114119e-01
3.469399201121047827e-01 4.799907629871776882e-01
3.470847273303729885e-01 4.799883513147811254e-01
3.472295809499725827e-01 4.799859371589762502e-01
3.473744810007852735e-01 4.799835203121153304e-01
3.475194275132236776e-01 4.799811006741496189e-01
3.476644205179521552e-01 4.799786782575617972e-01
3.478094598879842292e-01 4.799762533170968681e-01
3.479545454421674178e-01 4.799738259527930317e-01
3.480996772091158320e-01 4.799713961219320701e-01
3.482448552237603079e-01 4.799689635833032098e-01
3.483900798478787864e-01 4.799665284265410836e-01
3.485353510913666852e-01 4.799640905953889147e-01
3.486806687975163577e-01 4.799616500639308225e-01
3.488260329201791632e-01 4.799592067957885178e-01
3.489714435643673784e-01 4.799567607599768970e-01
3.491169007107512434e-01 4.799543119577370232e-01
3.492624044972395536e-01 4.799518606629065154e-01
3.494079549809249730e-01 4.799494069102369642e-01
3.495535521887971897e-01 4.799469506547059394e-01
3.496991961479438138e-01 4.799444918573755325e-01
3.498448866418752412e-01 4.799420304845016250e-01
3.499906235694599244e-01 4.799395665073912798e-01
3.501364069577593829e-01 4.799370999013700678e-01
3.502822368338748271e-01 4.799346306448674659e-01
3.504281132249500441e-01 4.799321587277406986e-01
3.505740361581278219e-01 4.799296843426967829e-01
3.507200057439443519e-01 4.799272074231757945e-01
3.508660220417948450e-01 4.799247279263757493e-01
3.510120850791838554e-01 4.799222458138357461e-01
3.511581948836974276e-01 4.799197610469227437e-01
3.513043514830098690e-01 4.799172738924771808e-01
3.514505549040187193e-01 4.799147841559236460e-01
3.515968052069307070e-01 4.799122916115665660e-01
3.517431023724064132e-01 4.799097962545317841e-01
3.518894463387903238e-01 4.799072980828189561e-01
3.520358371351294258e-01 4.799047970976001443e-01
3.521822747904533868e-01 4.799022932861884971e-01
3.523287593338090273e-01 4.798997866485631980e-01
3.524752908322943412e-01 4.798972771855110064e-01
3.526218690457172955e-01 4.798947648970152691e-01
3.527684939206359171e-01 4.798922497831750733e-01
3.529151654851030995e-01 4.798897318437017612e-01
3.530618837655311038e-01 4.798872110777621658e-01
3.532086485084821592e-01 4.798846874806718676e-01
3.533554597883492021e-01 4.798821610518165248e-01
3.535023180722445257e-01 4.798796317670959155e-01
3.536492233891944670e-01 4.798770995999268041e-01
3.537961757682834274e-01 4.798745648197770830e-01
3.539431754475726999e-01 4.798720274558313514e-01
3.540902224919267316e-01 4.798694875028063356e-01
3.542373168479649448e-01 4.798669448339329402e-01
3.543844584712562695e-01 4.798643994875472218e-01
3.545316475194940642e-01 4.798618517699947961e-01
3.546788840197576675e-01 4.798593016040570980e-01
3.548261679993298667e-01 4.798567489235198158e-01
3.549734993634446334e-01 4.798541936614128534e-01
3.551208779703038942e-01 4.798516354827329633e-01
3.552683038487620681e-01 4.798490743911038026e-01
3.554157770957386275e-01 4.798465102132673521e-01
3.555632977193274868e-01 4.798439428269176132e-01
3.557108656170625549e-01 4.798413722787222002e-01
3.558584810350192140e-01 4.798387985851255144e-01
3.560061440580997161e-01 4.798362217435442889e-01
3.561538550215499477e-01 4.798336418068646081e-01
3.563016139556901551e-01 4.798310588286822664e-01
3.564494208040563383e-01 4.798284728264568533e-01
3.565972755581305886e-01 4.798258838145924021e-01
3.567451781563607538e-01 4.798232918047676265e-01
3.568931286343115517e-01 4.798206968064934186e-01
3.570411270210109844e-01 4.798180988271750214e-01
3.571891733454458651e-01 4.798154978724484265e-01
3.573372676365797473e-01 4.798128937419341433e-01
3.574854099239496152e-01 4.798102863828124232e-01
3.576336002372346168e-01 4.798076755705623642e-01
3.577818386067674883e-01 4.798050613768426453e-01
3.579301250626661379e-01 4.798024439021353893e-01
3.580784596169961365e-01 4.797998231059023566e-01
3.582268422223252591e-01 4.797971990327886127e-01
3.583752729141874704e-01 4.797945717294104795e-01
3.585237517342592106e-01 4.797919412224909697e-01
3.586722787322824124e-01 4.797893075199059498e-01
3.588208539377762407e-01 4.797866706543369442e-01
3.589694773801671568e-01 4.797840306527760834e-01
3.591181490888023520e-01 4.797813875373961867e-01
3.592668690929580189e-01 4.797787413262884493e-01
3.594156374218606120e-01 4.797760923500384300e-01
3.595644541040018405e-01 4.797734406534745477e-01
3.597133191712940103e-01 4.797707861873186097e-01
3.598622326537662119e-01 4.797681290459705483e-01
3.600111945405298219e-01 4.797654692040306812e-01
3.601602048686968205e-01 4.797628066030328320e-01
3.603092636740600763e-01 4.797601409542509576e-01
3.604583710109834915e-01 4.797574722299096095e-01
3.606075270864358417e-01 4.797548004878925409e-01
3.607567320978360970e-01 4.797521257687664131e-01
3.609059860752555915e-01 4.797494480602443323e-01
3.610552890488095690e-01 4.797467672155542595e-01
3.612046407452420560e-01 4.797440830839512782e-01
3.613540411487745629e-01 4.797413957004219021e-01
3.615034900505672000e-01 4.797387050939364572e-01
3.616529874174239101e-01 4.797360112889353934e-01
3.618025332795303806e-01 4.797333143055298454e-01
3.619521276670191190e-01 4.797306141599911311e-01
3.621017705957014776e-01 4.797279108653466073e-01
3.622514620444188260e-01 4.797252044293019990e-01
3.624012020464382755e-01 4.797224948743405437e-01
3.625509908213914168e-01 4.797197822086501917e-01
3.627008283990912352e-01 4.797170664340398294e-01
3.628507148120385106e-01 4.797143475513162558e-01
3.630006502704480886e-01 4.797116256602100282e-01
3.631506347578716265e-01 4.797089009412867089e-01
3.633006683303754425e-01 4.797061733294727404e-01
3.634507510077462089e-01 4.797034427565152193e-01
3.636008828169565721e-01 4.797007091956715930e-01
3.637510637863893281e-01 4.796979726236905162e-01
3.639012939734231900e-01 4.796952330450631741e-01
3.640515736479397746e-01 4.796924904559169978e-01
3.642019029578313916e-01 4.796897448340417536e-01
3.643522819828928783e-01 4.796869961596504917e-01
3.645027107523328702e-01 4.796842446054958020e-01
3.646531892948448594e-01 4.796814902647240642e-01
3.648037176388540526e-01 4.796787332604352527e-01
3.649542958124182834e-01 4.796759734646462436e-01
3.651049238440081113e-01 4.796732108755780710e-01
3.652556018718822739e-01 4.796704454704310838e-01
3.654063300454598040e-01 4.796676771018435481e-01
3.655571082039077435e-01 4.796649054812432977e-01
3.657079363091699786e-01 4.796621306742098745e-01
3.658588143918750646e-01 4.796593527928604828e-01
3.660097423903811431e-01 4.796565718143402379e-01
3.661607201782200449e-01 4.796537877205488964e-01
3.663117477857754656e-01 4.796510004959895768e-01
3.664628252148336429e-01 4.796482101266781872e-01
3.666139524821555584e-01 4.796454165989014196e-01
3.667651298329863696e-01 4.796426197000835945e-01
3.669163574039608910e-01 4.796398193563904400e-01
3.670676352259498731e-01 4.796370156949333885e-01
3.672189633294431488e-01 4.796342087460223613e-01
3.673703417448521136e-01 4.796313985190627793e-01
3.675217704230785976e-01 4.796285851741681761e-01
3.676732492772304961e-01 4.796257687997996788e-01
3.678247783353020273e-01 4.796229491955444346e-01
3.679763576259540980e-01 4.796201263551427840e-01
3.681279871393362546e-01 4.796173002725745982e-01
3.682796668772320703e-01 4.796144709304755449e-01
3.684313968677312978e-01 4.796116381167363496e-01
3.685831771396373968e-01 4.796088018613623438e-01
3.687350077216617339e-01 4.796059621887270863e-01
3.688868886424443994e-01 4.796031191184800258e-01
3.690388199305725814e-01 4.796002726685714701e-01
3.691908015788600839e-01 4.795974228552820073e-01
3.693428332968805572e-01 4.795945696900404398e-01
3.694949151280437771e-01 4.795917132044363318e-01
3.696470472097077575e-01 4.795888534125212765e-01
3.697992295843517963e-01 4.795859903665447010e-01
3.699514622318225698e-01 4.795831239812775593e-01
3.701037449950931868e-01 4.795802541680445064e-01
3.702560779044318240e-01 4.795773809561570955e-01
3.704084609900050173e-01 4.795745044046456629e-01
3.705608942817756879e-01 4.795716242587350076e-01
3.707133776662439595e-01 4.795687404772603357e-01
3.708659112276390668e-01 4.795658531068145436e-01
3.710184951300858347e-01 4.795629621854059499e-01
3.711711295569876667e-01 4.795600677436032133e-01
3.713238145389229916e-01 4.795571700994572528e-01
3.714765501053282626e-01 4.795542692322253275e-01
3.716293362857018834e-01 4.795513651820194068e-01
3.717821730948555059e-01 4.795484581783364675e-01
3.719350605421595235e-01 4.795455481262108077e-01
3.720879986559059160e-01 4.795426349429439683e-01
3.722409874355670500e-01 4.795397186152577929e-01
3.723940269030425743e-01 4.795367991488913018e-01
3.725471172265081288e-01 4.795338764990521030e-01
3.727002586042983956e-01 4.795309506748962614e-01
3.728534510659741175e-01 4.795280218207474410e-01
3.730066946405619088e-01 4.795250898705867293e-01
3.731599893573020466e-01 4.795221547685424857e-01
3.733133354101466073e-01 4.795192162743865949e-01
3.734667328362605287e-01 4.795162743452595633e-01
3.736201816389982389e-01 4.795133289145388500e-01
3.737736812839449474e-01 4.795103802300397788e-01
3.739272317373629195e-01 4.795074284514435625e-01
3.740808330729005204e-01 4.795044735214227805e-01
3.742344853112055114e-01 4.795015153886109105e-01
3.743881884783868963e-01 4.794985540094528487e-01
3.745419426039365840e-01 4.794955892418630850e-01
3.746957477178463058e-01 4.794926208814055402e-01
3.748496038508298267e-01 4.794896489482806667e-01
3.750035110562902618e-01 4.794866734585177537e-01
3.751574694251331166e-01 4.794836944245933763e-01
3.753114789880172553e-01 4.794807118559002435e-01
3.754655397752154067e-01 4.794777259674155578e-01
3.756196520117969784e-01 4.794747367770159641e-01
3.757738159069836659e-01 4.794717442655382911e-01
3.759280314926864985e-01 4.794687484611017680e-01
3.760822985647409578e-01 4.794657491458132470e-01
3.762366171312211405e-01 4.794627460843164379e-01
3.763909872247492294e-01 4.794597393129085283e-01
3.765454088755907924e-01 4.794567288609585809e-01
3.766998820262761893e-01 4.794537147520785414e-01
3.768544067076030624e-01 4.794506970053890593e-01
3.770089829518340485e-01 4.794476755042184624e-01
3.771636107916617187e-01 4.794446502423915790e-01
3.773182900761246072e-01 4.794416212541047773e-01
3.774730207918876590e-01 4.794385885675647718e-01
3.776278029997761077e-01 4.794355522055331331e-01
3.777826367500546900e-01 4.794325120855802425e-01
3.779375219325031843e-01 4.794294682015332598e-01
3.780924583278956197e-01 4.794264205904441023e-01
3.782474458842230436e-01 4.794233693782964378e-01
3.784024846312361023e-01 4.794203145701460000e-01
3.785575745986436424e-01 4.794172559240072462e-01
3.787127158170511265e-01 4.794141934813062056e-01
3.788679083168869921e-01 4.794111272755958719e-01
3.790231521046356078e-01 4.794080576353001999e-01
3.791784471964999570e-01 4.794049846601810549e-01
3.793337936301326430e-01 4.794019082970185086e-01
3.794891914339419414e-01 4.793988285044414321e-01
3.796446407299311487e-01 4.793957452474263414e-01
3.798001416034293420e-01 4.793926584958820847e-01
3.799556940092793655e-01 4.793895682239311951e-01
3.801112979785614687e-01 4.793864744234220265e-01
3.802669535423927050e-01 4.793833770854535326e-01
3.804226608512681351e-01 4.793802761624308961e-01
3.805784200617069457e-01 4.793771716224242141e-01
3.807342312345389224e-01 4.793740634560834657e-01
3.808900944367193397e-01 4.793709518300595107e-01
3.810460097038465554e-01 4.793678367169585397e-01
3.812019770712573030e-01 4.793647177688095673e-01
3.813579965798963300e-01 4.793615951523150787e-01
3.815140682663929472e-01 4.793584688887546075e-01
3.816701921621737936e-01 4.793553389705073053e-01
3.818263682987517171e-01 4.793522056132447640e-01
3.819825967069446770e-01 4.793490688384843823e-01
3.821388774205884409e-01 4.793459285954924098e-01
3.822952104705045762e-01 4.793427848415718340e-01
3.824515958877496291e-01 4.793396375402931842e-01
3.826080337321008940e-01 4.793364866607607300e-01
3.827645240351110756e-01 4.793333319680873061e-01
3.829210667758167763e-01 4.793301732200970222e-01
3.830776619888070500e-01 4.793270104747996418e-01
3.832343097085088579e-01 4.793238437791758622e-01
3.833910099357251688e-01 4.793206731732196357e-01
3.835477627635424658e-01 4.793174986457265918e-01
3.837045684666212098e-01 4.793143200836958440e-01
3.838614272384789916e-01 4.793111375972934352e-01
3.840183390933469831e-01 4.793079511243097945e-01
3.841753040116158147e-01 4.793047605381910992e-01
3.843323220264791007e-01 4.793015658000677748e-01
3.844893931527793018e-01 4.792983671050941030e-01
3.846465172769907293e-01 4.792951645658968252e-01
3.848036944608648757e-01 4.792919581929048767e-01
3.849609247802412426e-01 4.792887477003162644e-01
3.851182084862624366e-01 4.792855331343485736e-01
3.852755455688878783e-01 4.792823145432475451e-01
3.854329359738988270e-01 4.792790919659500881e-01
3.855903796899180502e-01 4.792758654338978297e-01
3.857478769916570238e-01 4.792726349722047363e-01
3.859054279120550102e-01 4.792694005997082396e-01
3.860630324840124139e-01 4.792661623309864005e-01
3.862206907404097667e-01 4.792629201771143044e-01
3.863784027141196065e-01 4.792596741613105449e-01
3.865361684379555185e-01 4.792564242968489485e-01
3.866939879447152117e-01 4.792531705833498745e-01
3.868518612672349199e-01 4.792499130195951862e-01
3.870097884383952858e-01 4.792466516036766322e-01
3.871677694911204726e-01 4.792433863331175270e-01
3.873258045255156823e-01 4.792401172767017936e-01
3.874838937385273185e-01 4.792368445692358758e-01
3.876420368962287255e-01 4.792335684433755016e-01
3.878002339453637259e-01 4.792302888066581334e-01
3.879584849014066639e-01 4.792270055824330854e-01
3.881167897943680334e-01 4.792237186600897259e-01
3.882751486903083804e-01 4.792204279762534158e-01
3.884335616209620423e-01 4.792171335046110370e-01
3.885920284557878857e-01 4.792138352226923970e-01
3.887505490745683523e-01 4.792105331118006184e-01
3.889091235053585005e-01 4.792072271301725528e-01
3.890677518011173008e-01 4.792039170005085169e-01
3.892264340391151656e-01 4.792006026906351912e-01
3.893851702528172143e-01 4.791972841958441753e-01
3.895439602582523864e-01 4.791939615033998789e-01
3.897028040539948779e-01 4.791906346073199763e-01
3.898617018665973544e-01 4.791873035323436225e-01
3.900206538231382192e-01 4.791839685042060260e-01
3.901796599779689401e-01 4.791806295208754229e-01
3.903387203794806415e-01 4.791772865841267826e-01
3.904978350758849248e-01 4.791739397107590004e-01
3.906570041006031668e-01 4.791705888922274115e-01
3.908162273321951763e-01 4.791672341195730156e-01
3.909755048669061317e-01 4.791638753597345923e-01
3.911348367917875657e-01 4.791605126117631230e-01
3.912942231410669880e-01 4.791571458736711975e-01
3.914536639315023825e-01 4.791537751212948115e-01
3.916131589613884856e-01 4.791504003446217519e-01
3.917727081880861273e-01 4.791470213017387514e-01
3.919323116217499070e-01 4.791436379970274717e-01
3.920919692960068703e-01 4.791402504392805461e-01
3.922516812796082997e-01 4.791368585663483559e-01
3.924114476334968349e-01 4.791334623423769701e-01
3.925712683920675738e-01 4.791300618043630721e-01
3.927311435894939029e-01 4.791266570383375112e-01
3.928910734529070803e-01 4.791232481307893254e-01
3.930510580356013639e-01 4.791198350995136135e-01
3.932110974138181558e-01 4.791164180931073435e-01
3.933711918457157841e-01 4.791129970221821299e-01
3.935313413706210683e-01 4.791095718607487064e-01
3.936915459915081295e-01 4.791061426119694877e-01
3.938518057233552083e-01 4.791027092774588492e-01
3.940121205989115527e-01 4.790992718579077936e-01
3.941724906508824455e-01 4.790958303303485821e-01
3.943329159120266825e-01 4.790923846464312796e-01
3.944933964304560559e-01 4.790889349158561350e-01
3.946539321789515053e-01 4.790854810971277855e-01
3.948145231352535034e-01 4.790820231753025182e-01
3.949751693327434032e-01 4.790785612794929427e-01
3.951358708582027313e-01 4.790750956528012083e-01
3.952966279486622159e-01 4.790716262644638679e-01
3.954574406414220755e-01 4.790681530548227540e-01
3.956183089688243837e-01 4.790646759585495684e-01
3.957792329675471898e-01 4.790611949187960628e-01
3.959402126706500491e-01 4.790577098920750232e-01
3.961012481120473328e-01 4.790542206870125885e-01
3.962623393342395994e-01 4.790507271866975558e-01
3.964234863822871935e-01 4.790472294161766120e-01
3.965846892773854937e-01 4.790437275256423932e-01
3.967459481173318814e-01 4.790402214241981094e-01
3.969072630129282797e-01 4.790367111194636096e-01
3.970686338486453804e-01 4.790331966861943180e-01
3.972300605242120031e-01 4.790296781086771927e-01
3.973915430578595642e-01 4.790261553651093962e-01
3.975530814832869408e-01 4.790226284382145816e-01
3.977146758342572364e-01 4.790190972990743257e-01
3.978763261446559008e-01 4.790155619804953857e-01
3.980380321813474231e-01 4.790120224948260508e-01
3.981997939664618236e-01 4.790084788150913986e-01
3.983616113241346124e-01 4.790049310209587019e-01
3.985234842299548719e-01 4.790013792437010087e-01
3.986854127158794281e-01 4.789978234283724934e-01
3.988473968141176274e-01 4.789942635278473526e-01
3.990094365570943102e-01 4.789906995029241665e-01
3.991715320836620728e-01 4.789871313209524417e-01
3.993336834186139161e-01 4.789835589551846295e-01
3.994958904683448275e-01 4.789799823829766767e-01
3.996581532562048511e-01 4.789764016133099545e-01
3.998204718165624394e-01 4.789728165628248102e-01
3.999828461842105387e-01 4.789692272241390936e-01
4.001452763296421966e-01 4.789656335092838391e-01
4.003077621005405318e-01 4.789620352735847741e-01
4.004703035325514748e-01 4.789584325876182214e-01
4.006329006609745669e-01 4.789548254749959599e-01
4.007955532544263955e-01 4.789512139533600998e-01
4.009582614028114333e-01 4.789475980367378649e-01
4.011210252326190551e-01 4.789439777348134530e-01
4.012838447782793305e-01 4.789403530709974155e-01
4.014467200741003716e-01 4.789367240611270837e-01
4.016096511302053584e-01 4.789330907859414288e-01
4.017726378952997113e-01 4.789294533467301496e-01
4.019356803978519355e-01 4.789258116996572001e-01
4.020987786709820933e-01 4.789221656027635721e-01
4.022619327490556951e-01 4.789185150653300638e-01
4.024251426663783548e-01 4.789148602415007616e-01
4.025884084564409493e-01 4.789112011808648317e-01
4.027517301524600746e-01 4.789075377509069420e-01
4.029151077894406741e-01 4.789038697735044647e-01
4.030785414099253283e-01 4.789001972889808112e-01
4.032420310809293751e-01 4.788965203119371350e-01
4.034055771499304166e-01 4.788928388525199864e-01
4.035691798543734610e-01 4.788891529989523499e-01
4.037328392601182703e-01 4.788854628910388933e-01
4.038965553730225477e-01 4.788817685990535700e-01
4.040603282523625994e-01 4.788780700651696365e-01
4.042241580096306852e-01 4.788743672514935157e-01
4.043880448190774746e-01 4.788706601439511323e-01
4.045519887405121806e-01 4.788669486985513424e-01
4.047159898065166850e-01 4.788632329015799494e-01
4.048800480381659628e-01 4.788595127952486319e-01
4.050441634636995358e-01 4.788557882934923460e-01
4.052083360321663830e-01 4.788520592589957103e-01
4.053725655851880827e-01 4.788483256968645851e-01
4.055368521562027762e-01 4.788445874415582781e-01
4.057011958371622429e-01 4.788408444702875744e-01
4.058655967819504995e-01 4.788370968187302124e-01
4.060300549863431474e-01 4.788333445123902909e-01
4.061945704507218813e-01 4.788295875689861369e-01
4.063591432093520139e-01 4.788258260247165166e-01
4.065237734775139500e-01 4.788220599526710197e-01
4.066884612895945716e-01 4.788182893376056737e-01
4.068532064700948192e-01 4.788145141659714832e-01
4.070180090813069196e-01 4.788107344372726781e-01
4.071828692839582486e-01 4.788069503071333832e-01
4.073477871875599843e-01 4.788031617281623964e-01
4.075127629667116280e-01 4.787993686609187116e-01
4.076777966433107747e-01 4.787955710719657976e-01
4.078428881890059921e-01 4.787917689404407318e-01
4.080080374079769756e-01 4.787879622417794412e-01
4.081732443325210569e-01 4.787841509556281516e-01
4.083385089949665425e-01 4.787803350644104783e-01
4.085038314169679996e-01 4.787765145527536625e-01
4.086692114268138942e-01 4.787726894119224696e-01
4.088346490559776614e-01 4.787688595701656280e-01
4.090001443362553668e-01 4.787650248102017225e-01
4.091656973005989850e-01 4.787611852290534764e-01
4.093313079813208910e-01 4.787573408534883668e-01
4.094969761795281826e-01 4.787534917003308799e-01
4.096627019145088200e-01 4.787496377844928097e-01
4.098284852376123943e-01 4.787457791151832898e-01
4.099943263661215975e-01 4.787419158289721310e-01
4.101602253462097725e-01 4.787380479201491235e-01
4.103261822083878463e-01 4.787341752840494347e-01
4.104921970513545904e-01 4.787302978488967575e-01
4.106582699635161204e-01 4.787264154810042527e-01
4.108244009750486869e-01 4.787225282239455093e-01
4.109905904091767370e-01 4.787186362694925146e-01
4.111568383238435320e-01 4.787147396117400477e-01
4.113231445295201794e-01 4.787108384201915756e-01
4.114895090575074743e-01 4.787069326383424639e-01
4.116559319393074956e-01 4.787030222201983376e-01
4.118224132065654852e-01 4.786991071280560228e-01
4.119889529815198292e-01 4.786951873307503380e-01
4.121555513244377078e-01 4.786912627918529783e-01
4.123222082684212531e-01 4.786873334334101338e-01
4.124889237692440647e-01 4.786833991497024821e-01
4.126556978705165912e-01 4.786794599569333952e-01
4.128225306303274778e-01 4.786755158459570780e-01
4.129894220492588697e-01 4.786715668137151436e-01
4.131563721454935001e-01 4.786676130149080111e-01
4.133233809520475144e-01 4.786636545190561809e-01
4.134904484524979384e-01 4.786596913027282851e-01
4.136575746192233116e-01 4.786557232978400078e-01
4.138247594823979969e-01 4.786517503613827440e-01
4.139920030729579148e-01 4.786477725320367194e-01
4.141593054214763869e-01 4.786437898059174856e-01
4.143266665245165514e-01 4.786398021784804002e-01
4.144940863966741773e-01 4.786358097933740008e-01
4.146615650674376763e-01 4.786318126561386888e-01
4.148291025053179037e-01 4.786278107733528686e-01
4.149966986389821422e-01 4.786238041064360127e-01
4.151643535799679485e-01 4.786197926173143546e-01
4.153320674227179987e-01 4.786157762711480412e-01
4.154998403081992531e-01 4.786117550085246530e-01
4.156676723769435755e-01 4.786077288145103581e-01
4.158355636690423407e-01 4.786036976548502797e-01
4.160035138388822329e-01 4.785996613894403784e-01
4.161715229183411413e-01 4.785956200417952333e-01
4.163395909409917106e-01 4.785915736963696765e-01
4.165077179397585483e-01 4.785875224793499361e-01
4.166759039466499948e-01 4.785834662587844512e-01
4.168441489402055500e-01 4.785794047926527628e-01
4.170124528511708339e-01 4.785753381544607943e-01
4.171808157275310180e-01 4.785712663754005947e-01
4.173492378020803861e-01 4.785671894318614394e-01
4.175177191067496185e-01 4.785631073377923927e-01
4.176862596732700550e-01 4.785590201146716072e-01
4.178548595331184057e-01 4.785549277776727228e-01
4.180235187175558864e-01 4.785508303497823523e-01
4.181922373107900270e-01 4.785467278838554384e-01
4.183610153840361945e-01 4.785426203503760911e-01
4.185298528770135529e-01 4.785385076897932244e-01
4.186987497643527845e-01 4.785343899130879430e-01
4.188677059943895498e-01 4.785302670263267832e-01
4.190367215513843280e-01 4.785261390285039385e-01
4.192057964873481812e-01 4.785220059193453501e-01
4.193749308472383697e-01 4.785178676959024324e-01
4.195441246977733574e-01 4.785137243597569756e-01
4.197133781478039061e-01 4.785095759055350562e-01
4.198826913520008475e-01 4.785054223257672046e-01
4.200520644572107720e-01 4.785012636124762464e-01
4.202214976775449085e-01 4.784970997573317897e-01
4.203909910473755951e-01 4.784929307513421937e-01
4.205605446161532202e-01 4.784887565860216907e-01
4.207301584267234551e-01 4.784845771007228410e-01
4.208998325249636019e-01 4.784803922608739102e-01
4.210695669090678828e-01 4.784762020748771771e-01
4.212393616199019419e-01 4.784720065696683733e-01
4.214092166871551970e-01 4.784678057374265325e-01
4.215791321405833458e-01 4.784635995157666133e-01
4.217491079977637725e-01 4.784593881102630619e-01
4.219191442816812021e-01 4.784551716010486677e-01
4.220892410259600158e-01 4.784509498965173746e-01
4.222593981375142858e-01 4.784467229478260863e-01
4.224296153034077239e-01 4.784424907519572723e-01
4.225998925477923440e-01 4.784382533070377641e-01
4.227702299024425070e-01 4.784340106180814955e-01
4.229406272870831485e-01 4.784297626880896770e-01
4.231110847434065847e-01 4.784255095098982058e-01
4.232816024146944800e-01 4.784212511342627039e-01
4.234521803910150650e-01 4.784169874948594470e-01
4.236228187337879314e-01 4.784127185826259065e-01
4.237935174182225206e-01 4.784084443888245719e-01
4.239642764363572569e-01 4.784041649054783241e-01
4.241350958188122022e-01 4.783998801250918254e-01
4.243059755962302337e-01 4.783955900194633015e-01
4.244769157995376685e-01 4.783912945571857644e-01
4.246479164599744616e-01 4.783869937425078156e-01
4.248189776216006464e-01 4.783826875770521569e-01
4.249900993197660570e-01 4.783783759591270224e-01
4.251612815885004171e-01 4.783740587972380998e-01
4.253325244839756269e-01 4.783697361219824140e-01
4.255038279993290651e-01 4.783654080994541036e-01
4.256751920332647043e-01 4.783610747581327760e-01
4.258466166344126447e-01 4.783567359830654953e-01
4.260181018360674199e-01 4.783523917330440023e-01
4.261896476719324034e-01 4.783480421734267463e-01
4.263612541710966042e-01 4.783436872764872394e-01
4.265329213707214628e-01 4.783393270040708911e-01
4.267046493038011423e-01 4.783349613462275496e-01
4.268764379362169348e-01 4.783305902936670906e-01
4.270482872808721297e-01 4.783262138380169337e-01
4.272201973407348530e-01 4.783218319713094524e-01
4.273921682390435239e-01 4.783174446036448924e-01
4.275642001311829588e-01 4.783130517056103370e-01
4.277362929461376306e-01 4.783086532979520800e-01
4.279084465989225206e-01 4.783042494549718526e-01
4.280806610880328322e-01 4.782998401608860584e-01
4.282529364378989678e-01 4.782954252580357002e-01
4.284252726643247300e-01 4.782910047765225880e-01
4.285976697824785409e-01 4.782865787283149261e-01
4.287701277006706890e-01 4.782821469956383686e-01
4.289426463602510897e-01 4.782777094801833329e-01
4.291152257871495013e-01 4.782732662027120996e-01
4.292878661513462313e-01 4.782688172624376954e-01
4.294605675500416386e-01 4.782643627262285202e-01
4.296333300139598688e-01 4.782599026063432124e-01
4.298061537076267591e-01 4.782554369177337561e-01
4.299790387368044864e-01 4.782509656758095473e-01
4.301519851338823086e-01 4.782464889429011157e-01
4.303249929129954743e-01 4.782420066695338146e-01
4.304980620998637431e-01 4.782375188290075574e-01
4.306711927313701671e-01 4.782330253769971340e-01
4.308443848930957332e-01 4.782285263007783893e-01
4.310176386759850820e-01 4.782240216072176642e-01
4.311909541160151016e-01 4.782195112904997769e-01
4.313643312580323630e-01 4.782149953094650408e-01
4.315377701378257935e-01 4.782104736824008828e-01
4.317112707992029619e-01 4.782059463294440205e-01
4.318848330935328161e-01 4.782014133185877869e-01
4.320584570134071156e-01 4.781968746780788093e-01
4.322321425936327399e-01 4.781923303959502158e-01
4.324058898706684140e-01 4.781877806004940501e-01
4.325796988779019858e-01 4.781832252364484059e-01
4.327535696482716632e-01 4.781786643651084745e-01
4.329275022138996398e-01 4.781740980345074443e-01
4.331014965740020983e-01 4.781695261843502687e-01
4.332755527583578292e-01 4.781649487899178874e-01
4.334496707998966025e-01 4.781603658186540651e-01
4.336238507317870527e-01 4.781557772312856058e-01
4.337980925875049021e-01 4.781511829951391457e-01
4.339723964007697887e-01 4.781465831423521995e-01
4.341467622049818842e-01 4.781419776891142059e-01
4.343211900333605602e-01 4.781373665896338498e-01
4.344956797247550573e-01 4.781327497933474113e-01
4.346702313128830153e-01 4.781281272829054907e-01
4.348448448319995330e-01 4.781234990431829646e-01
4.350195202971333663e-01 4.781188650622391623e-01
4.351942578005498774e-01 4.781142253623942295e-01
4.353690574160234417e-01 4.781095799148082914e-01
4.355439191104827912e-01 4.781049286981884361e-01
4.357188427976382838e-01 4.781002716980482514e-01
4.358938283964957638e-01 4.780956089051495717e-01
4.360688759290323735e-01 4.780909403510654188e-01
4.362439854397137662e-01 4.780862659777707080e-01
4.364191570358594285e-01 4.780815856657643081e-01
4.365943908198754442e-01 4.780768994376596304e-01
4.367696868081408224e-01 4.780722073174036857e-01
4.369450451027521165e-01 4.780675093095526074e-01
4.371204658491948392e-01 4.780628054292088702e-01
4.372959490821067829e-01 4.780580957929508323e-01
4.374714948349687216e-01 4.780533803611022314e-01
4.376471031087749153e-01 4.780486590704384198e-01
4.378227739491633019e-01 4.780439317354004958e-01
4.379985073433306786e-01 4.780391983855365456e-01
4.381743031716946457e-01 4.780344590449006614e-01
4.383501614333757401e-01 4.780297137067399671e-01
4.385260822048723250e-01 4.780249623087129973e-01
4.387020656571081756e-01 4.780202048804778614e-01
4.388781118237533030e-01 4.780154415279214697e-01
4.390542207328218538e-01 4.780106722645058315e-01
4.392303924039511753e-01 4.780058970685138742e-01
4.394066268701574129e-01 4.780011158892727430e-01
4.395829240922580206e-01 4.779963288217961015e-01
4.397592840444887741e-01 4.779915358600924646e-01
4.399357067589297343e-01 4.779867368514149062e-01
4.401121922690316990e-01 4.779819317209457186e-01
4.402887406088614175e-01 4.779771204850803423e-01
4.404653518114385324e-01 4.779723031600430216e-01
4.406420258728422912e-01 4.779674797798561525e-01
4.408187628170146533e-01 4.779626504603695647e-01
4.409955626563729081e-01 4.779578151673074538e-01
4.411724254823594094e-01 4.779529738715800335e-01
4.413493514174631760e-01 4.779481265483337404e-01
4.415263404918185475e-01 4.779432731793907263e-01
4.417033925473807798e-01 4.779384137551506706e-01
4.418805076131500642e-01 4.779335482585972961e-01
4.420576857816449490e-01 4.779286766748322979e-01
4.422349271615214072e-01 4.779237989962134558e-01
4.424122317824168982e-01 4.779189153050107941e-01
4.425895998262653896e-01 4.779140255595361597e-01
4.427670313146736536e-01 4.779091297312934583e-01
4.429445262778387016e-01 4.779042277923329918e-01
4.431220847470325741e-01 4.778993198151254007e-01
4.432997066504025252e-01 4.778944058680821283e-01
4.434773917352391459e-01 4.778894858837776649e-01
4.436551400401837486e-01 4.778845598106913339e-01
4.438329517519538081e-01 4.778796276093109641e-01
4.440108269039357847e-01 4.778746892466624319e-01
4.441887655244444177e-01 4.778697447260573661e-01
4.443667676795289845e-01 4.778647940904911517e-01
4.445448334665438317e-01 4.778598372268943462e-01
4.447229629134998308e-01 4.778548739598778017e-01
4.449011560499634976e-01 4.778499042889492454e-01
4.450794127949189161e-01 4.778449282423798961e-01
4.452577330983734094e-01 4.778399458510173559e-01
4.454361170138903536e-01 4.778349572386534350e-01
4.456145645715871573e-01 4.778299623758150982e-01
4.457930757972552449e-01 4.778249612387106549e-01
4.459716507717418343e-01 4.778199537051560641e-01
4.461502896097928050e-01 4.778149398256886227e-01
4.463289923376798640e-01 4.778099196540332994e-01
4.465077589905728783e-01 4.778048930222686397e-01
4.466865897151995890e-01 4.777998599416365400e-01
4.468654846228743427e-01 4.777948203879550104e-01
4.470444437920773617e-01 4.777897743814075726e-01
4.472234672311782844e-01 4.777847218977082644e-01
4.474025549205356556e-01 4.777796629489688418e-01
4.475817068590377534e-01 4.777745976100887804e-01
4.477609230991345668e-01 4.777695258677934764e-01
4.479402038302657263e-01 4.777644477097636733e-01
4.481195490764448008e-01 4.777593631232320837e-01
4.482989588613836007e-01 4.777542721215904398e-01
4.484784332081681590e-01 4.777491747303654890e-01
4.486579721391033004e-01 4.777440709546134645e-01
4.488375756706250996e-01 4.777389608023085987e-01
4.490172436970534253e-01 4.777338442336035995e-01
4.491969761022016616e-01 4.777287212185886145e-01
4.493767728245791071e-01 4.777235917366200457e-01
4.495566338844137477e-01 4.777184558498565048e-01
4.497365593006449891e-01 4.777133135164707833e-01
4.499165491778817638e-01 4.777081647041823698e-01
4.500966035727526071e-01 4.777030094393255877e-01
4.502767224599230067e-01 4.776978476243097238e-01
4.504569059535856734e-01 4.776926792216564799e-01
4.506371539430460982e-01 4.776875042016635042e-01
4.508174664550903543e-01 4.776823226106942655e-01
4.509978435086393622e-01 4.776771344838791622e-01
4.511782852204535565e-01 4.776719397968431924e-01
4.513587916148946722e-01 4.776667385289004586e-01
4.515393627665049703e-01 4.776615306764247504e-01
4.517199987197426658e-01 4.776563160251317552e-01
4.519006994923756571e-01 4.776510945984702716e-01
4.520814651013034813e-01 4.776458664289683353e-01
4.522622955624226448e-01 4.776406315045724771e-01
4.524431908911942801e-01 4.776353898311753166e-01
4.526241511023958441e-01 4.776301413881664515e-01
4.528051762104654543e-01 4.776248862291043729e-01
4.529862662285091268e-01 4.776196243632462313e-01
4.531674212859508333e-01 4.776143557867765788e-01
4.533486415350216903e-01 4.776090805028680997e-01
4.535299269911270970e-01 4.776037985710130385e-01
4.537112776975540385e-01 4.775985099687972135e-01
4.538926935829785125e-01 4.775932146815332624e-01
4.540741746416526170e-01 4.775879127405417424e-01
4.542557208846407790e-01 4.775826041560971569e-01
4.544373323442039148e-01 4.775772888917653169e-01
4.546190090351704405e-01 4.775719669795962519e-01
4.548007508034729862e-01 4.775666382795730747e-01
4.549825575109198716e-01 4.775613027492094931e-01
4.551644291533608611e-01 4.775559603927355679e-01
4.553463657749974858e-01 4.775506111879989635e-01
4.555283673548056189e-01 4.775452551323205452e-01
4.557104339879770594e-01 4.775398922416279057e-01
4.558925657750673155e-01 4.775345225034677288e-01
4.560747627549862071e-01 4.775291457665093442e-01
4.562570249363730457e-01 4.775237620674171457e-01
4.564393523266596087e-01 4.775183714096474241e-01
4.566217448720835126e-01 4.775129737896645077e-01
4.568042025808768392e-01 4.775075691932705868e-01
4.569867254582201110e-01 4.775021576534174694e-01
4.571693135523021700e-01 4.774967391745695844e-01
4.573519668921176562e-01 4.774913137658522433e-01
4.575346854419951037e-01 4.774858814993609979e-01
4.577174691965610331e-01 4.774804424014233994e-01
4.579003182334050459e-01 4.774749964835987570e-01
4.580832325861590726e-01 4.774695437046501123e-01
4.582662122723822895e-01 4.774640840430678379e-01
4.584492572062037197e-01 4.774586174807695649e-01
4.586323673969228132e-01 4.774531438873229061e-01
4.588155428654980272e-01 4.774476632755828009e-01
4.589987836175914993e-01 4.774421756284747964e-01
4.591820896374277927e-01 4.774366809173121173e-01
4.593654608600695743e-01 4.774311791017888940e-01
4.595488973259935217e-01 4.774256701598839081e-01
4.597323990617846468e-01 4.774201540349225503e-01
4.599159659787827037e-01 4.774146307582090021e-01
4.600995980293166032e-01 4.774091003354241081e-01
4.602832951826376640e-01 4.774035627933769788e-01
4.604670573997731720e-01 4.773980182442651432e-01
4.606508846129339085e-01 4.773924667148580769e-01
4.608347768236096265e-01 4.773869081805087178e-01
4.610187340508673515e-01 4.773813426218083134e-01
4.612027562811143455e-01 4.773757700230761847e-01
4.613868434665562845e-01 4.773701904128263562e-01
4.615709956063166475e-01 4.773646038019175863e-01
4.617552126993398343e-01 4.773590101008146624e-01
4.619394946796070989e-01 4.773534092236831894e-01
4.621238415418505996e-01 4.773478011569786128e-01
4.623082533124741045e-01 4.773421859041933613e-01
4.624927300017251941e-01 4.773365634756275289e-01
4.626772716092109605e-01 4.773309338150132364e-01
4.628618781073697286e-01 4.773252969401834966e-01
4.630465493452426418e-01 4.773196529490876805e-01
4.632312852765380629e-01 4.773140018309652288e-01
4.634160858444771325e-01 4.773083435764570170e-01
4.636009509795710470e-01 4.773026781531357621e-01
4.637858806817083956e-01 4.772970056375782089e-01
4.639708749448703817e-01 4.772913259995407720e-01
4.641559337185096612e-01 4.772856391732062664e-01
4.643410569740833438e-01 4.772799451432542805e-01
4.645262446968819736e-01 4.772742438486377026e-01
4.647114968843925609e-01 4.772685352668676328e-01
4.648968134969692079e-01 4.772628194168119231e-01
4.650821945080751973e-01 4.772570963721448067e-01
4.652676398747914166e-01 4.772513661404002572e-01
4.654531495561564647e-01 4.772456286530230019e-01
4.656387235351923115e-01 4.772398838982794822e-01
4.658243617749257548e-01 4.772341318587544068e-01
4.660100641543195032e-01 4.772283725364876994e-01
4.661958306205555291e-01 4.772226059337734139e-01
4.663816611316899396e-01 4.772168320476696812e-01
4.665675556564298776e-01 4.772110508823504960e-01
4.667535141674670762e-01 4.772052624061005055e-01
4.669395366476382092e-01 4.771994666233068672e-01
4.671256230720846614e-01 4.771936635673857396e-01
4.673117734198150575e-01 4.771878532271274231e-01
4.674979876495812259e-01 4.771820355846052575e-01
4.676842657395717806e-01 4.771762105935865583e-01
4.678706076687819126e-01 4.771703782505372082e-01
4.680570134195853327e-01 4.771645385572780285e-01
4.682434829542169163e-01 4.771586915146098784e-01
4.684300161331810264e-01 4.771528371289339709e-01
4.686166129169530570e-01 4.771469754183417233e-01
4.688032732916156964e-01 4.771411063559306553e-01
4.689899972412222562e-01 4.771352299321118817e-01
4.691767847451003282e-01 4.771293461444719441e-01
4.693636357810595516e-01 4.771234549887179432e-01
4.695505503253751822e-01 4.771175564593366780e-01
4.697375283357950182e-01 4.771116505108282113e-01
4.699245697816945011e-01 4.771057371535263880e-01
4.701116746215918130e-01 4.770998163998286246e-01
4.702988427655201420e-01 4.770938882551338800e-01
4.704860741456452500e-01 4.770879527097416917e-01
4.706733687262583121e-01 4.770820097378551394e-01
4.708607264494611422e-01 4.770760593356836443e-01
4.710481472749324383e-01 4.770701014908399484e-01
4.712356311621360705e-01 4.770641361884575549e-01
4.714231780641117142e-01 4.770581634268265536e-01
4.716107879117293344e-01 4.770521831850577654e-01
4.717984606347989662e-01 4.770461954690967676e-01
4.719861961493334590e-01 4.770402002555697574e-01
4.721739943917727111e-01 4.770341975429766568e-01
4.723618553058805403e-01 4.770281873371443049e-01
4.725497788179469638e-01 4.770221696430888558e-01
4.727377648599238591e-01 4.770161444499145809e-01
4.729258133342764681e-01 4.770101117624997999e-01
4.731139241726137201e-01 4.770040715583180324e-01
4.733020972782830960e-01 4.769980238309446396e-01
4.734903325699515442e-01 4.769919685863074910e-01
4.736786299641406739e-01 4.769859058198593349e-01
4.738669893480453865e-01 4.769798356000399253e-01
4.740554106307625082e-01 4.769737579134644134e-01
4.742438937118761966e-01 4.769676727911777436e-01
4.744324384725503441e-01 4.769615801852525871e-01
4.746210448070772303e-01 4.769554800504423597e-01
4.748097125995159873e-01 4.769493723660993556e-01
4.749984417330783693e-01 4.769432571194994752e-01
4.751872320835829333e-01 4.769371343093474769e-01
4.753760835271306218e-01 4.769310039260474254e-01
4.755649959330953691e-01 4.769248659547563607e-01
4.757539691738728593e-01 4.769187203714594370e-01
4.759430031071172351e-01 4.769125671798275512e-01
4.761320975854720916e-01 4.769064063899624006e-01
4.763212524544733206e-01 4.769002379933022229e-01
4.765104675524040601e-01 4.768940619713186169e-01
4.766997427102706575e-01 4.768878783095145679e-01
4.768890777513531964e-01 4.768816870132399632e-01
4.770784724902450424e-01 4.768754880707633537e-01
4.772679267329914543e-01 4.768692814726980811e-01
4.774574402766171843e-01 4.768630672246544910e-01
4.776470129082382443e-01 4.768568453329092849e-01
4.778366444045712980e-01 4.768506157983297689e-01
4.780263345316280166e-01 4.768443786164381915e-01
4.782160830443694666e-01 4.768381337870097880e-01
4.784058896860400312e-01 4.768318813114826860e-01
4.785957541875361376e-01 4.768256211888811658e-01
4.787856762668868948e-01 4.768193534188193694e-01
4.789756556285909017e-01 4.768130780012876380e-01
4.791656919629215250e-01 4.768067949358930080e-01
4.793557849452227404e-01 4.768005042233063318e-01
4.795459342351045540e-01 4.767942058565691199e-01
4.797361394758938857e-01 4.767878998332752416e-01
4.799264002936218798e-01 4.767815861594300042e-01
4.801167162957957202e-01 4.767752648957975792e-01
4.803070870684001958e-01 4.767689360334000370e-01
4.804975121773371605e-01 4.767625995597692956e-01
4.806879911674550310e-01 4.767562554564381827e-01
4.808785235615982701e-01 4.767499037185304323e-01
4.810691088588430753e-01 4.767435444086312035e-01
4.812597465305251676e-01 4.767371775191837635e-01
4.814504360214236778e-01 4.767308030262579210e-01
4.816411767488614215e-01 4.767244209355480100e-01
4.818319680998843779e-01 4.767180312547346643e-01
4.820228094293718679e-01 4.767116340020087217e-01
4.822137000576536825e-01 4.767052291864447011e-01
4.824046392687857954e-01 4.766988168174479679e-01
4.825956263082824549e-01 4.766923969069303268e-01
4.827866603805899270e-01 4.766859694688884153e-01
4.829777406463754974e-01 4.766795345191776612e-01
4.831688662196153561e-01 4.766730920754100320e-01
4.833600361644663779e-01 4.766666421569306644e-01
4.835512494918843829e-01 4.766601847848460083e-01
4.837425051559401390e-01 4.766537199820893855e-01
4.839338020498593074e-01 4.766472477734710056e-01
4.841251390057094151e-01 4.766407681611584124e-01
4.843165147899428091e-01 4.766342812080331948e-01
4.845079280850623782e-01 4.766277869704829140e-01
4.846993774918157416e-01 4.766212854489002559e-01
4.848908615260182353e-01 4.766147766753153769e-01
4.850823786105409874e-01 4.766082606948727207e-01
4.852739270675563432e-01 4.766017375477980544e-01
4.854655051110058905e-01 4.765952073279580148e-01
4.856571108446163798e-01 4.765886700617266158e-01
4.858487422382399834e-01 4.765821257864354954e-01
4.860403971239442011e-01 4.765755745519122399e-01
4.862320731854156697e-01 4.765690164153236763e-01
4.864237679450284513e-01 4.765624514404293577e-01
4.866154787496304590e-01 4.765558796973038413e-01
4.868072027547457048e-01 4.765493012490141234e-01
4.869989369079247843e-01 4.765427161725464544e-01
4.871906779289419398e-01 4.765361245662077527e-01
4.873824222872847889e-01 4.765295265398948876e-01
4.875741661777130975e-01 4.765229222044034540e-01
4.877659054936545613e-01 4.765163116744622895e-01
4.879576357925423102e-01 4.765096950727762959e-01
4.881493522633859050e-01 4.765030725367562225e-01
4.883410497066583145e-01 4.764964442212581974e-01
4.885327224705650617e-01 4.764898103047923716e-01
4.887243644023122058e-01 4.764831709436125329e-01
4.889159688053195119e-01 4.764765263164708053e-01
4.891075283638853244e-01 4.764698766143891095e-01
4.892990350724621962e-01 4.764632220488903003e-01
4.894904801559259444e-01 4.764565628776747941e-01
4.896818539724265840e-01 4.764498993831850493e-01
4.898731459035962077e-01 4.764432318735040695e-01
4.900643442278933559e-01 4.764365606710893597e-01
4.902554359827673292e-01 4.764298861343050362e-01
4.904464067832711160e-01 4.764232086596711380e-01
4.906372406292900945e-01 4.764165287085625478e-01
4.908279196582751580e-01 4.764098467744907195e-01
4.910184238827671188e-01 4.764031634065208909e-01
4.912087308648518391e-01 4.763964791971492252e-01
4.913988153477849563e-01 4.763897948429536289e-01
4.915886488031558921e-01 4.763831111381307548e-01
4.917781988828348050e-01 4.763764289390515216e-01
4.919674287996279038e-01 4.763697492295677072e-01
4.921562965747761642e-01 4.763630731393083684e-01
4.923447541210355105e-01 4.763564019721659437e-01
4.925327461901715664e-01 4.763497371847755790e-01
4.927202091027543807e-01 4.763430804399199636e-01
4.929070692726365555e-01 4.763364336379897757e-01
4.930932414757988602e-01 4.763297990161286521e-01
4.932786268766590765e-01 4.763231791365943324e-01
4.934631108330356231e-01 4.763165769515690373e-01
4.936465605540708568e-01 4.763099958980918647e-01
4.938288227568394251e-01 4.763034399725097345e-01
4.940097216005927550e-01 4.762969137866128189e-01
4.941890573126233588e-01 4.762904226684630538e-01
4.943666060573117527e-01 4.762839727040442117e-01
4.945421217074561504e-01 4.762775707941136472e-01
4.947153400882672858e-01 4.762712246741326316e-01
4.948859859573505604e-01 4.762649428435765664e-01
4.950537824185228253e-01 4.762587344066680495e-01
4.952184617796540067e-01 4.762526089004385232e-01
4.953797763269015553e-01 4.762465759796620790e-01
4.955375074493658660e-01 4.762406450813901904e-01
4.956914719564276539e-01 4.762348251196895088e-01
4.958415251422298997e-01 4.762291241919449636e-01
4.959875609203093783e-01 4.762235493460642566e-01
4.961295096659365522e-01 4.762181064487666649e-01
4.962673346444559930e-01 4.762128001265175103e-01
4.964010277520075620e-01 4.762076338013702115e-01
4.965306051162742262e-01 4.762026097561506965e-01
4.966561029076977385e-01 4.761977292320640487e-01
4.967775735598108366e-01 4.761929925444500777e-01
4.968950824770157482e-01 4.761883992156178969e-01
4.970087052055937593e-01 4.761839481155764053e-01
4.971185250657258470e-01 4.761796375658781666e-01
4.972246311737172353e-01 4.761754654370244921e-01
4.973271168257871744e-01 4.761714292480027089e-01
4.974260781575728929e-01 4.761675262201308101e-01
4.975216130695207517e-01 4.761637533761989838e-01
4.976138203375967684e-01 4.761601075817450401e-01
4.977027988935660008e-01 4.761565855896284227e-01
4.977886472540490326e-01 4.761531840769600010e-01
4.978714630595855728e-01 4.761498996754583990e-01
4.979513427038539941e-01 4.761467290003407737e-01
4.980283810391485932e-01 4.761436686775098459e-01
4.981026711487048231e-01 4.761407153497222988e-01
4.981743041719416398e-01 4.761378656949548649e-01
4.982433691720618008e-01 4.761351164374257872e-01
4.983099530383853226e-01 4.761324643569238013e-01
4.983741404096486138e-01 4.761299062952020766e-01
4.984360136437906430e-01 4.761274391541313045e-01
4.984956527840296303e-01 4.761250599141285123e-01
4.985531355507052953e-01 4.761227656303400613e-01
4.986085373465287129e-01 4.761205534306243159e-01
4.986619312726794928e-01 4.761184205208315312e-01
4.987133881531604640e-01 4.761163641846742900e-01
4.987629765664379766e-01 4.761143817832894087e-01
4.988107628796920046e-01 4.761124707545078549e-01
4.988568112971351054e-01 4.761106286113580555e-01
4.989011839050835895e-01 4.761088529465735686e-01
4.989439407165646712e-01 4.761071414278583713e-01
4.989851397216221729e-01 4.761054917953825849e-01
4.990248369401965034e-01 4.761039018646573417e-01
4.990630864744234341e-01 4.761023695220877316e-01
4.990999405616419193e-01 4.761008927222732945e-01
4.991354496300701715e-01 4.760994694878777356e-01
4.991696623490042839e-01 4.760980979078585640e-01
4.992026256829881214e-01 4.760967761357392525e-01
4.992343849445074477e-01 4.760955023881411341e-01
4.992649838457642320e-01 4.760942749435548293e-01
4.992944645495605571e-01 4.760930921379954439e-01
4.993228677196369092e-01 4.760919523647855200e-01
4.993502325697823929e-01 4.760908540716837778e-01
4.993765969120227410e-01 4.760897957645870426e-01
4.994019972029312693e-01 4.760887760001759061e-01
4.994264685895964950e-01 4.760877933856610400e-01
4.994500449541957043e-01 4.760868465773347991e-01
4.994727589573424997e-01 4.760859342789891535e-01
4.994946420802209297e-01 4.760850552403664837e-01
4.995157246655041461e-01 4.760842082556420163e-01
4.995360359570691355e-01 4.760833921626553278e-01
4.995556041384025536e-01 4.760826058400464689e-01
4.995744563700291740e-01 4.760818482062396662e-01
4.995926188257094336e-01 4.760811182185277213e-01
4.996101167274145660e-01 4.760804148716913375e-01
4.996269743791834639e-01 4.760797371966783986e-01
4.996432151998725368e-01 4.760790842593345396e-01
4.996588617548257116e-01 4.760784551591794034e-01
4.996739357864858899e-01 4.760778490282246977e-01
4.996884582439787281e-01 4.760772650298312203e-01
4.997024493116801747e-01 4.760767023568155398e-01
4.997159284369296350e-01 4.760761602322821640e-01
4.997289143564509484e-01 4.760756379073748934e-01
4.997414251212973224e-01 4.760751346602932754e-01
4.997534781235291601e-01 4.760746497955409828e-01
4.997650901191531547e-01 4.760741826428649404e-01
4.997762772512295837e-01 4.760737325559709632e-01
4.997870550722247618e-01 4.760732989120243230e-01
4.997974385655104546e-01 4.760728811106306746e-01
4.998074421661207190e-01 4.760724785736831222e-01
4.998170797806822385e-01 4.760720907440561533e-01
