1.010101010101010083e-01 1.010101010101010187e-02
1.009799930269686952e-01 9.012449214607986397e-03
1.009099674025028121e-01 8.100538073745893949e-03
1.008102812316855335e-01 7.363395871423239133e-03
1.006894482037477140e-01 6.782465535676622526e-03
1.005533658317533663e-01 6.332077045582857125e-03
1.004061867003228775e-01 5.986340778170265789e-03
1.002510059330774250e-01 5.722747159754801652e-03
1.000900781642361931e-01 5.522375265408319828e-03
9.992486480039432239e-02 5.370011821068514449e-03
9.975643517607862831e-02 5.253666563458672667e-03
9.958559090105992273e-02 5.164229752765873288e-03
9.941292354162888090e-02 5.094797608198427252e-03
9.923885900044468467e-02 5.040197484650886864e-03
9.906370179360672601e-02 4.996541068473773703e-03
9.888767401639471377e-02 4.960936547467247743e-03
9.871093848554865491e-02 4.931244717327525062e-03
9.853362383528102564e-02 4.905888260425822142e-03
9.835581563051697118e-02 4.883707431609544264e-03
9.817757194256743203e-02 4.863851203412329280e-03
9.799893910475032666e-02 4.845696166623057397e-03
9.781995153512698660e-02 4.828786486726160954e-03
9.764063499439157301e-02 4.812789364816470045e-03
9.746100895911752326e-02 4.797466265223523929e-03
9.728108347217778729e-02 4.782639324864848551e-03
9.710086760430448882e-02 4.768179111219917818e-03
9.692036936421601079e-02 4.753991605807025150e-03
9.673959317388480805e-02 4.740008620731300110e-03
9.655854532889338038e-02 4.726181547925492610e-03
9.637723123859281982e-02 4.712476488543684838e-03
9.619565570463742277e-02 4.698866903282682486e-03
9.601382306156083790e-02 4.685333680821582997e-03
9.583173731683840291e-02 4.671863085082113287e-03
9.564940225254932316e-02 4.658445271509171690e-03
9.546682149812289742e-02 4.645073207773265170e-03
9.528399506767126770e-02 4.631742715101068095e-03
9.510092634232257536e-02 4.618453334530744914e-03
9.491761862534953131e-02 4.605201648161142552e-03
9.473407446323864334e-02 4.591985965939692632e-03
9.455029730116658315e-02 4.578806000773615048e-03
9.436629060931991941e-02 4.565659751899032309e-03
9.418205785050781653e-02 4.552545846785409009e-03
9.399760248304285526e-02 4.539463362854871675e-03
9.381292799232637813e-02 4.526411698957214305e-03
9.362803788394473414e-02 4.513390483760756217e-03
9.344293568777671533e-02 4.500399510188502969e-03
9.325762496171025040e-02 4.487436494856460525e-03
9.307210925466881390e-02 4.474501330674129224e-03
9.288639214509215869e-02 4.461594741113641960e-03
9.270047722779346799e-02 4.448717295516404352e-03
9.251436815057054175e-02 4.435869459415974284e-03
9.232806861708345303e-02 4.423051637665481942e-03
9.214158236949480940e-02 4.410264147517679173e-03
9.195491318695039884e-02 4.397507269577289463e-03
9.176806488461225486e-02 4.384776486063354448e-03
9.158104123134827579e-02 4.372073357937737367e-03
9.139384605430497799e-02 4.359399140600198064e-03
9.120648323412114400e-02 4.346752189255360249e-03
9.101895665479793618e-02 4.334133176345551439e-03
9.083127250917452655e-02 4.321543449755336011e-03
9.064343500023480660e-02 4.308984055396361187e-03
9.045544842680951214e-02 4.296455785340278291e-03
9.026732216107437312e-02 4.283959254361308436e-03
9.007906032027446219e-02 4.271495054554045462e-03
8.989066708558489383e-02 4.259063653392647711e-03
8.970214667528406127e-02 4.246665431741422289e-03
8.951350334409259590e-02 4.234300709603022045e-03
8.932474142001883832e-02 4.221969532601567779e-03
8.913587144788912009e-02 4.209669647728134234e-03
8.894689775771923157e-02 4.197402248181715881e-03
8.875782685121606785e-02 4.185168214397343156e-03
8.856866539417422579e-02 4.172967895553028952e-03
8.837941785722977506e-02 4.160801582685707406e-03
8.819008874367809114e-02 4.148669934204582410e-03
8.800068259366085333e-02 4.136573456390539236e-03
8.781120398348821188e-02 4.124512550878943473e-03
8.762165752259834517e-02 4.112487542108526212e-03
8.743204785111348409e-02 4.100498701654541056e-03
8.724237994262221130e-02 4.088546275328310692e-03
8.705266175977188770e-02 4.076627650833839281e-03
8.686289800231924985e-02 4.064742648328406247e-03
8.667309365788204711e-02 4.052892587316959602e-03
8.648325425038262682e-02 4.041078427062420181e-03
8.629338433814205678e-02 4.029300888435928540e-03
8.610348876805440366e-02 4.017560508125895408e-03
8.591357242104227798e-02 4.005854682349211521e-03
8.572364017173181305e-02 3.994184481821224861e-03
8.553369692255322065e-02 3.982550907155667924e-03
8.534374761375182472e-02 3.970954694628381354e-03
8.515379721978225125e-02 3.959396393192635144e-03
8.496385074415302441e-02 3.947876423219216085e-03
8.477391321844404692e-02 3.936395117098671556e-03
8.458398970084896051e-02 3.924952747128585342e-03
8.439408529570882611e-02 3.913549544139043393e-03
8.420420512948253999e-02 3.902185711299506130e-03
8.401435433060114311e-02 3.890861431290068562e-03
8.382453804868449099e-02 3.879576873617830018e-03
8.363475773019619919e-02 3.868332197270864942e-03
8.344501406921553399e-02 3.857128714055860913e-03
8.325531228476169832e-02 3.845966636514043871e-03
8.306565761577651419e-02 3.834845544168791545e-03
8.287605531279644555e-02 3.823765198955718023e-03
8.268651063996623751e-02 3.812725466153431275e-03
8.249702505464406865e-02 3.801726456642888496e-03
8.230760126473057881e-02 3.790767243741045150e-03
8.211824455667667000e-02 3.779845181043572921e-03
8.192896023897937308e-02 3.768961403001173591e-03
8.173975368472219394e-02 3.758116712189301170e-03
8.155063021714625826e-02 3.747311687936441885e-03
8.136159518162106030e-02 3.736546759144908705e-03
8.117265394196097883e-02 3.725822252434240339e-03
8.098381188035534695e-02 3.715138427000634277e-03
8.079507439377833777e-02 3.704495495378100009e-03
8.060644542615605368e-02 3.693893639180979155e-03
8.041792828592606024e-02 3.683332990153826217e-03
8.022952803598462634e-02 3.672813635752569111e-03
8.004125011124826883e-02 3.662335665519574415e-03
7.985309995654207849e-02 3.651899177392949405e-03
7.966508075060867167e-02 3.641504191156807665e-03
7.947719508225067897e-02 3.631144678356807570e-03
7.928944757810395261e-02 3.620822804093730071e-03
7.910184365710595800e-02 3.610540021424512094e-03
7.891438876682051184e-02 3.600297325449744110e-03
7.872708837282675620e-02 3.590095408356688486e-03
7.853994795669336226e-02 3.579934761157116396e-03
7.835297301024837791e-02 3.569815741442033258e-03
7.816616903513176617e-02 3.559738617931329160e-03
7.797954153962756429e-02 3.549703600739100365e-03
7.779309628659757114e-02 3.539710860112392499e-03
7.760683884049152104e-02 3.529760328267171968e-03
7.742077472159605844e-02 3.519852185037945433e-03
7.723490945235882144e-02 3.509986602194975838e-03
7.704924855850006638e-02 3.500163721592794777e-03
7.686379423106459718e-02 3.490383665699332144e-03
7.667855114273057493e-02 3.480646481609884352e-03
7.649352482050435220e-02 3.470952213965972782e-03
7.630872078954233084e-02 3.461300919058376765e-03
7.612414457173737048e-02 3.451692661610028176e-03
7.593980168615570292e-02 3.442127509174233713e-03
7.575569162474618534e-02 3.432605532635879877e-03
7.557181834896743722e-02 3.423126694366030245e-03
7.538818473472978787e-02 3.413690968120096716e-03
7.520479065215815440e-02 3.404298314008650725e-03
7.502164319746820742e-02 3.394948630834776840e-03
7.483875393502337214e-02 3.385645007335111312e-03
7.465612837472475338e-02 3.376391836926161474e-03
7.447377206944827410e-02 3.367187552670531520e-03
7.429169054037329523e-02 3.358030204008481678e-03
7.410988927604564291e-02 3.348913840926309726e-03
7.392836896360981125e-02 3.339837816856112279e-03
7.374713944906410856e-02 3.330803306388964782e-03
7.356620659565166198e-02 3.321811413009228414e-03
7.338557579028413824e-02 3.312862514782043133e-03
7.320525281796064210e-02 3.303958986682477977e-03
7.302524516835587343e-02 3.295100320095022128e-03
7.284555818051703657e-02 3.286285855644438883e-03
7.266619716839659016e-02 3.277511004307591055e-03
7.248716291868634309e-02 3.268777344114182082e-03
7.230846245884108014e-02 3.260085822414517803e-03
7.213010251637450021e-02 3.251437090118861409e-03
7.195208831107731406e-02 3.242832670841615944e-03
7.177442778470215223e-02 3.234272869503418760e-03
7.159712567166200137e-02 3.225757547670101213e-03
7.142018713034412047e-02 3.217286616384835291e-03
7.124361730662184811e-02 3.208860025260487289e-03
7.106742131909389582e-02 3.200477747311941679e-03
7.089160426084401001e-02 3.192139771013322719e-03
7.071617231532581482e-02 3.183846092637429570e-03
7.054113138796214155e-02 3.175596732302535599e-03
7.036648649040651293e-02 3.167390245108980817e-03
7.019224259622700024e-02 3.159226085155324854e-03
7.001840464577643863e-02 3.151104647922672169e-03
6.984497755229127081e-02 3.143026540885163200e-03
6.967196619985772943e-02 3.134992149959461155e-03
6.949937540554371185e-02 3.127001717969365296e-03
6.932721307610356654e-02 3.119055395554341803e-03
6.915548465788096122e-02 3.111153326137216374e-03
6.898419490346707761e-02 3.103294285824346327e-03
6.881334852305279193e-02 3.095478516301335484e-03
6.864295019146500476e-02 3.087706457333231139e-03
6.847300455197477542e-02 3.079978379725459986e-03
6.830351621234723170e-02 3.072294446651429103e-03
6.813448974439341443e-02 3.064654751046389999e-03
6.796592968145181990e-02 3.057059341538440750e-03
6.779784041727299204e-02 3.049508236899570526e-03
6.763022637332334608e-02 3.042001434426750556e-03
6.746309196306080058e-02 3.034538919116062591e-03
6.729644156098567309e-02 3.027120666625988249e-03
6.713027949563246666e-02 3.019746646763838901e-03
6.696461218684013339e-02 3.012416824407743859e-03
6.679944837456575080e-02 3.005131193522010344e-03
6.663479223464646717e-02 2.997889805263520904e-03
6.647065142504084145e-02 2.990692671554631005e-03
6.630703368837401190e-02 2.983539834859619266e-03
6.614394303296733391e-02 2.976431358296061092e-03
6.598138341858141021e-02 2.969367256761527504e-03
6.581935875755166865e-02 2.962347514754945857e-03
6.565787291204179532e-02 2.955372097092351033e-03
6.549692969576716151e-02 2.948440954120232563e-03
6.533653286908965019e-02 2.941554027432992380e-03
6.517668614394026005e-02 2.934711251828455228e-03
6.501739725152339000e-02 2.927914400907132356e-03
6.485866795499585502e-02 2.921165623279046303e-03
6.470049569309267723e-02 2.914463357182235995e-03
6.454288400810577475e-02 2.907804616538268300e-03
6.438583636764556861e-02 2.901185939021890328e-03
6.422935617230705885e-02 2.894608552107283406e-03
6.407344677463742977e-02 2.888073192852154067e-03
6.391811147765982803e-02 2.881575559754882138e-03
6.376335350872482099e-02 2.875121670730991161e-03
6.360917836367145639e-02 2.868711246902978448e-03
6.345559073381057402e-02 2.862344108937073944e-03
6.330259369575697015e-02 2.856023031502079659e-03
6.315019028131832468e-02 2.849747354458222887e-03
6.299838346213933182e-02 2.843516076974722528e-03
6.284716986241477288e-02 2.837328531072026705e-03
6.269655290603071141e-02 2.831184161445496339e-03
6.254653591603873131e-02 2.825082587945799278e-03
6.239712165276331546e-02 2.819023538171181592e-03
6.224831282013316980e-02 2.813003043588398200e-03
6.210011204806317048e-02 2.807022208272882610e-03
6.195252191450269230e-02 2.801081806002447480e-03
6.180554494108633778e-02 2.795182276391271203e-03
6.165918359641099633e-02 2.789326371915586827e-03
6.151344030905903787e-02 2.783513393794465399e-03
6.136831743508293358e-02 2.777742707005004599e-03
6.122381727045127231e-02 2.772013968350925742e-03
6.107994204943562738e-02 2.766327501358399957e-03
6.093669394727945637e-02 2.760682770864584384e-03
6.079407492697299492e-02 2.755079391461679600e-03
6.065208416398321090e-02 2.749516233640820692e-03
6.051072369891878633e-02 2.743991165033411728e-03
6.036999547005689193e-02 2.738504977826254974e-03
6.022990115760788743e-02 2.733058116223251524e-03
6.009044215972158404e-02 2.727650798058745690e-03
5.995162024707315074e-02 2.722283100823190763e-03
5.981343712957416098e-02 2.716953836585826038e-03
5.967589303876025264e-02 2.711661778271708123e-03
5.953898900275822470e-02 2.706407221704159455e-03
5.940272655644436572e-02 2.701190380259406443e-03
5.926710718003560391e-02 2.696011719877470028e-03
5.913213229594008191e-02 2.690871477322881802e-03
5.899780326963768862e-02 2.685769743560984663e-03
5.886412140592967718e-02 2.680706534326787391e-03
5.873108805625058826e-02 2.675681797286883282e-03
5.859870441038793343e-02 2.670692672684674140e-03
5.846697159397708926e-02 2.665739259875614386e-03
5.833589067067335154e-02 2.660822382953223139e-03
5.820546265262787483e-02 2.655942491768594274e-03
5.807568849573324643e-02 2.651099813947250389e-03
5.794656909563669633e-02 2.646294432609004599e-03
5.781810529249878372e-02 2.641526338771025065e-03
5.769028834223874358e-02 2.636795465585274265e-03
5.756311519897606283e-02 2.632101580933556007e-03
5.743658664425424498e-02 2.627444427839572411e-03
5.731070340091075355e-02 2.622823784048738949e-03
5.718546613872275280e-02 2.618239452105418710e-03
5.706087547090678280e-02 2.613691225241302624e-03
5.693693195503601867e-02 2.609178927288109337e-03
5.681363609397849929e-02 2.604702394622808795e-03
5.669098833540806015e-02 2.600261462131202642e-03
5.656898907323935216e-02 2.595855965356778233e-03
5.644763864613472348e-02 2.591485738758829427e-03
5.632693587153680959e-02 2.587150617338586367e-03
5.620687897602499178e-02 2.582850483410881887e-03
5.608746817239443350e-02 2.578585104122248575e-03
5.596870362349350148e-02 2.574354270108753992e-03
5.585058543860393909e-02 2.570157786974952216e-03
5.573311353908998872e-02 2.565995469353427386e-03
5.561628737329719213e-02 2.561867135433276363e-03
5.550010689762416294e-02 2.557772600228557652e-03
5.538457201724290846e-02 2.553711682981596801e-03
5.526968258978145337e-02 2.549684204649562899e-03
5.515543842054332346e-02 2.545689989510753135e-03
5.504183926259806348e-02 2.541728840982651616e-03
5.492888482231601116e-02 2.537800535355466333e-03
5.481657475785411959e-02 2.533904922262342901e-03
5.470490994466483542e-02 2.530041842013736747e-03
5.459389045150077335e-02 2.526211143253983757e-03
5.448351578010479646e-02 2.522412672206318304e-03
5.437378419879659863e-02 2.518646265803611145e-03
5.426469292681895817e-02 2.514911737588129345e-03
5.415624135618421486e-02 2.511208878835975364e-03
5.404842883384657071e-02 2.507537491959152889e-03
5.394125466014168535e-02 2.503897385162176178e-03
5.383471844044415699e-02 2.500288371898294962e-03
5.372882341139367801e-02 2.496710271826931699e-03
5.362356869681983440e-02 2.493162953300416193e-03
5.351895337490183285e-02 2.489646265513425355e-03
5.341497648159623107e-02 2.486160046120301434e-03
5.331163680606051947e-02 2.482704124569181867e-03
5.320893264259906469e-02 2.479278321008021937e-03
5.310686236902301127e-02 2.475882448050760118e-03
5.300542487382502166e-02 2.472516312768147442e-03
5.290461900427195080e-02 2.469179725154074106e-03
5.280444356784964877e-02 2.465872497428705026e-03
5.270489732946412320e-02 2.462594442894976143e-03
5.260597901739865606e-02 2.459345375857435387e-03
5.250768732122847865e-02 2.456125110985477727e-03
5.241002089267809971e-02 2.452933463312000767e-03
5.231297834702678534e-02 2.449770248103595380e-03
5.221655826073452744e-02 2.446635280578722538e-03
5.212075917232111832e-02 2.443528374346965251e-03
5.202557958703944718e-02 2.440449374451330103e-03
5.193101797331370340e-02 2.437398196106044940e-03
5.183707275945190901e-02 2.434374607568116911e-03
5.174374234474315298e-02 2.431378393328641890e-03
5.165102509678790726e-02 2.428409349602688241e-03
5.155892042032240996e-02 2.425467164881260282e-03
5.146742745962466781e-02 2.422547466091230436e-03
5.137654446850143525e-02 2.419651629675776891e-03
5.128626967141690363e-02 2.416780501292705580e-03
5.119660125766316294e-02 2.413934551374537565e-03
5.110753736057898483e-02 2.411114010650250439e-03
5.101907635495988441e-02 2.408318957641130895e-03
5.093121648197944384e-02 2.405549379350821471e-03
5.084395580676400600e-02 2.402805202587496303e-03
5.075729236933457234e-02 2.400086313484019185e-03
5.067122417984805394e-02 2.397392572240412967e-03
5.058574922276593000e-02 2.394723824186763619e-03
5.050086637412175977e-02 2.392079904424550957e-03
5.041657383899648265e-02 2.389460651867673924e-03
5.033286951111362595e-02 2.386865900038268040e-03
5.024975125656087893e-02 2.384295477366222757e-03
5.016721692061523741e-02 2.381749209090360322e-03
5.008526432448305588e-02 2.379226917838891606e-03
5.000389126592723332e-02 2.376728424388930075e-03
4.992309551941555984e-02 2.374253548427532334e-03
4.984287483786071365e-02 2.371802111409438210e-03
4.976322692084177157e-02 2.369373934422693007e-03
4.968414944075519313e-02 2.366968838051613025e-03
4.960564008701680988e-02 2.364586642322861684e-03
4.952769653252921123e-02 2.362227168405166278e-03
4.945031642922571857e-02 2.359890238553329772e-03
4.937349741004233572e-02 2.357575674884860445e-03
4.929723708903122059e-02 2.355280828304544272e-03
4.922153307179943926e-02 2.353006098211350011e-03
4.914637931571775448e-02 2.350752001573742228e-03
4.907177234616602601e-02 2.348518769775704076e-03
4.899770977461434529e-02 2.346306478241182158e-03
4.892418919976616876e-02 2.344115114472317823e-03
4.885120820532962149e-02 2.341947395484794692e-03
4.877876435172027320e-02 2.339802228062747708e-03
4.870685518582849871e-02 2.337678826790052372e-03
4.863547824283408205e-02 2.335576627498630112e-03
4.856463131536892242e-02 2.333495208346006780e-03
4.849431605888389341e-02 2.331434241425981921e-03
4.842453272088791810e-02 2.329393499199777784e-03
4.835527868605533214e-02 2.327372804566482309e-03
4.828655133009954192e-02 2.325371983121741690e-03
4.821834801850580221e-02 2.323390863417283680e-03
4.815066610574743333e-02 2.321429276049502555e-03
4.808350293854250085e-02 2.319487052351113313e-03
4.801685739080441273e-02 2.317564026116611733e-03
4.795072709553544615e-02 2.315660047076955816e-03
4.788510934436520511e-02 2.313774963430900375e-03
4.782000142124652464e-02 2.311907871496489755e-03
4.775540060583336605e-02 2.310057893458828532e-03
4.769130417166226460e-02 2.308225398583810609e-03
4.762770938673369786e-02 2.306411788789514139e-03
4.756461393902550183e-02 2.304617356082913279e-03
4.750201597411769783e-02 2.302841563568263153e-03
4.743991271626529782e-02 2.301084017349909819e-03
4.737830133011811801e-02 2.299344407114420341e-03
4.731717894759922965e-02 2.297622475945839196e-03
4.725654278343897896e-02 2.295918002515039483e-03
4.719639005054933334e-02 2.294230788918617467e-03
4.713671795914091411e-02 2.292560652386020983e-03
4.707752371629355531e-02 2.290907421160396501e-03
4.701880452623174306e-02 2.289270930533557694e-03
4.696055759443256566e-02 2.287651020283694783e-03
4.690278012414150072e-02 2.286047534265095091e-03
4.684546931658762486e-02 2.284459809634271921e-03
4.678862237501500709e-02 2.282887307692018503e-03
4.673223650430209652e-02 2.281330198497483891e-03
4.667630704748872150e-02 2.279788541038083732e-03
4.662083033523062997e-02 2.278262305259213388e-03
4.656580361356678355e-02 2.276751412003029384e-03
4.651122412813183532e-02 2.275255761255983930e-03
4.645709102181646427e-02 2.273775238851709693e-03
4.640340165900785213e-02 2.272309739248953853e-03
4.635015325645761020e-02 2.270859146284665009e-03
4.629734303498589387e-02 2.269422079961416067e-03
4.624496822501521220e-02 2.267998388224249859e-03
4.619302606072805267e-02 2.266588330203262239e-03
4.614151377665169640e-02 2.265192093563154693e-03
4.609042860881958775e-02 2.263809753363044130e-03
4.603976779457926577e-02 2.262441311737091454e-03
4.598952857554254592e-02 2.261086723342495969e-03
4.593970819660101595e-02 2.259745912925270606e-03
4.589030390709061130e-02 2.258418785879286877e-03
4.584131296161882835e-02 2.257105235264254828e-03
4.579273262060272465e-02 2.255805146045031587e-03
4.574456014839849843e-02 2.254518399086151773e-03
4.569679281296666618e-02 2.253244592548549891e-03
4.564942789156695158e-02 2.251983371919634783e-03
4.560246266899954659e-02 2.250734793711076792e-03
4.555589443519113269e-02 2.249498851765275448e-03
4.550972048572646950e-02 2.248275499358069751e-03
4.546393812161762804e-02 2.247064835851245862e-03
4.541854465093200094e-02 2.245867217249257128e-03
4.537353738438695827e-02 2.244682324816206498e-03
4.532891364139103596e-02 2.243509909114279818e-03
4.528467075024607269e-02 2.242349766053381571e-03
4.524080604779026626e-02 2.241201795287946566e-03
4.519731687857637958e-02 2.240065882437091566e-03
4.515420059502033012e-02 2.238941846669251570e-03
4.511145469752821102e-02 2.237829530056181446e-03
4.506907770650429856e-02 2.236728791197508878e-03
4.502706697884864551e-02 2.235639508293276595e-03
4.498541988043861656e-02 2.234561563001551121e-03
4.494413378749739785e-02 2.233494839455597847e-03
4.490320608558079352e-02 2.232439223669668849e-03
4.486263342511882107e-02 2.231394603217688732e-03
4.482241285180506296e-02 2.230360860377211124e-03
4.478254179885651776e-02 2.229337878103216514e-03
4.474301770928081762e-02 2.228325543206967005e-03
4.470383803599427275e-02 2.227323745272324559e-03
4.466500024113877892e-02 2.226332376022186615e-03
4.462650179882674678e-02 2.225351328558130767e-03
4.458834019243637647e-02 2.224380497968895046e-03
4.455051291497575533e-02 2.223419780431001858e-03
4.451301747071717552e-02 2.222469073235151804e-03
4.447585137458737875e-02 2.221528274712064252e-03
4.443901215225286999e-02 2.220597284187053599e-03
4.440249734022659600e-02 2.219676001941553109e-03
4.436630448596876747e-02 2.218764329186018527e-03
4.433043114704496301e-02 2.217862168045573248e-03
4.429487489256785787e-02 2.216969421536207907e-03
4.425963259265389832e-02 2.216085993536721227e-03
4.422470168436137827e-02 2.215211782096425733e-03
4.419007978574004958e-02 2.214346887937312935e-03
4.415576452475123564e-02 2.213491290217027216e-03
4.412175354025406337e-02 2.212644798239628632e-03
4.408804448273125759e-02 2.211807255702455399e-03
4.405463501551101779e-02 2.210978529258779759e-03
4.402152252797426890e-02 2.210158500992959185e-03
4.398870398563764494e-02 2.209347061124588424e-03
4.395617710451629051e-02 2.208544102007483842e-03
4.392393972680672803e-02 2.207749523684137891e-03
4.389198976530031548e-02 2.206963232470141381e-03
4.386032496763436761e-02 2.206185139530027553e-03
4.382894309345285871e-02 2.205415157729494896e-03
4.379784191402241733e-02 2.204653202269916956e-03
4.376701921259547323e-02 2.203899189457347862e-03
4.373647278444622172e-02 2.203153036661973166e-03
4.370620043691371415e-02 2.202414662272026910e-03
4.367619998944006349e-02 2.201683985606509020e-03
4.364646927360212730e-02 2.200960926703809245e-03
4.361700613124865067e-02 2.200245406521408528e-03
4.358780841816232293e-02 2.199537346947605734e-03
4.355887400255913089e-02 2.198836670632468848e-03
4.353020076490994594e-02 2.198142996197189128e-03
4.350178652778395605e-02 2.197455367266093473e-03
4.347362913290855196e-02 2.196774105087366188e-03
4.344572650709509903e-02 2.196098044125838894e-03
4.341807659762726701e-02 2.195427763969529794e-03
4.339067735870086318e-02 2.194763624693585671e-03
4.336352675337624973e-02 2.194105840960044670e-03
4.333662275475473613e-02 2.193454531297661311e-03
4.330996334675856624e-02 2.192809750823501019e-03
4.328354650209809834e-02 2.192171512857481880e-03
4.325736981125743313e-02 2.191539803060084737e-03
4.323143130061203598e-02 2.190914585894527741e-03
4.320572900856732568e-02 2.190295815326323906e-03
4.318026098564841514e-02 2.189683438580605421e-03
4.315502529432804768e-02 2.189077398632943705e-03
4.313002000920986012e-02 2.188477635853086634e-03
4.310524321745360515e-02 2.187884089103125235e-03
4.308069301846376847e-02 2.187296696454706438e-03
4.305636752395874955e-02 2.186715395538614548e-03
4.303226485818881231e-02 2.186140123637275376e-03
4.300838315729123978e-02 2.185570818957401421e-03
4.298472056963191512e-02 2.185007420006610315e-03
4.296127525580173412e-02 2.184449865801270721e-03
4.293804538860784836e-02 2.183898095623398178e-03
4.291502915258753326e-02 2.183352049283257545e-03
4.289222474445720384e-02 2.182811667143553722e-03
4.286963037370124241e-02 2.182276890129952740e-03
4.284724426190228419e-02 2.181747659747813178e-03
4.282506464273747038e-02 2.181223918079011614e-03
4.280308976179299230e-02 2.180705607786027900e-03
4.278131787670424319e-02 2.180192672108310914e-03
4.275974699189356854e-02 2.179685054857143783e-03
4.273837498754708836e-02 2.179182698399530910e-03
4.271719923200420488e-02 2.178685543308902725e-03
4.269621766599063922e-02 2.178193525195368241e-03
4.267542864249913859e-02 2.177706580811967704e-03
4.265483052578149248e-02 2.177224650845521747e-03
4.263442169206058119e-02 2.176747678614782133e-03
4.261420052882057552e-02 2.176275609819660131e-03
4.259416543481250872e-02 2.175808391670863706e-03
4.257431482060837491e-02 2.175345972555729063e-03
4.255464710842159909e-02 2.174888301861686510e-03
4.253516073047718810e-02 2.174435329772673314e-03
4.251585413057697160e-02 2.173987007100865523e-03
4.249672534084609349e-02 2.173543285298560820e-03
4.247777215589460670e-02 2.173104113251837083e-03
4.245899307264162925e-02 2.172669436460739414e-03
4.244038659909785821e-02 2.172239203335771252e-03
4.242195125394489230e-02 2.171813364641672628e-03
4.240368556654933868e-02 2.171391872787553981e-03
4.238558807698663417e-02 2.170974681399772538e-03
4.236765733599738570e-02 2.170561745066485609e-03
4.234989190493824995e-02 2.170153019165661432e-03
4.233229035573889826e-02 2.169748459751420083e-03
4.231485127085909959e-02 2.169348023474435699e-03
4.229757324324187606e-02 2.168951667527804425e-03
4.228045487627098836e-02 2.168559349608438144e-03
4.226349478372742885e-02 2.168171027893524283e-03
4.224669158974237587e-02 2.167786660930891285e-03
4.223004392891675784e-02 2.167406207680451155e-03
4.221355044636321274e-02 2.167029627733589939e-03
4.219720979698813462e-02 2.166656881083793909e-03
4.218102064480454966e-02 2.166287928128661847e-03
4.216498166519496577e-02 2.165922729659800275e-03
4.214909154344343573e-02 2.165561246874385393e-03
4.213334897486223363e-02 2.165203441376507484e-03
4.211775266473850865e-02 2.164849275265459672e-03
4.210230132829177740e-02 2.164498710886527538e-03
4.208699369062375573e-02 2.164151710989785718e-03
4.207182848666930763e-02 2.163808238717217572e-03
4.205680446114757470e-02 2.163468257599505951e-03
4.204192036851087111e-02 2.163131731550803002e-03
4.202717497289645138e-02 2.162798624861496377e-03
4.201256704807532216e-02 2.162468902195745918e-03
4.199809537740317039e-02 2.162142528583798837e-03
4.198375875376880728e-02 2.161819469422458090e-03
4.196955597954350053e-02 2.161499690467293469e-03
4.195548586652794731e-02 2.161183157833986013e-03
4.194154723590431261e-02 2.160869837988136505e-03
4.192773891818252219e-02 2.160559697746670602e-03
4.191405975314817928e-02 2.160252704271238208e-03
4.190050858981383963e-02 2.159948825067935924e-03
4.188708428648212079e-02 2.159648027980238041e-03
4.187378571061434185e-02 2.159350281188623585e-03
4.186061173857798245e-02 2.159055553206664507e-03
4.184756125575610913e-02 2.158763812874728641e-03
4.183463315723218168e-02 2.158475029023530084e-03
4.182182634915619646e-02 2.158189171223330247e-03
4.180913974350999873e-02 2.157906209392566887e-03
4.179657226123770219e-02 2.157626113728126904e-03
4.178412283194906512e-02 2.157348854716361827e-03
4.177179039395433058e-02 2.157074403133807730e-03
4.175957389420689031e-02 2.156802730052840428e-03
4.174747228825692602e-02 2.156533806840331066e-03
4.173548454019582882e-02 2.156267605157516018e-03
4.172360962260088929e-02 2.156004096959250951e-03
4.171184651648498359e-02 2.155743254490836286e-03
4.170019421115279262e-02 2.155485050288112603e-03
4.168865170416120869e-02 2.155229457223708373e-03
4.167721800151093225e-02 2.154976448390050203e-03
4.166589211742804943e-02 2.154725997158005169e-03
4.165467307430757021e-02 2.154478077183299284e-03
4.164355990266059571e-02 2.154232662399890863e-03
4.163255164106334505e-02 2.153989727016362293e-03
4.162164733610019401e-02 2.153749245513751631e-03
4.161084604231561623e-02 2.153511192640851502e-03
4.160014682223564519e-02 2.153275543411919263e-03
4.158954874623216336e-02 2.153042273103311643e-03
4.157905089261235143e-02 2.152811357251151539e-03
4.156865234721707214e-02 2.152582771649732066e-03
4.155835220358419790e-02 2.152356492346451169e-03
4.154814956289212130e-02 2.152132495638732490e-03
4.153804353391005177e-02 2.151910758071987062e-03
4.152803323294491922e-02 2.151691256438728606e-03
4.151811778379129597e-02 2.151473967771808105e-03
4.150829631767764816e-02 2.151258869348048053e-03
4.149856797321459234e-02 2.151045938679369343e-03
4.148893189634160483e-02 2.150835153515176512e-03
4.147938724028221724e-02 2.150626491836242840e-03
4.146993316548393260e-02 2.150419931856245581e-03
4.146056883957276867e-02 2.150215452014853090e-03
4.145129343706964453e-02 2.150013030979251380e-03
4.144210613962284045e-02 2.149812647636450622e-03
4.143300613609168098e-02 2.149614281019750217e-03
4.142399262230948842e-02 2.149417910425797940e-03
4.141506480103376853e-02 2.149223515435354573e-03
4.140622188189359287e-02 2.149031075833487958e-03
4.139746308134138048e-02 2.148840571607760208e-03
4.138878762272526352e-02 2.148651982951254799e-03
4.138019473602430609e-02 2.148465290260720417e-03
4.137168365785766355e-02 2.148280474137412299e-03
4.136325363146935857e-02 2.148097515382356437e-03
4.135490390668063176e-02 2.147916394996410294e-03
4.134663373983830936e-02 2.147737094178111747e-03
4.133844239376591179e-02 2.147559594321970383e-03
4.133032913771756550e-02 2.147383877018528217e-03
4.132229324732838299e-02 2.147209924048461629e-03
4.131433400456830524e-02 2.147037678356290488e-03
4.130645069808633330e-02 2.146866895772902781e-03
4.129864262507997041e-02 2.146697647581633644e-03
4.129090908800673448e-02 2.146529976273840734e-03
4.128324939484381839e-02 2.146363904985071347e-03
4.127566285936025425e-02 2.146199443853084171e-03
4.126814880102265548e-02 2.146036594309728637e-03
4.126070654505588353e-02 2.145875351967203859e-03
4.125333542250871066e-02 2.145715708603675165e-03
4.124603477025610976e-02 2.145557653421018007e-03
4.123880393097702907e-02 2.145401173924400828e-03
4.123164225313161874e-02 2.145246256533428139e-03
4.122454909092759801e-02 2.145092886977197771e-03
4.121752380428427009e-02 2.144941050651332989e-03
4.121056575879258194e-02 2.144790732731832392e-03
4.120367432558643545e-02 2.144641918293256622e-03
4.119684888141193074e-02 2.144494592397225285e-03
4.119008880863047478e-02 2.144348740143478538e-03
4.118339349510882069e-02 2.144204346708474679e-03
4.117676233417134901e-02 2.144061397372555924e-03
4.117019472456561607e-02 2.143919877533704763e-03
4.116369007041107558e-02 2.143779772716130835e-03
4.115724778115992244e-02 2.143641068580427744e-03
4.115086727155695817e-02 2.143503750924310308e-03
4.114454796159199707e-02 2.143367805684106425e-03
4.113828927646087652e-02 2.143233218940603091e-03
4.113209064652245672e-02 2.143099976912289650e-03
4.112595150725797261e-02 2.142968065961576782e-03
4.111987129922753392e-02 2.142837472588646902e-03
4.111384946803033069e-02 2.142708183432798577e-03
4.110788546426236145e-02 2.142580185273010307e-03
4.110197874347762403e-02 2.142453465022953196e-03
4.109612876614666954e-02 2.142328009731979746e-03
4.109033499761453878e-02 2.142203806583623318e-03
4.108459690806241099e-02 2.142080842894886900e-03
4.107891397235344938e-02 2.141959106111628736e-03
4.107328567016794996e-02 2.141838583811788918e-03
4.106771148595984161e-02 2.141719263700471443e-03
4.106219090886213674e-02 2.141601133610577384e-03
4.105672343264384766e-02 2.141484181498832379e-03
4.105130855567761666e-02 2.141368395450348946e-03
4.104594578089885981e-02 2.141253763670334515e-03
4.104063461576490379e-02 2.141140274487925155e-03
4.103537457222147800e-02 2.141027916353158492e-03
4.103016516666266322e-02 2.140916677833053228e-03
4.102500591989344247e-02 2.140806547560400105e-03
4.101989635709398646e-02 2.140697514334323828e-03
4.101483600778171867e-02 2.140589567093698423e-03
4.100982440577524701e-02 2.140482694883927284e-03
4.100486108915886441e-02 2.140376886860308539e-03
4.099994560024299711e-02 2.140272132288789653e-03
4.099507748553391645e-02 2.140168420541925520e-03
4.099025629569284096e-02 2.140065741099745830e-03
4.098548158550215093e-02 2.139964083552998997e-03
4.098075291383360824e-02 2.139863437596655621e-03
4.097606984360950555e-02 2.139763793031651887e-03
4.097143194176919301e-02 2.139665139764533944e-03
4.096683877938576968e-02 2.139567467805159398e-03
4.096228993143304770e-02 2.139470767266636597e-03
4.095778497670906487e-02 2.139375028363971545e-03
4.095332349787658005e-02 2.139280241412524000e-03
4.094890508144762714e-02 2.139186396828285028e-03
4.094452931774756471e-02 2.139093485123045799e-03
4.094019580088311544e-02 2.139001496907728256e-03
4.093590412871273704e-02 2.138910422888508009e-03
4.093165390281032490e-02 2.138820253866484736e-03
4.092744472843307807e-02 2.138730980738887816e-03
4.092327621449529107e-02 2.138642594495294633e-03
4.091914797352591560e-02 2.138555086218211707e-03
4.091505962164913857e-02 2.138468447080914964e-03
4.091101077854470552e-02 2.138382668346278798e-03
4.090700106742044262e-02 2.138297741369551627e-03
4.090303011497870705e-02 2.138213657592171607e-03
4.089909755139031766e-02 2.138130408543180427e-03
4.089520301026096372e-02 2.138047985839873835e-03
4.089134612860104157e-02 2.137966381184254125e-03
4.088752654679764231e-02 2.137885586363992910e-03
4.088374390858050961e-02 2.137805593250410169e-03
4.087999786099960620e-02 2.137726393797485455e-03
4.087628805439168928e-02 2.137647980041961979e-03
4.087261414235046630e-02 2.137570344102219036e-03
4.086897578170041456e-02 2.137493478176519940e-03
4.086537263246744350e-02 2.137417374543801318e-03
4.086180435784881465e-02 2.137342025560906231e-03
4.085827062418648931e-02 2.137267423663399488e-03
4.085477110094061504e-02 2.137193561363737518e-03
4.085130546065884882e-02 2.137120431250826014e-03
4.084787337895126602e-02 2.137048025989334715e-03
4.084447453446401338e-02 2.136976338318222896e-03
4.084110860884786892e-02 2.136905361050643951e-03
4.083777528673676604e-02 2.136835087074474490e-03
4.083447425571815753e-02 2.136765509348081613e-03
4.083120520630569017e-02 2.136696620902135690e-03
4.082796783191729867e-02 2.136628414839011891e-03
4.082476182884351573e-02 2.136560884331333010e-03
4.082158689622834152e-02 2.136494022619480140e-03
4.081844273603659617e-02 2.136427823013761079e-03
4.081532905303488640e-02 2.136362278893534292e-03
4.081224555476246907e-02 2.136297383704858360e-03
4.080919195150763817e-02 2.136233130967933949e-03
4.080616795628261989e-02 2.136169514264960739e-03
4.080317328480085465e-02 2.136106527236043481e-03
4.080020765544967176e-02 2.136044163586295688e-03
4.079727078926761313e-02 2.135982417086646282e-03
4.079436240992198592e-02 2.135921281570309430e-03
4.079148224368362580e-02 2.135860750935282548e-03
4.078863001940262467e-02 2.135800819140018167e-03
4.078580546848512012e-02 2.135741480205470902e-03
4.078300832487311012e-02 2.135682728212703538e-03
4.078023832501791873e-02 2.135624557305211557e-03
4.077749520785940718e-02 2.135566961681958226e-03
4.077477871480092442e-02 2.135509935604512979e-03
4.077208858969143257e-02 2.135453473390364065e-03
4.076942457879747378e-02 2.135397569415945634e-03
4.076678643078793240e-02 2.135342218112743287e-03
4.076417389670503044e-02 2.135287413970078305e-03
4.076158672994941584e-02 2.135233151533902016e-03
4.075902468625245550e-02 2.135179425403248288e-03
4.075648752365895744e-02 2.135126230232974390e-03
4.075397500250618754e-02 2.135073560732694137e-03
4.075148688540164432e-02 2.135021411664826327e-03
4.074902293719882829e-02 2.134969777843718705e-03
4.074658292498556378e-02 2.134918654136844923e-03
4.074416661805506379e-02 2.134868035464474942e-03
4.074177378788938070e-02 2.134817916797879592e-03
4.073940420813869367e-02 2.134768293158211677e-03
4.073705765460124834e-02 2.134719159617113129e-03
4.073473390520580828e-02 2.134670511295986423e-03
4.073243273998773673e-02 2.134622343366792546e-03
4.073015394107390441e-02 2.134574651048486149e-03
4.072789729266042269e-02 2.134527429609409457e-03
4.072566258099568487e-02 2.134480674364169772e-03
4.072344959435941075e-02 2.134434380677299736e-03
4.072125812304630554e-02 2.134388543957844997e-03
4.071908795934602726e-02 2.134343159660483102e-03
4.071693889752271006e-02 2.134298223288307733e-03
4.071481073380343180e-02 2.134253730388127601e-03
4.071270326635256093e-02 2.134209676550917478e-03
4.071061629525773301e-02 2.134166057413856496e-03
4.070854962251042181e-02 2.134122868656268893e-03
4.070650305199019492e-02 2.134080106001766397e-03
4.070447638931240508e-02 2.134037765218178839e-03
4.070246944205908185e-02 2.133995842113173974e-03
4.070048201967043505e-02 2.133954332537943768e-03
4.069851393340188916e-02 2.133913232384498232e-03
4.069656499631262025e-02 2.133872537586281246e-03
4.069463502324476706e-02 2.133832244119801200e-03
4.069272383080763111e-02 2.133792348000589090e-03
4.069083123736308427e-02 2.133752845284022509e-03
4.068895706300634102e-02 2.133713732065264934e-03
4.068710112955482849e-02 2.133675004479274398e-03
4.068526326052553793e-02 2.133636658698504981e-03
4.068344328112455388e-02 2.133598690936306871e-03
4.068164101822699386e-02 2.133561097441141058e-03
4.067985630036613509e-02 2.133523874501774831e-03
4.067808895771458932e-02 2.133487018442589353e-03
4.067633882206942580e-02 2.133450525624906724e-03
4.067460572683740533e-02 2.133414392447987445e-03
4.067288950702183103e-02 2.133378615345786489e-03
4.067118999920399380e-02 2.133343190787300239e-03
4.066950704152907936e-02 2.133308115278231831e-03
4.066784047369535054e-02 2.133273385359412549e-03
4.066619013693553025e-02 2.133238997606489579e-03
4.066455587400297222e-02 2.133204948627228509e-03
4.066293752916123883e-02 2.133171235066119026e-03
4.066133494816438071e-02 2.133137853601243736e-03
4.065974797824503661e-02 2.133104800940843412e-03
4.065817646810422625e-02 2.133072073828859438e-03
4.065662026788987443e-02 2.133039669040562303e-03
4.065507922919103789e-02 2.133007583384980213e-03
4.065355320502142544e-02 2.132975813700909232e-03
4.065204204980161357e-02 2.132944356860035778e-03
4.065054561935487615e-02 2.132913209766927956e-03
4.064906377088670086e-02 2.132882369353579846e-03
4.064759636297250039e-02 2.132851832584927929e-03
4.064614325558125324e-02 2.132821596455286225e-03
4.064470430999674033e-02 2.132791657990887671e-03
4.064327938883046526e-02 2.132762014245946289e-03
4.064186835601828196e-02 2.132732662304556714e-03
4.064047107680184706e-02 2.132703599279766118e-03
4.063908741771890543e-02 2.132674822313149199e-03
4.063771724658995360e-02 2.132646328575927078e-03
4.063636043250872659e-02 2.132618115266703487e-03
4.063501684582692536e-02 2.132590179611976514e-03
4.063368635814458563e-02 2.132562518866086554e-03
4.063236884229715074e-02 2.132535130311008151e-03
4.063106417234323142e-02 2.132508011255439262e-03
4.062977222355441259e-02 2.132481159034072676e-03
4.062849287240411639e-02 2.132454571011160871e-03
4.062722599655387706e-02 2.132428244574375090e-03
4.062597147484358490e-02 2.132402177137624269e-03
4.062472918728191051e-02 2.132376366143292831e-03
4.062349901503232302e-02 2.132350809054521165e-03
4.062228084040406945e-02 2.132325503365015487e-03
4.062107454683933777e-02 2.132300446590001258e-03
4.061988001890566580e-02 2.132275636270204375e-03
4.061869714228182049e-02 2.132251069971122584e-03
4.061752580375034560e-02 2.132226745282765276e-03
4.061636589118482188e-02 2.132202659788523871e-03
4.061521729354046484e-02 2.132178811129651491e-03
4.061407990084460462e-02 2.132155196977030334e-03
4.061295360418457762e-02 2.132131815019895973e-03
4.061183829569889325e-02 2.132108662968265969e-03
4.061073386856765138e-02 2.132085738556088392e-03
4.060964021700019799e-02 2.132063039538622390e-03
4.060855723622811692e-02 2.132040563690712140e-03
4.060748482249464802e-02 2.132018308810611912e-03
4.060642287304480624e-02 2.131996272717878380e-03
4.060537128611575730e-02 2.131974453254107879e-03
4.060432996092872004e-02 2.131952848280932802e-03
4.060329879767785033e-02 2.131931455682580315e-03
4.060227769752108862e-02 2.131910273363747318e-03
4.060126656257058431e-02 2.131889299248975952e-03
4.060026529588593724e-02 2.131868531285012816e-03
4.059927380146456655e-02 2.131847967437964023e-03
4.059829198422797158e-02 2.131827605694370728e-03
