8.080808080808080662e-01 8.080808080808080662e-01
8.076968260516417253e-01 8.033844094532209823e-01
8.073117926304956837e-01 7.987222564776679246e-01
8.069258709167701493e-01 7.940938461768837220e-01
8.065391131080651421e-01 7.894986301316189170e-01
8.061516260224877994e-01 7.849364261445018753e-01
8.057632429994232570e-01 7.804070940358093234e-01
8.053741297565604196e-01 7.759106058432705399e-01
8.049841975597664678e-01 7.714464157493322594e-01
8.045937556100256627e-01 7.670140814304424737e-01
8.042027664387796371e-01 7.626133995543703525e-01
8.038113989810315996e-01 7.582441205993314393e-01
8.034195819575702391e-01 7.539060553440719570e-01
8.030272568897638408e-01 7.495986078365985961e-01
8.026345878714811199e-01 7.453220363222546885e-01
8.022415989212994258e-01 7.410760304500203510e-01
8.018483978582274796e-01 7.368598072815104594e-01
8.014548750656478315e-01 7.326733787209843696e-01
8.010609552964184088e-01 7.285167080906799209e-01
8.006671083215962659e-01 7.243892603943349329e-01
8.002731449972334543e-01 7.202906546362823903e-01
7.998788237972407345e-01 7.162209037719905469e-01
7.994846213975506100e-01 7.121796165757738883e-01
7.990903931041364316e-01 7.081663493496745954e-01
7.986959197630461027e-01 7.041814022070258527e-01
7.983015169263352195e-01 7.002244050188629609e-01
7.979070387028903699e-01 6.962947790196514219e-01
7.975126844932837189e-01 6.923921656177691730e-01
7.971185024325793123e-01 6.885164107420216340e-01
7.967240388029845910e-01 6.846681806923567981e-01
7.963298001646299529e-01 6.808462991804431486e-01
7.959356972596801638e-01 6.770508115646938219e-01
7.955414832590610441e-01 6.732814880666579960e-01
7.951477557988988476e-01 6.695377520144168981e-01
7.947538387433922269e-01 6.658200906792128837e-01
7.943602087783522281e-01 6.621274781735402293e-01
7.939664942396897906e-01 6.584606025115922190e-01
7.935728868360483190e-01 6.548191849641268325e-01
7.931795202372905473e-01 6.512024730543328754e-01
7.927859500766946121e-01 6.476104881282135350e-01
7.923929156832117959e-01 6.440427522894485168e-01
7.919995691123754566e-01 6.405000277472777670e-01
7.916068072474529149e-01 6.369812056870310935e-01
7.912136994195847484e-01 6.334864370838542147e-01
7.908210551654141218e-01 6.300152684078237364e-01
7.904281532118843101e-01 6.265682226905803232e-01
7.900355582406158872e-01 6.231448485099445600e-01
7.896427421843067451e-01 6.197449740533892415e-01
7.892501704855419131e-01 6.163681567244930770e-01
7.888574079945597228e-01 6.130144896827419698e-01
7.884647689410199112e-01 6.096843140400796113e-01
7.880718626442642094e-01 6.063773970216261855e-01
7.876790862128436599e-01 6.030930371149489932e-01
7.872861178608538957e-01 5.998312038683819569e-01
7.868930493439223461e-01 5.965919373179550123e-01
7.864997257074389791e-01 5.933760935561722683e-01
7.861062804785440283e-01 5.901831193234018391e-01
7.857125702285651103e-01 5.870124447017753821e-01
7.853186950951552836e-01 5.838635745280105205e-01
7.849243882237938452e-01 5.807372292351925536e-01
7.845298166811934815e-01 5.776341036439774923e-01
7.841346665073989364e-01 5.745543966803039471e-01
7.837390694256137769e-01 5.714979804724178436e-01
7.833429280003990636e-01 5.684636966294730476e-01
7.829464007436663930e-01 5.654517005162776888e-01
7.825494362914819924e-01 5.624624116375085414e-01
7.821516865972862886e-01 5.594966694244144501e-01
7.817532994528296753e-01 5.565547622214725987e-01
7.813539229081406523e-01 5.536369569799348689e-01
7.809537942804990474e-01 5.507428134204389591e-01
7.805527573328677748e-01 5.478728402171414436e-01
7.801505900391024761e-01 5.450273622663655004e-01
7.797477812139816944e-01 5.422067991651332575e-01
7.793437088567476412e-01 5.394121348338719590e-01
7.789382657645597119e-01 5.366437635744092383e-01
7.785318630331242717e-01 5.339017821386073948e-01
7.781237762025720039e-01 5.311874254134330009e-01
7.777143095818277452e-01 5.285012209264788874e-01
7.773035209608710749e-01 5.258442813815571437e-01
7.768912321067286131e-01 5.232173473293010302e-01
7.764770766807747027e-01 5.206219569972995176e-01
7.760616708851245660e-01 5.180588870254335676e-01
7.756443478652120804e-01 5.155297003682428603e-01
7.752252902925109712e-01 5.130358112962227768e-01
7.748042859195517496e-01 5.105792840251225373e-01
7.743816453172774894e-01 5.081619705372979467e-01
7.739576089728392727e-01 5.057854678709283736e-01
7.735316359533036534e-01 5.034528134497774365e-01
7.731036764926869642e-01 5.011660454602732129e-01
7.726742612851414949e-01 4.989277621524225714e-01
7.722436427329423259e-01 4.967405146092715995e-01
7.718113174054900272e-01 4.946074666040709000e-01
7.713776139681340904e-01 4.925324947231584649e-01
7.709433136418003540e-01 4.905182721503349996e-01
7.705088943282227820e-01 4.885680087439343011e-01
7.700741979624293743e-01 4.866849713352863760e-01
7.696395457157679809e-01 4.848720941095351900e-01
7.692049800819078520e-01 4.831321183512481410e-01
7.687718086867308953e-01 4.814672457246966242e-01
7.683406321978274445e-01 4.798798066773454218e-01
7.679112373253731416e-01 4.783716803865790679e-01
7.674839675512222792e-01 4.769437313248557908e-01
7.670595542697214997e-01 4.755964829904016922e-01
7.666384871463102213e-01 4.743292671858998499e-01
7.662210056406163483e-01 4.731416158541006389e-01
7.658078784509433357e-01 4.720323089025327268e-01
7.653988914103395658e-01 4.709988207466161980e-01
7.649946123192636893e-01 4.700391496234614386e-01
7.645946201214999238e-01 4.691501424755715188e-01
7.641990328683077038e-01 4.683282223718652215e-01
7.638081190555831013e-01 4.675698607833340126e-01
7.634217777600909027e-01 4.668713731613685081e-01
7.630400517497528678e-01 4.662291820992324753e-01
7.626627691964042999e-01 4.656395101488169930e-01
7.622896473343148127e-01 4.650988153269091097e-01
7.619203771103929546e-01 4.646039066563042996e-01
7.615549419548112153e-01 4.641516068892997948e-01
7.611933000815519490e-01 4.637387887521631780e-01
7.608351412351275211e-01 4.633624915817034506e-01
7.604801258516133977e-01 4.630199154827126518e-01
7.601280168112847235e-01 4.627085716719421815e-01
7.597785566225008225e-01 4.624259361394461032e-01
7.594317026957193573e-01 4.621696121367802612e-01
7.590872327685970200e-01 4.619375331260613393e-01
7.587450103128571266e-01 4.617277416321242112e-01
7.584048888907736208e-01 4.615384148963153077e-01
7.580667859267307129e-01 4.613679061885532229e-01
7.577305552226427654e-01 4.612146722057005599e-01
7.573960592411392856e-01 4.610772780911053248e-01
7.570631681463103613e-01 4.609544037899067637e-01
7.567317708516750896e-01 4.608448545157267096e-01
7.564017720878338791e-01 4.607475394588032569e-01
7.560730668988824288e-01 4.606614251884229572e-01
7.557455579476050067e-01 4.605855209250428461e-01
7.554191534122134399e-01 4.605190013825564699e-01
7.550937635096557354e-01 4.604610711716766724e-01
7.547693070135264026e-01 4.604110010258244956e-01
7.544457168554744575e-01 4.603681224244677850e-01
7.541229278772925149e-01 4.603318245737472170e-01
7.538008800106443807e-01 4.603015262410638520e-01
7.534795181149702703e-01 4.602767145507803415e-01
7.531587914383053306e-01 4.602569210337725258e-01
7.528386532809638876e-01 4.602417155109154723e-01
7.525190607020202371e-01 4.602307072094607432e-01
7.521999742040123005e-01 4.602235405016438241e-01
7.518813574476274075e-01 4.602198904818898262e-01
7.515631769997204170e-01 4.602194555348039784e-01
7.512454055847512802e-01 4.602219567043095427e-01
7.509280160019859984e-01 4.602271385121002867e-01
7.506109820775068719e-01 4.602347670229404719e-01
7.502942798600343854e-01 4.602446280592460970e-01
7.499778854193360766e-01 4.602565247417015892e-01
7.496617780425912647e-01 4.602702765192336343e-01
7.493459392152153065e-01 4.602857198511073888e-01
7.490303516825673746e-01 4.603027050284321797e-01
7.487149993898545297e-01 4.603210950138292290e-01
7.483998664116100485e-01 4.603407643847235442e-01
7.480849398393063510e-01 4.603615994645106069e-01
7.477702077077288401e-01 4.603834962893955107e-01
7.474556590510811338e-01 4.604063585438273321e-01
7.471412838311581872e-01 4.604300981155614592e-01
7.468270661030409485e-01 4.604546344068339847e-01
7.465129967385427667e-01 4.604798926222272715e-01
7.461990680471197734e-01 4.605058046098471358e-01
7.458852730040267387e-01 4.605323087575881047e-01
7.455716079169406596e-01 4.605593487552419041e-01
7.452580668647379447e-01 4.605868731200664090e-01
7.449446436486831802e-01 4.606148348130379988e-01
7.446313332921182804e-01 4.606431862117060239e-01
7.443181316764043709e-01 4.606718799213782578e-01
7.440050348189364282e-01 4.607008798020000295e-01
7.436920406828315677e-01 4.607301544400889681e-01
7.433791478800680919e-01 4.607596751279051661e-01
7.430663533891186390e-01 4.607894156302704269e-01
7.427536544476336378e-01 4.608193519916309877e-01
7.424410485064162346e-01 4.608494623416571900e-01
7.421285330806252079e-01 4.608797267173985190e-01
7.418161060622843195e-01 4.609101269015787872e-01
7.415037674881606033e-01 4.609406462714714103e-01
7.411915166890418183e-01 4.609712696441590207e-01
7.408793520026333290e-01 4.610019831609680763e-01
7.405672719040599095e-01 4.610327738057806157e-01
7.402552749976183399e-01 4.610636270878414877e-01
7.399433600309376358e-01 4.610945328509062358e-01
7.396315266071438188e-01 4.611254818365138064e-01
7.393197797771259294e-01 4.611564655997456574e-01
7.390081185291463850e-01 4.611874763901182561e-01
7.386965419287089274e-01 4.612185071480054410e-01
7.383850491688199735e-01 4.612495514448520795e-01
7.380736395050212506e-01 4.612806034279621215e-01
7.377623121949400398e-01 4.613116577705318466e-01
7.374510665499389717e-01 4.613427096264556826e-01
7.371399019304434308e-01 4.613737545884709079e-01
7.368288177416751905e-01 4.614047893813174039e-01
7.365178134227140516e-01 4.614358117556007777e-01
7.362068884365874366e-01 4.614668181947150782e-01
7.358960422824529779e-01 4.614978055052058048e-01
7.355852744924531450e-01 4.615287707883995449e-01
7.352745846288463172e-01 4.615597114144832647e-01
7.349639727834588188e-01 4.615906249988230847e-01
7.346534389429261180e-01 4.616215093757339849e-01
7.343429827346483751e-01 4.616523625803464759e-01
7.340326038071089965e-01 4.616831828343494482e-01
7.337223018280546460e-01 4.617139684416781686e-01
7.334120767500507121e-01 4.617447179408422087e-01
7.331019290014141321e-01 4.617754300275324630e-01
7.327918587455992672e-01 4.618061035186101226e-01
7.324818657001350708e-01 4.618367373438795886e-01
7.321719495951166667e-01 4.618673305402183349e-01
7.318621101721562994e-01 4.618978822419780306e-01
7.315523488021326015e-01 4.619283916722340955e-01
7.312426656447854612e-01 4.619588581199454147e-01
7.309330604599871828e-01 4.619892826937926356e-01
7.306235329990447003e-01 4.620196710209438229e-01
7.303140836186006180e-01 4.620500220585336271e-01
7.300047120728507810e-01 4.620803388911282061e-01
7.296954180441311832e-01 4.621106200391714713e-01
7.293862012313809817e-01 4.621408591251341402e-01
7.290770613976932379e-01 4.621710502083686833e-01
7.287679983660310112e-01 4.622011931981668265e-01
7.284590119623572946e-01 4.622312880222345655e-01
7.281501020154479420e-01 4.622613346249861421e-01
7.278412685036842467e-01 4.622913315421119385e-01
7.275325113321221560e-01 4.623212764032227917e-01
7.272238303708246088e-01 4.623511696163933871e-01
7.269152254879748254e-01 4.623810115612917437e-01
7.266066965501478681e-01 4.624108026552171680e-01
7.262982434219431571e-01 4.624405432539522853e-01
7.259898659665781073e-01 4.624702336565340577e-01
7.256815640464375772e-01 4.624998741434787619e-01
7.253733375232508385e-01 4.625294649784501555e-01
7.250651862582520035e-01 4.625590070079512173e-01
7.247571101064980148e-01 4.625884975217864348e-01
7.244491089515141535e-01 4.626179356637989959e-01
7.241411826872135027e-01 4.626473220110490780e-01
7.238333312039226808e-01 4.626766550558185642e-01
7.235255544086998114e-01 4.627059348131982164e-01
7.232178522104799612e-01 4.627351619873976696e-01
7.229102245133498528e-01 4.627643379572558002e-01
7.226026712099690164e-01 4.627934717308794244e-01
7.222951921071478765e-01 4.628225649627629168e-01
7.219877869976210061e-01 4.628516170915826788e-01
7.216804556816671656e-01 4.628806276879918746e-01
7.213731979002963035e-01 4.629095983820140647e-01
7.210660134202399041e-01 4.629385290109560014e-01
7.207589020391272916e-01 4.629674199515517730e-01
7.204518635529408854e-01 4.629962722519416762e-01
7.201448977494541159e-01 4.630250851860419625e-01
7.198380044255607846e-01 4.630538581072156656e-01
7.195311833864929119e-01 4.630825904406434268e-01
7.192244344451083071e-01 4.631112816764128559e-01
7.189177574212517463e-01 4.631399326728702914e-01
7.186111500976033462e-01 4.631685434607318852e-01
7.183046122690245339e-01 4.631971135111150328e-01
7.179981437692475321e-01 4.632256423560615621e-01
7.176917444385257916e-01 4.632541295823251470e-01
7.173854141230968651e-01 4.632825748260481769e-01
7.170791526746905786e-01 4.633109773676054033e-01
7.167729599540011431e-01 4.633393365152971288e-01
7.164668358304091544e-01 4.633676521217009459e-01
7.161607801766547432e-01 4.633959240624755394e-01
7.158547928686062045e-01 4.634241519676515764e-01
7.155488737876593008e-01 4.634523288021633047e-01
7.152430228859364414e-01 4.634804560173330090e-01
7.149372401032351165e-01 4.635085375104963656e-01
7.146315253430801651e-01 4.635365734329701670e-01
7.143258785094002139e-01 4.635645639293432541e-01
7.140202995065895175e-01 4.635925091381075114e-01
7.137147882395635801e-01 4.636204091922276893e-01
7.134093446138085604e-01 4.636482642196562698e-01
7.131039685354266799e-01 4.636760743437993715e-01
7.127986599111770794e-01 4.637038396839354704e-01
7.124934186485125664e-01 4.637315603555946519e-01
7.121882446556103696e-01 4.637592367637641266e-01
7.118831378385299669e-01 4.637868694457406016e-01
7.115780980999081295e-01 4.638144584307848928e-01
7.112731259519518012e-01 4.638420064504115148e-01
7.109682261579715057e-01 4.638695171817215912e-01
7.106633934135001551e-01 4.638969833805507981e-01
7.103586269875629133e-01 4.639244012098102110e-01
7.100539268393998293e-01 4.639517712150338924e-01
7.097492929246970172e-01 4.639790938942182641e-01
7.094447251960517287e-01 4.640063697025996747e-01
7.091402236033905737e-01 4.640335990810046107e-01
7.088357880941051903e-01 4.640607828556397307e-01
7.085314186092543931e-01 4.640879213250274082e-01
7.082271150887577971e-01 4.641150147652178259e-01
7.079228774873549401e-01 4.641420634320509997e-01
7.076187058176635070e-01 4.641690675630417151e-01
7.073146000161038005e-01 4.641960286672447977e-01
7.070105568550423270e-01 4.642229492792391832e-01
7.067065737597034714e-01 4.642498292326439069e-01
7.064026506409165629e-01 4.642766684100462782e-01
7.060987874123542118e-01 4.643034667144069760e-01
7.057949839903321365e-01 4.643302240669320291e-01
7.054912421245322918e-01 4.643569404051627880e-01
7.051875620153889024e-01 4.643836145648402303e-01
7.048839435854712399e-01 4.644102459381713177e-01
7.045803811573140285e-01 4.644368346771437506e-01
7.042768744063288011e-01 4.644633809788256129e-01
7.039734232679797366e-01 4.644898850298449511e-01
7.036700276775756935e-01 4.645163470049771259e-01
7.033666875703791233e-01 4.645427670683541232e-01
7.030634028817043246e-01 4.645691453745479649e-01
7.027601735470035971e-01 4.645954820695455401e-01
7.024569995019462887e-01 4.646217772916174105e-01
7.021538806824885182e-01 4.646480311721039591e-01
7.018508170249353473e-01 4.646742438102599015e-01
7.015478084662432057e-01 4.647004152726472159e-01
7.012448549443294210e-01 4.647265456836407460e-01
7.009419563975151091e-01 4.647526351620068774e-01
7.006391127645743566e-01 4.647786838214692517e-01
7.003363239847814059e-01 4.648046917712163051e-01
7.000335878167522896e-01 4.648306591163569590e-01
6.997308986473311787e-01 4.648565859790165788e-01
6.994282564877074559e-01 4.648824725284029791e-01
6.991256613450899104e-01 4.649083189221298595e-01
6.988231132246949251e-01 4.649341253074704694e-01
6.985206121316972494e-01 4.649598918224628341e-01
6.982181580713142655e-01 4.649856185968782030e-01
6.979157510488853688e-01 4.650113057530873562e-01
6.976133910699381380e-01 4.650369534068368726e-01
6.973110781402507286e-01 4.650625616679407992e-01
6.970088122659059415e-01 4.650881306409015425e-01
6.967065934533410720e-01 4.651136604254621498e-01
6.964044217093889877e-01 4.651391511171004134e-01
6.961022970413172084e-01 4.651646028074707395e-01
6.958002194568619903e-01 4.651900155848003315e-01
6.954981889642593007e-01 4.652153895342382994e-01
6.951962055722703537e-01 4.652407247381723510e-01
6.948942692902071450e-01 4.652660212765087899e-01
6.945923801279518806e-01 4.652912797889195429e-01
6.942905380905265433e-01 4.653165020828048948e-01
6.939887431667629558e-01 4.653416879708482390e-01
6.936869872724811259e-01 4.653668372779443119e-01
6.933852678711733830e-01 4.653919499324880027e-01
6.930835849923876468e-01 4.654170259015223965e-01
6.927819386672238178e-01 4.654420651617938720e-01
6.924803342418279772e-01 4.654670676986567002e-01
6.921787738674662904e-01 4.654920334139294735e-01
6.918772575187535079e-01 4.655169578057976043e-01
6.915757852160705488e-01 4.655418413459600502e-01
6.912743569765368301e-01 4.655666844594155140e-01
6.909729728144636818e-01 4.655914875296598976e-01
6.906716350488146805e-01 4.656162509033076602e-01
6.903703499711143499e-01 4.656409748721180852e-01
6.900691175689623869e-01 4.656656596411705151e-01
6.897679378294381269e-01 4.656903053992490493e-01
6.894668107392539769e-01 4.657149123206557051e-01
6.891657362848919721e-01 4.657394805664950566e-01
6.888647144527269006e-01 4.657640102811125282e-01
6.885637457124046401e-01 4.657885016052262239e-01
6.882628351937334354e-01 4.658129546657672204e-01
6.879619828775115353e-01 4.658373695326968322e-01
6.876611887334279638e-01 4.658617462751601379e-01
6.873604526863075215e-01 4.658860820542147230e-01
6.870597747491968832e-01 4.659103752513655272e-01
6.867591549526418371e-01 4.659346264855676600e-01
6.864585933225781922e-01 4.659588363109463116e-01
6.861580909204080259e-01 4.659830052242119325e-01
6.858576526492480285e-01 4.660071336612532367e-01
6.855572785196695218e-01 4.660312219672226308e-01
6.852569685403155919e-01 4.660552704541895963e-01
6.849567227182280504e-01 4.660792794049410381e-01
6.846565410591390899e-01 4.661032544481862883e-01
6.843564235133426932e-01 4.661271969316036490e-01
6.840563700189956631e-01 4.661511062729812860e-01
6.837563805216596569e-01 4.661749812204154519e-01
6.834564549810955292e-01 4.661988206257491330e-01
6.831565933702217208e-01 4.662226243000680559e-01
6.828567956653869286e-01 4.662463922636264080e-01
6.825570618442471371e-01 4.662701256656243687e-01
6.822573918742875776e-01 4.662938241946510964e-01
6.819577857276607480e-01 4.663174884027070366e-01
6.816582433724018841e-01 4.663411182752926765e-01
6.813587647781869094e-01 4.663647134940445693e-01
6.810593499194248501e-01 4.663882737863051520e-01
6.807599992924145971e-01 4.664117952493078700e-01
6.804607145388553713e-01 4.664352734912466381e-01
6.801614957123199856e-01 4.664587093686491381e-01
6.798623428591693552e-01 4.664821036419251055e-01
6.795632560195252747e-01 4.665054569868039569e-01
6.792642352281283991e-01 4.665287700044265518e-01
6.789652805150930837e-01 4.665520432302478482e-01
6.786663919065730743e-01 4.665752771418881228e-01
6.783675694253479271e-01 4.665984721660565993e-01
6.780688130913373746e-01 4.666216286846529560e-01
6.777701229220566281e-01 4.666447470401474118e-01
6.774714989330142823e-01 4.666678275403181586e-01
6.771729392431420358e-01 4.666908704624266879e-01
6.768744396753584303e-01 4.667138760753121729e-01
6.765760002961456188e-01 4.667368446626274925e-01
6.762776211704898399e-01 4.667597764795261561e-01
6.759793023621757380e-01 4.667826717561179284e-01
6.756810439340447116e-01 4.668055307005054555e-01
6.753828459482211777e-01 4.668283558595028859e-01
6.750847084415750876e-01 4.668511491051878792e-01
6.747866314327787274e-01 4.668739100080215310e-01
6.744886149464540681e-01 4.668966381990662939e-01
6.741906590415233103e-01 4.669193333625011322e-01
6.738927643684139435e-01 4.669419952287653941e-01
6.735949362928750350e-01 4.669646235630785513e-01
6.732971748075685658e-01 4.669872181150198642e-01
6.729994799091855162e-01 4.670097786733553580e-01
6.727018515980419666e-01 4.670323050611420723e-01
6.724042898777237154e-01 4.670547971314365499e-01
6.721067947547778587e-01 4.670772547635283489e-01
6.718093662384397868e-01 4.670996778596396837e-01
6.715120043403964845e-01 4.671220663420300179e-01
6.712147090745778089e-01 4.671444201504596494e-01
6.709174785664308027e-01 4.671667392399673213e-01
6.706203128238272804e-01 4.671890235975176275e-01
6.703232118799936634e-01 4.672112732193611229e-01
6.700261757696148734e-01 4.672334881096014136e-01
6.697292045287527307e-01 4.672556682791811355e-01
6.694322981947732343e-01 4.672778137449918323e-01
6.691354568062843899e-01 4.672999245290977433e-01
6.688386804030799215e-01 4.673220006580539043e-01
6.685419690260918646e-01 4.673440433810054362e-01
6.682453211740523313e-01 4.673660537327533060e-01
6.679487335815955662e-01 4.673880314540392322e-01
6.676522063024290521e-01 4.674099763592101109e-01
6.673557393936565552e-01 4.674318882937502084e-01
6.670593329154577145e-01 4.674537671302482211e-01
6.667629869308089319e-01 4.674756127250290216e-01
6.664667015056541244e-01 4.674974245985455412e-01
6.661704767123813875e-01 4.675192020401159332e-01
6.658743097578549985e-01 4.675409451601321709e-01
6.655781998885694772e-01 4.675626540897443451e-01
6.652821471866581238e-01 4.675843289577389927e-01
6.649861517342819939e-01 4.676059698824854838e-01
6.646902136137370354e-01 4.676275749739297605e-01
6.643943329285439958e-01 4.676491444328353397e-01
6.640985097815118587e-01 4.676706786122795112e-01
6.638027442731301297e-01 4.676921778247755124e-01
6.635070365019835048e-01 4.677136423475999338e-01
6.632113865651146911e-01 4.677350724274285665e-01
6.629157945583391554e-01 4.677564701309396833e-01
6.626202605570201687e-01 4.677778372971817533e-01
6.623247846184229237e-01 4.677991735904509230e-01
6.620293641181751454e-01 4.678204787269319431e-01
6.617339985569186123e-01 4.678417524945971406e-01
6.614386856917596758e-01 4.678629947223184593e-01
6.611434256691506306e-01 4.678842052918250061e-01
6.608482186378253909e-01 4.679053841066448394e-01
6.605530647485726714e-01 4.679265310891712049e-01
6.602579641540360367e-01 4.679476478391630390e-01
6.599629169911223059e-01 4.679687355494777656e-01
6.596679233852338342e-01 4.679897937848895850e-01
6.593729834673424106e-01 4.680108197862372088e-01
6.590780973984251556e-01 4.680318134500430771e-01
6.587832653415851558e-01 4.680527748180607350e-01
6.584884874605210214e-01 4.680737039513079289e-01
6.581937651262420585e-01 4.680946009208987735e-01
6.578990992735183063e-01 4.681154657490484983e-01
6.576044862249649237e-01 4.681362984530841875e-01
6.573099258003609613e-01 4.681570990925911779e-01
6.570154181522747106e-01 4.681778677281981937e-01
6.567209634335668955e-01 4.681986044180571072e-01
6.564265617974126554e-01 4.682193092181738403e-01
6.561322133973220838e-01 4.682399821826944142e-01
6.558379159988040330e-01 4.682606233641537496e-01
6.555436666340278551e-01 4.682812328378325173e-01
6.552494654621449088e-01 4.683018107058986579e-01
6.549553126419230820e-01 4.683223527193258184e-01
6.546612102399121946e-01 4.683428582666819273e-01
6.543671619758892888e-01 4.683633278198930938e-01
6.540731679879115967e-01 4.683837620958763437e-01
6.537792284074405158e-01 4.684041617164070304e-01
6.534853433603312611e-01 4.684245272214807576e-01
6.531915129676842957e-01 4.684448590808212853e-01
6.528977373465768563e-01 4.684651577037868275e-01
6.526040166106926721e-01 4.684854234478973978e-01
6.523103521435699159e-01 4.685056565948644836e-01
6.520167462185375573e-01 4.685258568575240701e-01
6.517231989293551520e-01 4.685460245280437808e-01
6.514297103674862033e-01 4.685661598635014746e-01
6.511362806224686439e-01 4.685862630908860793e-01
6.508429097822324705e-01 4.686063344113921003e-01
6.505495979333710821e-01 4.686263743979943164e-01
6.502563507712095792e-01 4.686463834326191069e-01
6.499631683316113850e-01 4.686663615095165158e-01
6.496700506827384203e-01 4.686863086318506233e-01
6.493769978996094538e-01 4.687062247128451764e-01
6.490840100591808159e-01 4.687261097604711879e-01
6.487910872393262141e-01 4.687459638145640151e-01
6.484982295184935630e-01 4.687657869166919622e-01
6.482054368307051950e-01 4.687855741579040614e-01
6.479127080345764567e-01 4.688053253948836763e-01
6.476200431036944760e-01 4.688250414994462600e-01
6.473274413110785552e-01 4.688447232225244066e-01
6.470349028021797899e-01 4.688643712190757040e-01
6.467424277160446211e-01 4.688839860531339165e-01
6.464500161862848371e-01 4.689035679608151153e-01
6.461576704179579078e-01 4.689231169511394737e-01
6.458653921069773540e-01 4.689426334656545126e-01
6.455731813815481779e-01 4.689621178702666482e-01
6.452810383666105487e-01 4.689815704827497989e-01
6.449889631843566118e-01 4.690009919624788526e-01
6.446969559504371894e-01 4.690203844246425002e-01
6.444050167577994870e-01 4.690397477122177361e-01
6.441131457018306472e-01 4.690590827817521791e-01
6.438213428679908645e-01 4.690783920842943044e-01
6.435296083151670343e-01 4.690976749692139514e-01
6.432379421101029893e-01 4.691169308930611126e-01
6.429463443262195543e-01 4.691361594032680271e-01
6.426548162737268921e-01 4.691553601243009797e-01
6.423633617377554339e-01 4.691745327330285598e-01
6.420719823627601963e-01 4.691936769249203110e-01
6.417806782174304558e-01 4.692127924338129197e-01
6.414894493744732751e-01 4.692318830848690725e-01
6.411982958645838782e-01 4.692509484496549810e-01
6.409072177242228774e-01 4.692699877669405661e-01
6.406162149993835930e-01 4.692889959536005740e-01
6.403252875757071694e-01 4.693079712431798556e-01
6.400344341990049646e-01 4.693269142027312046e-01
6.397436551981626751e-01 4.693458253313865236e-01
6.394529520310466841e-01 4.693647050541361887e-01
6.391623229244981497e-01 4.693835537214650078e-01
6.388717668759388291e-01 4.694023716551711800e-01
6.385812839303732780e-01 4.694211591445963672e-01
6.382908742403730074e-01 4.694399164405602676e-01
6.380005379562077028e-01 4.694586437602616402e-01
6.377102752262195917e-01 4.694773412925906664e-01
6.374200861971348608e-01 4.694960092026084775e-01
6.371299698761813124e-01 4.695146476353266318e-01
6.368399254947305632e-01 4.695332567309843941e-01
6.365499532095527657e-01 4.695518366233547014e-01
6.362600531532900394e-01 4.695703874308676529e-01
6.359702251887883184e-01 4.695889092593096281e-01
6.356804678060267166e-01 4.696073965822565310e-01
6.353907807183718504e-01 4.696258504546632073e-01
6.351011627265499282e-01 4.696442718297272889e-01
6.348116140283351916e-01 4.696626615252858516e-01
6.345221348129730377e-01 4.696810202306594961e-01
6.342327252635208135e-01 4.696993485275324232e-01
6.339433855537269791e-01 4.697176469074675897e-01
6.336541158516628691e-01 4.697359157866473622e-01
6.333649163205653521e-01 4.697541555182055961e-01
6.330757871195415998e-01 4.697723664025663104e-01
6.327867284041575058e-01 4.697905486961035382e-01
6.324977403269284038e-01 4.698087026183961901e-01
6.322088230377276297e-01 4.698268283582995308e-01
6.319199768478579449e-01 4.698449260790283355e-01
6.316312032524097342e-01 4.698629959206392370e-01
6.313425018921837717e-01 4.698810379910888790e-01
6.310538728702280720e-01 4.698990523916532491e-01
6.307653162881801112e-01 4.699170392130048723e-01
6.304768343233596584e-01 4.699349985369851157e-01
6.301884271669121462e-01 4.699529304155829479e-01
6.299000949252703263e-01 4.699708348975684680e-01
6.296118377042619896e-01 4.699887120299481857e-01
6.293236556091190703e-01 4.700065618582584537e-01
6.290355487444891924e-01 4.700243844268103821e-01
6.287475172144427749e-01 4.700421797513192335e-01
6.284595611227989931e-01 4.700599478714639345e-01
6.281716805728404518e-01 4.700776888350404192e-01
6.278838756672069366e-01 4.700954026881934977e-01
6.275961465079119561e-01 4.701130894756957446e-01
6.273084931963472943e-01 4.701307492411790911e-01
6.270209158332906707e-01 4.701483820273282266e-01
6.267334144687531916e-01 4.701659878760403588e-01
6.264459888176183711e-01 4.701835694962536727e-01
6.261586395757690049e-01 4.702011280741034693e-01
6.258713682329613004e-01 4.702186629161704823e-01
6.255841748461802299e-01 4.702361734422789152e-01
6.252970594789822867e-01 4.702536591817212397e-01
6.250100222002127337e-01 4.702711198377532154e-01
6.247230630819455843e-01 4.702885569661597875e-01
6.244361826179283259e-01 4.703059699500924395e-01
6.241493809589784281e-01 4.703233582849138394e-01
6.238626581639966640e-01 4.703407215623210402e-01
6.235760142967519126e-01 4.703580594544148341e-01
6.232894494249349160e-01 4.703753716994596434e-01
6.230029636193733511e-01 4.703926580901368060e-01
6.227165569533847922e-01 4.704099184638612097e-01
6.224302295022451359e-01 4.704271502554838169e-01
6.221439830582379260e-01 4.704443536288809291e-01
6.218578194420805172e-01 4.704615289061945260e-01
6.215717389670958326e-01 4.704786763392031501e-01
6.212857417051768083e-01 4.704957961388792631e-01
6.209998277259601851e-01 4.705128884854253846e-01
6.207139970971898846e-01 4.705299535315475845e-01
6.204282498850411942e-01 4.705469914119743691e-01
6.201425861543330420e-01 4.705640022445589654e-01
6.198570059687231737e-01 4.705809861332292954e-01
6.195715093908727988e-01 4.705979431705202276e-01
6.192860964825774861e-01 4.706148734396476407e-01
6.190007673048757431e-01 4.706317770162090075e-01
6.187155220201052686e-01 4.706486539695721727e-01
6.184303608203034486e-01 4.706655028630896132e-01
6.181452839500579666e-01 4.706823222748995894e-01
6.178602916252424748e-01 4.706991128404610647e-01
6.175753839301827419e-01 4.707158750821981985e-01
6.172905609431593721e-01 4.707326094594651567e-01
6.170058227371660875e-01 4.707493163247291057e-01
6.167211693812163498e-01 4.707659959713081377e-01
6.164366009410603420e-01 4.707826486447002079e-01
6.161521174797700562e-01 4.707992745515504063e-01
6.158677190582064753e-01 4.708158738669518395e-01
6.155834057354067079e-01 4.708324467403872116e-01
6.152991775688924081e-01 4.708489933005586270e-01
6.150150346149237945e-01 4.708655107641878113e-01
6.147309769652242739e-01 4.708819996698554999e-01
6.144470047051852069e-01 4.708984606550735141e-01
6.141631179125790485e-01 4.709148942413207695e-01
6.138793166589909811e-01 4.709313008562410197e-01
6.135956010109779868e-01 4.709476808516334101e-01
6.133119715507822090e-01 4.709640345180263754e-01
6.130284285442797465e-01 4.709803620904944865e-01
6.127449720416939805e-01 4.709966642620108113e-01
6.124616020849449338e-01 4.710129428564497900e-01
6.121783186931266663e-01 4.710291969025381942e-01
6.118951218982227047e-01 4.710454256207285972e-01
6.116120117427084057e-01 4.710616291103260633e-01
6.113289882682975129e-01 4.710778074579777264e-01
6.110460515161019179e-01 4.710939607401412044e-01
6.107632015267536740e-01 4.711100890250746187e-01
6.104804383405093571e-01 4.711261923744368696e-01
6.101977619973282252e-01 4.711422708445782703e-01
6.099151725369388322e-01 4.711583250007476131e-01
6.096326699922274273e-01 4.711743565784027310e-01
6.093502543739881538e-01 4.711903660162229390e-01
6.090679256876854186e-01 4.712063527995548062e-01
6.087856839458597458e-01 4.712223165250242762e-01
6.085035291667064694e-01 4.712382568782123582e-01
6.082214613729384212e-01 4.712541736157628280e-01
6.079394805678228764e-01 4.712700665510519138e-01
6.076575867802055386e-01 4.712859355429894204e-01
6.073757800420646058e-01 4.713017804865169968e-01
6.070940603872014840e-01 4.713176013052736701e-01
6.068124278508717495e-01 4.713333979457430267e-01
6.065308824694888301e-01 4.713491703725826709e-01
6.062494242803858624e-01 4.713649185648938755e-01
6.059680533216291742e-01 4.713806425132499034e-01
6.056867696318670724e-01 4.713963422009432302e-01
6.054055732504268761e-01 4.714120167217761281e-01
6.051244642291682130e-01 4.714276662853027489e-01
6.048434426176623191e-01 4.714432910642135099e-01
6.045625084636684354e-01 4.714588929467653511e-01
6.042816617901501930e-01 4.714744712794778914e-01
6.040009026292245675e-01 4.714900257001782835e-01
6.037202310182974152e-01 4.715055561775374771e-01
6.034396469956390119e-01 4.715210626937245131e-01
6.031591506002058622e-01 4.715365452415559155e-01
6.028787418714994795e-01 4.715520038222386079e-01
6.025984208494518102e-01 4.715674384435845634e-01
6.023181875743381930e-01 4.715828491185988236e-01
6.020380420867061932e-01 4.715982358643616146e-01
6.017579844273214240e-01 4.716135987011491615e-01
6.014780146371219161e-01 4.716289376517362464e-01
6.011981327571829237e-01 4.716442527408485907e-01
6.009183388286909455e-01 4.716595439947300350e-01
6.006386328929210761e-01 4.716748114408032544e-01
6.003590149912191309e-01 4.716900551073994752e-01
6.000794851649893236e-01 4.717052750235498082e-01
5.998000434556817195e-01 4.717204714193325432e-01
5.995206899020175673e-01 4.717356446438539241e-01
5.992414245383259619e-01 4.717507986796207753e-01
5.989622473441936767e-01 4.717659328982809486e-01
5.986831583080926000e-01 4.717810464342294674e-01
5.984041574307316091e-01 4.717961386206921959e-01
5.981252447223617263e-01 4.718112089460679281e-01
5.978464202006682493e-01 4.718262570197653272e-01
5.975676838891277320e-01 4.718412825454926240e-01
5.972890358157197932e-01 4.718562853003865354e-01
5.970104760119260279e-01 4.718712651187159102e-01
5.967320045119459682e-01 4.718862218791677887e-01
5.964536213520899022e-01 4.719011577448023464e-01
5.961753265385535405e-01 4.719160737687743135e-01
5.958971200629114007e-01 4.719309673055623877e-01
5.956190019544109759e-01 4.719458381431576588e-01
5.953409722456831643e-01 4.719606861072626613e-01
5.950630309722265698e-01 4.719755082742165264e-01
5.947851782234069296e-01 4.719903054134466647e-01
5.945074140766600790e-01 4.720050779329235668e-01
5.942297385934258713e-01 4.720198261543645524e-01
5.939521518310704185e-01 4.720345503329713144e-01
5.936746538438082421e-01 4.720492506725850745e-01
5.933972446834223646e-01 4.720639273374152012e-01
5.931199243998162007e-01 4.720785804611107306e-01
5.928426930414443241e-01 4.720932101537692605e-01
5.925655506556384289e-01 4.721078165073506749e-01
5.922884972888655675e-01 4.721223996522777022e-01
5.920115329861600495e-01 4.721369597392663375e-01
5.917346577908180194e-01 4.721514967937819884e-01
5.914578717462111168e-01 4.721660108428971658e-01
5.911811748957639390e-01 4.721805019149045712e-01
5.909045672829369433e-01 4.721949700390169480e-01
5.906280489512082399e-01 4.722094152451391524e-01
5.903516199440674850e-01 4.722238375636913510e-01
5.900752803050061113e-01 4.722382370254751272e-01
5.897990300775083350e-01 4.722526136615687875e-01
5.895228693050513780e-01 4.722669675032497016e-01
5.892467980310980291e-01 4.722812985819344611e-01
5.889708162990965334e-01 4.722956069291299186e-01
5.886949241524763732e-01 4.723098925617428834e-01
5.884191216348653164e-01 4.723241555133639857e-01
5.881434087898457230e-01 4.723383958191603171e-01
5.878677856609224595e-01 4.723526135134177850e-01
5.875922522915425494e-01 4.723668086297403423e-01
5.873168087250998370e-01 4.723809812012031428e-01
5.870414550049437574e-01 4.723951312604673936e-01
5.867661911743851100e-01 4.724092588398677295e-01
5.864910172767006102e-01 4.724233639714795485e-01
5.862159333551359985e-01 4.724374466871691380e-01
5.859409394529089266e-01 4.724515070186318666e-01
5.856660356132108447e-01 4.724655449974211052e-01
5.853912218792091116e-01 4.724795606549706539e-01
5.851164982940493253e-01 4.724935540226107289e-01
5.848418649008548797e-01 4.725075251315805636e-01
5.845673217427300727e-01 4.725214740130389002e-01
5.842928688627599954e-01 4.725354006980693744e-01
5.840185063040114199e-01 4.725493052176880093e-01
5.837442341095350207e-01 4.725631876028450473e-01
5.834700523223651514e-01 4.725770478844305011e-01
5.831959609855217330e-01 4.725908860938223266e-01
5.829219601420013719e-01 4.726047022620472604e-01
5.826480498347842429e-01 4.726184964195757621e-01
5.823742301068421945e-01 4.726322685968883941e-01
5.821005010011396363e-01 4.726460188244592242e-01
5.818268625606318745e-01 4.726597471327445010e-01
5.815533148282691078e-01 4.726734535521750491e-01
5.812798578469929867e-01 4.726871381131482752e-01
5.810064916597402762e-01 4.727008008460241717e-01
5.807332163094441890e-01 4.727144417811214860e-01
5.804600318390334968e-01 4.727280609487154450e-01
5.801869382914344175e-01 4.727416583790354787e-01
5.799139357095728364e-01 4.727552341022641103e-01
5.796410241363753046e-01 4.727687881485360122e-01
5.793682036147697056e-01 4.727823205479368962e-01
5.790954741876870315e-01 4.727958313305031246e-01
5.788228358980634924e-01 4.728093205262215992e-01
5.785502887888416268e-01 4.728227881650290954e-01
5.782778329029718556e-01 4.728362342768127613e-01
5.780054682834141477e-01 4.728496588914090082e-01
5.777331949731406846e-01 4.728630620386042871e-01
5.774610130151370813e-01 4.728764437481348670e-01
5.771889224524033857e-01 4.728898040496865018e-01
5.769169233279587417e-01 4.729031429728952629e-01
5.766450156848399455e-01 4.729164605473465399e-01
5.763731995661051100e-01 4.729297568025755405e-01
5.761014750148369945e-01 4.729430317680673457e-01
5.758298420741432277e-01 4.729562854732573540e-01
5.755583007871601930e-01 4.729695179475302269e-01
5.752868511970533616e-01 4.729827292202209432e-01
5.750154933470227325e-01 4.729959193206146884e-01
5.747442272803030550e-01 4.730090882779460770e-01
5.744730530401656043e-01 4.730222361214004301e-01
5.742019706699235115e-01 4.730353628801131083e-01
5.739309802129323179e-01 4.730484685831692349e-01
5.736600817125933061e-01 4.730615532596044170e-01
5.733892752123573855e-01 4.730746169384046906e-01
5.731185607557265360e-01 4.730876596485055763e-01
5.728479383862574714e-01 4.731006814187936893e-01
5.725774081475638599e-01 4.731136822781054629e-01
5.723069700833216533e-01 4.731266622552280365e-01
5.720366242372707521e-01 4.731396213788984784e-01
5.717663706532175594e-01 4.731525596778043408e-01
5.714962093750406424e-01 4.731654771805833271e-01
5.712261404466920656e-01 4.731783739158239022e-01
5.709561639122019416e-01 4.731912499120644600e-01
5.706862798156826511e-01 4.732041051977937673e-01
5.704164882013330606e-01 4.732169398014511863e-01
5.701467891134390786e-01 4.732297537514262853e-01
5.698771825963827586e-01 4.732425470760585617e-01
5.696076686946415224e-01 4.732553198036384967e-01
5.693382474527952652e-01 4.732680719624061672e-01
5.690689189155314631e-01 4.732808035805525226e-01
5.687996831276456167e-01 4.732935146862183862e-01
5.685305401340497999e-01 4.733062053074947317e-01
5.682614899797757690e-01 4.733188754724227398e-01
5.679925327099788479e-01 4.733315252089936864e-01
5.677236683699453668e-01 4.733441545451490540e-01
5.674548970050941055e-01 4.733567635087800873e-01
5.671862186609848422e-01 4.733693521277284599e-01
5.669176333833213510e-01 4.733819204297851635e-01
5.666491412179570641e-01 4.733944684426913407e-01
5.663807422109028433e-01 4.734069961941382298e-01
5.661124364083287563e-01 4.734195037117661098e-01
5.658442238565738469e-01 4.734319910267401621e-01
5.655761046020832961e-01 4.734444581681319097e-01
5.653080786914516098e-01 4.734569051616503987e-01
5.650401461714921192e-01 4.734693320335045530e-01
5.647723070892323172e-01 4.734817388102346980e-01
5.645045614919146360e-01 4.734941255185963205e-01
5.642369094269957808e-01 4.735064921854781339e-01
5.639693509421533912e-01 4.735188388378454016e-01
5.637018860852900382e-01 4.735311655026998578e-01
5.634345149043468171e-01 4.735434722070529512e-01
5.631672374473492004e-01 4.735557589779093579e-01
5.629000537629291756e-01 4.735680258422553246e-01
5.626329638999674199e-01 4.735802728270424589e-01
5.623659679076028484e-01 4.735924999591825668e-01
5.620990658352407188e-01 4.736047072655436008e-01
5.618322577325576273e-01 4.736168947729468282e-01
5.615655436495147201e-01 4.736290625081649996e-01
5.612989236363631340e-01 4.736412128229578467e-01
5.610323976978345284e-01 4.736533457308419459e-01
5.607659658388060020e-01 4.736654601260346098e-01
5.604996280865179870e-01 4.736775537372070466e-01
5.602333845140772262e-01 4.736896276322659638e-01
5.599672351689231053e-01 4.737016835241053547e-01
5.597011800694031702e-01 4.737137193172641370e-01
5.594352192778230259e-01 4.737257351753605961e-01
5.591693528541719083e-01 4.737377312173649546e-01
5.589035808570008701e-01 4.737497075320600270e-01
5.586379033440247444e-01 4.737616641878426016e-01
5.583723203725321493e-01 4.737736012393541363e-01
5.581068319996660421e-01 4.737855187319630068e-01
5.578414382826232254e-01 4.737974167047870333e-01
5.575761392787834669e-01 4.738092951927313501e-01
5.573109350458100852e-01 4.738211542278598642e-01
5.570458256417161191e-01 4.738329938403166297e-01
5.567808111249168412e-01 4.738448140589422986e-01
5.565158915542691709e-01 4.738566149116889004e-01
5.562510669891012061e-01 4.738683964258973424e-01
5.559863374892402010e-01 4.738801586284809853e-01
5.557217031155018416e-01 4.738919015460497097e-01
5.554571639288662377e-01 4.739036252049839693e-01
5.551927199907621402e-01 4.739153296314980723e-01
5.549283713631988357e-01 4.739270148516769310e-01
5.546641181087842432e-01 4.739386808914992644e-01
5.543999602907438984e-01 4.739503277768521983e-01
5.541358979729372747e-01 4.739619555335417012e-01
5.538719312198790989e-01 4.739735641872978578e-01
5.536080600967558940e-01 4.739851537637795875e-01
5.533442846694478501e-01 4.739967242885773091e-01
5.530806050045475875e-01 4.740082757872133845e-01
5.528170211693803626e-01 4.740198082839028326e-01
5.525535332320534732e-01 4.740313217997628170e-01
5.522901412615447425e-01 4.740428163623127134e-01
5.520268453275823939e-01 4.740542919982255743e-01
5.517636455006843521e-01 4.740657487336004672e-01
5.515005418521922165e-01 4.740771865941406094e-01
5.512375344543021249e-01 4.740886056052693309e-01
5.509746233800947302e-01 4.741000057922036270e-01
5.507118087035638432e-01 4.741113871800027857e-01
5.504490904996444112e-01 4.741227497935995294e-01
5.501864688442403839e-01 4.741340936578196663e-01
5.499239438142533576e-01 4.741454187973931922e-01
5.496615154876116627e-01 4.741567252369642826e-01
5.493991839433002289e-01 4.741680130010942351e-01
5.491369492613911163e-01 4.741792821142650216e-01
5.488748115230738245e-01 4.741905326008797328e-01
5.486127708106897094e-01 4.742017644852645764e-01
5.483508272077616263e-01 4.742129777916677669e-01
5.480889807990309004e-01 4.742241725442596922e-01
5.478272316704908551e-01 4.742353487671316925e-01
5.475655799094230058e-01 4.742465064842962263e-01
5.473040256044352514e-01 4.742576457196857054e-01
5.470425688454981783e-01 4.742687664971513284e-01
5.467812097239865832e-01 4.742798688404620266e-01
5.465199483327203289e-01 4.742909527733035757e-01
5.462587847660040907e-01 4.743020183192775963e-01
5.459977191224247850e-01 4.743130655019000552e-01
5.457367515020150606e-01 4.743240943445551916e-01
5.454758820036404998e-01 4.743351048705144457e-01
5.452151107278389031e-01 4.743460970585639536e-01
5.449544377779993454e-01 4.743570703623011808e-01
5.446938632738609343e-01 4.743680238155428830e-01
5.444333873626309162e-01 4.743789580715033205e-01
5.441730101776887096e-01 4.743898742682740588e-01
5.439127318257488408e-01 4.744007721152931345e-01
5.436525524236560658e-01 4.744116517094363883e-01
5.433924720884356629e-01 4.744225134933985899e-01
5.431324909281916025e-01 4.744333590783356147e-01
5.428726090109570190e-01 4.744441877383945849e-01
5.426128264262285450e-01 4.744549990393229222e-01
5.423531432775985373e-01 4.744657927252535767e-01
5.420935596782496813e-01 4.744765686492352641e-01
5.418340757482215109e-01 4.744873267306813358e-01
5.415746916127601729e-01 4.744980669293519249e-01
5.413154074013467598e-01 4.745087892294739262e-01
5.410562232471310962e-01 4.745194936300644040e-01
5.407971392866244287e-01 4.745301801390454099e-01
5.405381556595466597e-01 4.745408487696694544e-01
5.402792725087686154e-01 4.745514995383537937e-01
5.400204899803177083e-01 4.745621324633676474e-01
5.397618082234216796e-01 4.745727475640397763e-01
5.395032273905741027e-01 4.745833448602790328e-01
5.392447476376179827e-01 4.745939243722844258e-01
5.389863691238417909e-01 4.746044861203711496e-01
5.387280920120830485e-01 4.746150301248626135e-01
5.384699164688381279e-01 4.746255564060269383e-01
5.382118426643799358e-01 4.746360649840354329e-01
5.379538707728803715e-01 4.746465558789381145e-01
5.376960009725370027e-01 4.746570291106458894e-01
5.374382334457090682e-01 4.746674846989198393e-01
5.371805683790525920e-01 4.746779226633619508e-01
5.369230059636664887e-01 4.746883430234084544e-01
5.366655463952425542e-01 4.746987457983240510e-01
5.364081898742210086e-01 4.747091310071958614e-01
5.361509366059530324e-01 4.747194986689288188e-01
5.358937868008700756e-01 4.747298484118203099e-01
5.356367406868934866e-01 4.747401800543744055e-01
5.353797985039198126e-01 4.747504938558692045e-01
5.351229604901720505e-01 4.747607894952177165e-01
5.348662269007652403e-01 4.747710669025542174e-01
5.346095980001061010e-01 4.747813272140906093e-01
5.343530740230865161e-01 4.747915704765460210e-01
5.340966552099322140e-01 4.748017965460918921e-01
5.338403418126643762e-01 4.748120054281797509e-01
5.335841340905281838e-01 4.748221982402842101e-01
5.333280322731606127e-01 4.748323746148434554e-01
5.330720366097302376e-01 4.748425341698466751e-01
5.328161473700252504e-01 4.748526766955579737e-01
5.325603648392202016e-01 4.748628020804208094e-01
5.323046893149994130e-01 4.748729102686686243e-01
5.320491211060582870e-01 4.748830012335034656e-01
5.317936605314785847e-01 4.748930749698062614e-01
5.315383079203475081e-01 4.749031314818810134e-01
5.312830636117952254e-01 4.749131707791535151e-01
5.310279279551968212e-01 4.749231928737872033e-01
5.307729013104636184e-01 4.749331977793305737e-01
5.305179840484042231e-01 4.749431855099466859e-01
5.302631765511289785e-01 4.749531559786825397e-01
5.300084792162232938e-01 4.749631089908772918e-01
5.297538924613334199e-01 4.749730446877707957e-01
5.294994167123231454e-01 4.749829631535265051e-01
5.292450524058073258e-01 4.749928640991851747e-01
5.289908000038275881e-01 4.750027479474792647e-01
5.287366599674599987e-01 4.750126147062936899e-01
5.284826327729910123e-01 4.750224643854648598e-01
5.282287189124821314e-01 4.750322969956707886e-01
5.279749188944079519e-01 4.750421125478088702e-01
5.277212332443526055e-01 4.750519110526398858e-01
5.274676625057602708e-01 4.750616927694216174e-01
5.272142072306467142e-01 4.750714578664995691e-01
5.269608679837908261e-01 4.750812062502483557e-01
5.267076453541824632e-01 4.750909378232641700e-01
5.264545399562383654e-01 4.751006525016345239e-01
5.262015524303547132e-01 4.751103501598356593e-01
5.259486834458404481e-01 4.751200308386769877e-01
5.256959336950760564e-01 4.751296945640025027e-01
5.254433038952666113e-01 4.751393413362952067e-01
5.251907947907411556e-01 4.751489710116101328e-01
5.249384071606453261e-01 4.751585836696548548e-01
5.246861418105868147e-01 4.751681793550839306e-01
5.244339995755521455e-01 4.751777580921903166e-01
5.241819813223219660e-01 4.751873198954933986e-01
5.239300879515331744e-01 4.751968647736923845e-01
5.236783203996888680e-01 4.752063926930216176e-01
5.234266796430102620e-01 4.752159036641833145e-01
5.231751666973868398e-01 4.752253977775601212e-01
5.229237826166398539e-01 4.752348750911966069e-01
5.226725284961782902e-01 4.752443355552777859e-01
5.224214054806043395e-01 4.752537790928989536e-01
5.221704147677457275e-01 4.752632056863805854e-01
5.219195576085957633e-01 4.752726153305334988e-01
5.216688353096707864e-01 4.752820080220415133e-01
5.214182492360879273e-01 4.752913837033955757e-01
5.211678008178031174e-01 4.753007423883935934e-01
5.209174915496125324e-01 4.753100840773921143e-01
5.206673229957518023e-01 4.753194087526687039e-01
5.204172967950806417e-01 4.753287163958051509e-01
5.201674146656927178e-01 4.753380069976232414e-01
5.199176784093217929e-01 4.753472805587116712e-01
5.196680899160698308e-01 4.753565370420836378e-01
5.194186511722320709e-01 4.753657764121982932e-01
5.191693642664561015e-01 4.753749986326863963e-01
5.189202313965312063e-01 4.753842036650668401e-01
5.186712548768231956e-01 4.753933914679699391e-01
5.184224371463781456e-01 4.754025619966129046e-01
5.181737807777421212e-01 4.754117152023953352e-01
5.179252884865781503e-01 4.754208510354410722e-01
5.176769631419588791e-01 4.754299694380813568e-01
5.174288077780050399e-01 4.754390703479080549e-01
5.171808256063770148e-01 4.754481536975121436e-01
5.169330200299375733e-01 4.754572194139747854e-01
5.166853946577301127e-01 4.754662674183854909e-01
5.164379533214248363e-01 4.754752976253413532e-01
5.161907000123074907e-01 4.754843099424174158e-01
5.159436387935910640e-01 4.754933042710590141e-01
5.156967742285031298e-01 4.755022805086338011e-01
5.154501112568566912e-01 4.755112385417616938e-01
5.152036551519091345e-01 4.755201782452096460e-01
5.149574115502832949e-01 4.755290994821537720e-01
5.147113864851170506e-01 4.755380021038088656e-01
5.144655864229145115e-01 4.755468859486838840e-01
5.142200183046220507e-01 4.755557508415852452e-01
5.139746895915280334e-01 4.755645965924222840e-01
5.137296083166612570e-01 4.755734229948299085e-01
5.134847831424855791e-01 4.755822298246071278e-01
5.132402234258055529e-01 4.755910168379562375e-01
5.129959392909608784e-01 4.755997837694984076e-01
5.127519417125659951e-01 4.756085303303447254e-01
5.125082426092405496e-01 4.756172562048424646e-01
5.122648549501725990e-01 4.756259610481432532e-01
5.120217928764501103e-01 4.756346444830134579e-01
5.117790718394568117e-01 4.756433060961207659e-01
5.115367087599079765e-01 4.756519454338214437e-01
5.112947222099496480e-01 4.756605619973460208e-01
5.110531326229701410e-01 4.756691552372908083e-01
5.108119625359178739e-01 4.756777245472910698e-01
5.105712368698942516e-01 4.756862692567281337e-01
5.103309832559403958e-01 4.756947886223029665e-01
5.100912324143109799e-01 4.757032818182711509e-01
5.098520185971020524e-01 4.757117479250964065e-01
5.096133801060072077e-01 4.757201859162335511e-01
5.093753598991315190e-01 4.757285946426955681e-01
5.091380063032816539e-01 4.757369728149949406e-01
5.089013736102281360e-01 4.757453189819760841e-01
5.086655234864598807e-01 4.757536315102940949e-01
5.084305260254770031e-01 4.757619085496809230e-01
5.081964610154924289e-01 4.757701479978344028e-01
5.079634195145185105e-01 4.757783474613909158e-01
5.077315056714445385e-01 4.757865042096233177e-01
5.075008388067180354e-01 4.757946151203668594e-01
5.072715555802548293e-01 4.758026766177138600e-01
5.070438128449493709e-01 4.758106846043745342e-01
5.068177902267748669e-01 4.758186343794142958e-01
5.065936926108265403e-01 4.758265205540744835e-01
5.063717526193216578e-01 4.758343369686084401e-01
5.061522318442268631e-01 4.758420766099867860e-01
5.059354210943254326e-01 4.758497315524612969e-01
5.057216383826053097e-01 4.758572929268277685e-01
5.055112242161946545e-01 4.758647509437645695e-01
5.053045339123378721e-01 4.758720949910109632e-01
5.051019268691325781e-01 4.758793138184895799e-01
5.049037536600471388e-01 4.758863958190674426e-01
5.047103424019258044e-01 4.758933293928372388e-01
5.045219861831257147e-01 4.759001033631583000e-01
5.043389331721048752e-01 4.759067073969598383e-01
5.041613804149609468e-01 4.759131323787224033e-01
5.039894715318001817e-01 4.759193706954388814e-01
5.038232978349679314e-01 4.759254164092543982e-01
5.036629019937998164e-01 4.759312653154683659e-01
5.035082832673343223e-01 4.759369149007302568e-01
5.033594035136371714e-01 4.759423642261879639e-01
5.032161932122177772e-01 4.759476137616476810e-01
5.030785573409054523e-01 4.759526651968113420e-01
5.029463805253009401e-01 4.759575212448683423e-01
5.028195315357716355e-01 4.759621854559730192e-01
5.026978674079509712e-01 4.759666620475756504e-01
5.025812366393320740e-01 4.759709557499633426e-01
5.024694819306695370e-01 4.759750716757837896e-01
5.023624424406909483e-01 4.759790152093827942e-01
5.022599556226324813e-01 4.759827919144375419e-01
5.021618586648162186e-01 4.759864074578827320e-01
5.020679896784867591e-01 4.759898675486929354e-01
5.019781887778413942e-01 4.759931778883569331e-01
5.018922987280187709e-01 4.759963441288451169e-01
5.018101655195508215e-01 4.759993718417965258e-01
5.017316388058211674e-01 4.760022664943687198e-01
5.016565722283418127e-01 4.760050334306730191e-01
5.015848236503418489e-01 4.760076778578329337e-01
5.015162553155678715e-01 4.760102048358391680e-01
5.014507339462381807e-01 4.760126192705033121e-01
5.013881307916304708e-01 4.760149259089300200e-01
5.013283216367719897e-01 4.760171293370259460e-01
5.012711867790455855e-01 4.760192339786485372e-01
5.012166109791454938e-01 4.760212440960684410e-01
5.011644833916980568e-01 4.760231637914795755e-01
5.011146974799454146e-01 4.760249970093271554e-01
5.010671509181016114e-01 4.760267475392860326e-01
5.010217454843771678e-01 4.760284190197333620e-01
5.009783869471401418e-01 4.760300149415928050e-01
5.009369849462371738e-01 4.760315386524538450e-01
5.008974528711517271e-01 4.760329933608824504e-01
5.008597077373715400e-01 4.760343821408572484e-01
5.008236700620850579e-01 4.760357079362769195e-01
5.007892637401250013e-01 4.760369735654942924e-01
5.007564159208954813e-01 4.760381817258420023e-01
5.007250568868877316e-01 4.760393349981202338e-01
5.006951199342571934e-01 4.760404358510243461e-01
5.006665412558332084e-01 4.760414866454937277e-01
5.006392598268665228e-01 4.760424896389683913e-01
5.006132172937194369e-01 4.760434469895414855e-01
5.005883578656785682e-01 4.760443607600004512e-01
5.005646282099937006e-01 4.760452329217510492e-01
5.005419773502175484e-01 4.760460653586193747e-01
5.005203565678972844e-01 4.760468598705310805e-01
5.004997193076194950e-01 4.760476181770638693e-01
5.004800210854002396e-01 4.760483419208755840e-01
5.004612194004041115e-01 4.760490326710083986e-01
5.004432736465370679e-01 4.760496919260679971e-01
5.004261450251710208e-01 4.760503211173426341e-01
5.004097964890721340e-01 4.760509216118669062e-01
5.003941926530341977e-01 4.760514947149107612e-01
5.003792997203356796e-01 4.760520416727702098e-01
5.003650854024764838e-01 4.760525636754241452e-01
5.003515188769820377e-01 4.760530618592395680e-01
5.003385707115168834e-01 4.760535373090329370e-01
5.003262128013560295e-01 4.760539910604088543e-01
5.003144183105902032e-01 4.760544241019961653e-01
5.003031616158003514e-01 4.760548373775667086e-01
5.002924182521232277e-01 4.760552317880540341e-01
5.002821648616115890e-01 4.760556081934787520e-01
5.002723791438113965e-01 4.760559674147898379e-01
