2.999999999999999889e-01 5.999999999999999778e-01
2.999945238857572583e-01 5.974072333685914726e-01
2.999892712563723696e-01 5.948289085793839748e-01
2.999842688528301382e-01 5.922649439453591125e-01
2.999795252954127189e-01 5.897152774854355073e-01
2.999750747732861100e-01 5.871797977382471334e-01
2.999709098620242931e-01 5.846584611770095918e-01
2.999670818525796978e-01 5.821512054316501095e-01
2.999635948443197808e-01 5.796579603215856746e-01
2.999604554842415505e-01 5.771787041426906795e-01
2.999577297266454168e-01 5.747133740870131735e-01
2.999553993998477774e-01 5.722619760429710212e-01
2.999535183719816978e-01 5.698244688966644933e-01
2.999521262278359024e-01 5.674008502122854791e-01
2.999512177605724861e-01 5.649911584813093191e-01
2.999508488280484553e-01 5.625954064868917692e-01
2.999510828532235829e-01 5.602136146264693473e-01
2.999519219213703236e-01 5.578458633320394489e-01
2.999533992675860183e-01 5.554922283746140943e-01
2.999555687910928636e-01 5.531527959949270601e-01
2.999584918370464814e-01 5.508277043258033023e-01
2.999622267963709676e-01 5.485171038176299696e-01
2.999668230607251962e-01 5.462211893124874207e-01
2.999723501278665494e-01 5.439401720066204815e-01
2.999788664857734877e-01 5.416743307949086761e-01
2.999864469982992943e-01 5.394239640853275564e-01
2.999951545004981845e-01 5.371894504238622359e-01
3.000050878026934709e-01 5.349712050049553191e-01
3.000163500549276607e-01 5.327697323895119741e-01
3.000290454497413495e-01 5.305855967893859937e-01
3.000432603109305374e-01 5.284194931812140617e-01
3.000591392144704161e-01 5.262722116005390527e-01
3.000768201232745236e-01 5.241446641508404891e-01
3.000964196316273647e-01 5.220379602968807653e-01
3.001181203153824861e-01 5.199533524109661853e-01
3.001420978878582835e-01 5.178922947943905841e-01
3.001685255494140336e-01 5.158565517977543591e-01
3.001976400675818168e-01 5.138480913064739086e-01
3.002296267854756562e-01 5.118693162375567152e-01
3.002647765921084844e-01 5.099229037462073011e-01
3.003032875766908916e-01 5.080121207957870588e-01
3.003455110684080109e-01 5.061405494908377545e-01
3.003916525173707663e-01 5.043124769612906677e-01
3.004420246795593274e-01 5.025326803618086480e-01
3.004969834137511953e-01 5.008064372161400435e-01
3.005567123950159125e-01 4.991396730544752081e-01
3.006214641572950153e-01 4.975386359331611663e-01
3.006914285822480659e-01 4.960096832820070634e-01
3.007667827549183603e-01 4.945590587030237462e-01
3.008475608004925195e-01 4.931925189781939944e-01
3.009336812988155918e-01 4.919148510529361418e-01
3.010249603531770513e-01 4.907294704369170590e-01
3.011211717034233404e-01 4.896380919803678400e-01
3.012220035257257011e-01 4.886406054265644006e-01
3.013270816716614453e-01 4.877351667905421850e-01
3.014358555909851800e-01 4.869183251088301523e-01
3.015479799864989596e-01 4.861852973387742471e-01
3.016629533648770845e-01 4.855304935815541456e-01
3.017804535273723165e-01 4.849477159243312241e-01
3.019000035546163252e-01 4.844306559561684655e-01
3.020214297123005043e-01 4.839729939250541624e-01
3.021443363113082148e-01 4.835686849384242536e-01
3.022685003168842366e-01 4.832120423458959868e-01
3.023937986587588167e-01 4.828978010664534692e-01
3.025200371712082337e-01 4.826211179565224052e-01
3.026470251369602904e-01 4.823776748040163320e-01
3.027746442898328616e-01 4.821635490114118960e-01
3.029028121456077693e-01 4.819752625794799794e-01
3.030314718659709583e-01 4.818097086009086039e-01
3.031605674187989874e-01 4.816641879325156972e-01
3.032900386806504645e-01 4.815362542568798476e-01
3.034198277021932788e-01 4.814237677518981018e-01
3.035498869484160589e-01 4.813248568177166953e-01
3.036801785265932363e-01 4.812378685675711698e-01
3.038106754846792712e-01 4.811613418171469259e-01
3.039413488433492794e-01 4.810939860138177537e-01
3.040721728480235142e-01 4.810346796867565611e-01
3.042031400551614695e-01 4.809824394169140427e-01
3.043342406827633795e-01 4.809364001182366288e-01
3.044654589429711122e-01 4.808958023544420146e-01
3.045967825399250595e-01 4.808599796410312210e-01
3.047282055877056917e-01 4.808283468832824092e-01
3.048597211266050877e-01 4.808003897616048294e-01
3.049913223679972529e-01 4.807756564002319544e-01
3.051230034283048398e-01 4.807537511139113318e-01
3.052547576285289388e-01 4.807343279000472203e-01
3.053865795961648311e-01 4.807170817913185568e-01
3.055184657398474779e-01 4.807017452126490786e-01
3.056504129347634713e-01 4.806880837534736051e-01
3.057824177568970181e-01 4.806758923163744757e-01
3.059144773692478725e-01 4.806649899081836264e-01
3.060465904008650706e-01 4.806552176037353075e-01
3.061787553850542909e-01 4.806464359867803071e-01
3.063109701909343952e-01 4.806385227613204081e-01
3.064432332481814014e-01 4.806313706558749121e-01
3.065755434217583564e-01 4.806248855819032495e-01
3.067078997212078217e-01 4.806189850009505715e-01
3.068403012948545672e-01 4.806135965407726252e-01
3.069727473892625569e-01 4.806086562640976556e-01
3.071052373478228015e-01 4.806041084546985864e-01
3.072377705982549667e-01 4.805999043974479856e-01
3.073703465852349881e-01 4.805960013706047640e-01
3.075029645843098680e-01 4.805923619185858420e-01
3.076356242236725769e-01 4.805889532035989009e-01
3.077683251800830133e-01 4.805857464363235687e-01
3.079010671728509840e-01 4.805827163783633615e-01
3.080338499597662372e-01 4.805798409056628584e-01
3.081666737727022376e-01 4.805771006254370148e-01
3.082995384229610947e-01 4.805744785393282204e-01
3.084324437477687919e-01 4.805719597493867679e-01
3.085653896070919000e-01 4.805695311993720131e-01
3.086983758808280465e-01 4.805671814478136850e-01
3.088314024663570412e-01 4.805649004689445669e-01
3.089644694260975655e-01 4.805626794780923916e-01
3.090975767902902627e-01 4.805605107782817131e-01
3.092307244964940804e-01 4.805583876260309251e-01
3.093639126369744918e-01 4.805563041137621560e-01
3.094971414187234759e-01 4.805542550662608159e-01
3.096304108090642271e-01 4.805522359499514451e-01
3.097637207821588023e-01 4.805502427939548071e-01
3.098970713181640191e-01 4.805482721204533125e-01
3.100304624024991518e-01 4.805463208836430744e-01
3.101638941014803752e-01 4.805443864162202705e-01
3.102973664207334115e-01 4.805424663823391618e-01
3.104308793585398019e-01 4.805405587366239906e-01
3.105644329162878248e-01 4.805386616881530126e-01
3.106980270980826964e-01 4.805367736688745395e-01
3.108316619104145029e-01 4.805348933059315764e-01
3.109653374044609175e-01 4.805330193974086672e-01
3.110990536254040206e-01 4.805311508910093954e-01
3.112328102549965503e-01 4.805292868654613692e-01
3.113666073065916584e-01 4.805274264653457417e-01
3.115004447948799271e-01 4.805255689447403000e-01
3.116343227357177836e-01 4.805237136969213729e-01
3.117682413116068529e-01 4.805218601907649822e-01
3.119022005382736107e-01 4.805200078349002313e-01
3.120362003771741666e-01 4.805181562339777557e-01
3.121702408201588730e-01 4.805163050454596130e-01
3.123043218948149402e-01 4.805144539694831685e-01
3.124384436499972328e-01 4.805126027439509673e-01
3.125726061072043871e-01 4.805107514764476728e-01
3.127068092877555161e-01 4.805088999231187930e-01
3.128410532133562016e-01 4.805070478704148718e-01
3.129753379060613017e-01 4.805051952294119855e-01
3.131096633880698921e-01 4.805033418477543949e-01
3.132440296818247982e-01 4.805014875717542044e-01
3.133784368100202555e-01 4.804996321842906482e-01
3.135128847957102116e-01 4.804977755061690670e-01
3.136473735393223161e-01 4.804959170402809399e-01
3.137819028803736643e-01 4.804940565545344766e-01
3.139164728312117680e-01 4.804921940538913194e-01
3.140510834150419539e-01 4.804903293485024984e-01
3.141857349711694725e-01 4.804884622995327925e-01
3.143204275804166170e-01 4.804865929521036083e-01
3.144551612666743878e-01 4.804847213452009824e-01
3.145899360805691769e-01 4.804828475923111908e-01
3.147247523743877951e-01 4.804809717766688748e-01
3.148596101793284530e-01 4.804790938614455498e-01
3.149945095256160843e-01 4.804772138468935139e-01
3.151294504368863381e-01 4.804753319299662762e-01
3.152644330104312775e-01 4.804734482748095892e-01
3.153994572914290972e-01 4.804715631239864226e-01
3.155345232643999576e-01 4.804696764329081105e-01
3.156696306974535737e-01 4.804677882750320594e-01
3.158047792373938623e-01 4.804658985792114034e-01
3.159399687327510420e-01 4.804640072836843800e-01
3.160751992061087146e-01 4.804621143345226830e-01
3.162104706801404097e-01 4.804602196843217321e-01
3.163457831775971507e-01 4.804583232895500156e-01
3.164811367535805831e-01 4.804564250735126607e-01
3.166165314349431159e-01 4.804545249088646441e-01
3.167519672445124890e-01 4.804526224020894132e-01
3.168874442336800934e-01 4.804507175911683636e-01
3.170229626810776580e-01 4.804488104828796846e-01
3.171585226108180611e-01 4.804469010376756222e-01
3.172941240470890101e-01 4.804449892915898523e-01
3.174297667605523454e-01 4.804430752756989054e-01
3.175654507730806819e-01 4.804411591265857484e-01
3.177011761374348153e-01 4.804392410302201211e-01
3.178369429052724238e-01 4.804373209708404091e-01
3.179727510999311169e-01 4.804353989343034259e-01
3.181086007447812558e-01 4.804334749079289257e-01
3.182444918632127973e-01 4.804315488803121426e-01
3.183804243724271954e-01 4.804296208411603653e-01
3.185163980311216947e-01 4.804276907813479491e-01
3.186524128668232203e-01 4.804257586930614221e-01
3.187884689027418728e-01 4.804238245691325182e-01
3.189245661621011307e-01 4.804218886589701754e-01
3.190607046676772751e-01 4.804199510656546601e-01
3.191968844420575713e-01 4.804180116627660424e-01
3.193331055080629866e-01 4.804160704073381361e-01
3.194693678885930366e-01 4.804141272669533169e-01
3.196056716139797915e-01 4.804121822130184571e-01
3.197420167179152450e-01 4.804102352473961779e-01
3.198784032923602805e-01 4.804082863692292205e-01
3.200148314691793061e-01 4.804063355522669165e-01
3.201513012279187942e-01 4.804043828378879444e-01
3.202878124157650941e-01 4.804024281852067868e-01
3.204243650561257595e-01 4.804004715646756352e-01
3.205609591724717933e-01 4.803985129567862611e-01
3.206975947883111688e-01 4.803965523220883882e-01
3.208342719272386234e-01 4.803945896682740857e-01
3.209709904633782362e-01 4.803926249834363782e-01
3.211077503312148584e-01 4.803906582547898263e-01
3.212445515564631426e-01 4.803886895185013328e-01
3.213813941085943426e-01 4.803867188187387338e-01
3.215182780229869919e-01 4.803847461335621905e-01
3.216552032917008308e-01 4.803827710702290865e-01
3.217921697153209859e-01 4.803807936266794032e-01
3.219291770266438646e-01 4.803788138349114334e-01
3.220662251521687058e-01 4.803768317229430984e-01
3.222033143494627550e-01 4.803748473149565545e-01
3.223404446307916449e-01 4.803728606311574723e-01
3.224776160192683316e-01 4.803708716887641894e-01
3.226148285781287317e-01 4.803688805023745845e-01
3.227520825756501344e-01 4.803668870842287553e-01
3.228893780353493947e-01 4.803648915511478101e-01
3.230267149994879294e-01 4.803628942532126023e-01
3.231640934900614215e-01 4.803608951467295274e-01
3.233015134959281167e-01 4.803588941841923643e-01
3.234389750376438499e-01 4.803568913291345610e-01
3.235764781378717703e-01 4.803548866044251020e-01
3.237140228192444957e-01 4.803528801114476110e-01
3.238516091041945266e-01 4.803508720249984321e-01
3.239892370148219625e-01 4.803488622634407568e-01
3.241269068010315113e-01 4.803468508142171300e-01
3.242646186380737650e-01 4.803448376314324864e-01
3.244023725029689387e-01 4.803428226273842028e-01
3.245401683665017911e-01 4.803408057601893377e-01
3.246780062522107158e-01 4.803387869874696792e-01
3.248158862361181232e-01 4.803367661729118221e-01
3.249538083573387248e-01 4.803347428576558720e-01
3.250917726400266994e-01 4.803327173796311800e-01
3.252297791076761424e-01 4.803306897692537492e-01
3.253678277837407373e-01 4.803286600155338149e-01
3.255059186917090841e-01 4.803266281345709432e-01
3.256440518852421473e-01 4.803245941301680366e-01
3.257822274179870692e-01 4.803225577873220797e-01
3.259204453140366886e-01 4.803205191005717745e-01
3.260587055975167070e-01 4.803184780847412072e-01
3.261970082964620321e-01 4.803164349865138849e-01
3.263353532420848468e-01 4.803143898381850851e-01
3.264737403306840480e-01 4.803123426149901176e-01
3.266121695850173201e-01 4.803102932953031146e-01
3.267506410279057971e-01 4.803082418599691761e-01
3.268891546826314110e-01 4.803061879556528857e-01
3.270277108031329205e-01 4.803041315845551495e-01
3.271663096108761715e-01 4.803020727755533681e-01
3.273049512502024250e-01 4.803000115528836544e-01
3.274436357303556200e-01 4.802979477805220387e-01
3.275823630762185190e-01 4.802958813383128023e-01
3.277211333129577686e-01 4.802938123066905485e-01
3.278599464655939100e-01 4.802917405219473412e-01
3.279988023117019202e-01 4.802896660575518006e-01
3.281377007492162767e-01 4.802875889811914489e-01
3.282766419179503625e-01 4.802855091954272848e-01
3.284156263408671839e-01 4.802834267588803607e-01
3.285546537509256848e-01 4.802813417209043090e-01
3.286937237337689277e-01 4.802792541244350066e-01
3.288328363152463463e-01 4.802771640063123737e-01
3.289719914497837849e-01 4.802750713974843766e-01
3.291111891603026307e-01 4.802729763242068461e-01
3.292504295405942472e-01 4.802708784217065707e-01
3.293897126335166847e-01 4.802687776015615584e-01
3.295290384501764480e-01 4.802666740004512547e-01
3.296684070175995851e-01 4.802645676872338010e-01
3.298078183627001225e-01 4.802624587678122614e-01
3.299472725121913586e-01 4.802603473179026805e-01
3.300867694926614693e-01 4.802582334030346956e-01
3.302263092904222375e-01 4.802561170550186942e-01
3.303658918187256099e-01 4.802539982903448190e-01
3.305055171031454075e-01 4.802518771230997463e-01
3.306451851692480681e-01 4.802497535650540605e-01
3.307848960909714475e-01 4.802476276259753374e-01
3.309246498875761389e-01 4.802454993137920125e-01
3.310644465835092531e-01 4.802433686349575903e-01
3.312042862487802330e-01 4.802412355956222068e-01
3.313441692051804499e-01 4.802391002026399902e-01
3.314840954769799897e-01 4.802369624686300131e-01
3.316240652414931267e-01 4.802348224105676411e-01
3.317640787008360737e-01 4.802326800244479665e-01
3.319041358796557262e-01 4.802305353060229987e-01
3.320442368026300661e-01 4.802283882770782553e-01
3.321843815013971746e-01 4.802262389329295944e-01
3.323245700009767600e-01 4.802240872831981533e-01
3.324648023074320835e-01 4.802219334204956835e-01
3.326050784433111085e-01 4.802197775949310077e-01
3.327453984318746727e-01 4.802176197496330068e-01
3.328857622974997210e-01 4.802154598350599213e-01
3.330261700646934275e-01 4.802132976672224829e-01
3.331666217583919565e-01 4.802111330039978698e-01
3.333071174041022933e-01 4.802089658598550637e-01
3.334476570273160467e-01 4.802067962468711815e-01
3.335882406535151667e-01 4.802046241876565813e-01
3.337288682910698467e-01 4.802024496891811878e-01
3.338695398938039682e-01 4.802002727568508988e-01
3.340102554652418787e-01 4.801980933950691921e-01
3.341510150464860884e-01 4.801959116072663791e-01
3.342918186843190642e-01 4.801937274181610760e-01
3.344326664789078474e-01 4.801915408338177649e-01
3.345735588283659245e-01 4.801893518516579529e-01
3.347144957593607417e-01 4.801871606322637431e-01
3.348554772982206829e-01 4.801849672895702748e-01
3.349965032310613378e-01 4.801827717952694141e-01
3.351375734549438823e-01 4.801805741110091730e-01
3.352786879958495891e-01 4.801783742026967672e-01
3.354198468798605393e-01 4.801761720405244294e-01
3.355610501331453555e-01 4.801739675473283842e-01
3.357022977820791065e-01 4.801717606141382433e-01
3.358435898533011499e-01 4.801695512393184817e-01
3.359849263734790981e-01 4.801673394045377630e-01
3.361263073693556702e-01 4.801651252568659989e-01
3.362677328673542854e-01 4.801629089388291804e-01
3.364092026104131272e-01 4.801606904090862660e-01
3.365507164634352066e-01 4.801584696322296342e-01
3.366922744524895039e-01 4.801562465776995636e-01
3.368338765628658971e-01 4.801540215559548241e-01
3.369755228045560047e-01 4.801517948053521390e-01
3.371172133339885857e-01 4.801495662229197103e-01
3.372589481738924033e-01 4.801473356010887428e-01
3.374007273734375700e-01 4.801451029826456218e-01
3.375425510783516825e-01 4.801428682976939255e-01
3.376844193742987166e-01 4.801406312646005481e-01
3.378263318972546947e-01 4.801383918140888496e-01
3.379682886117877927e-01 4.801361499194166105e-01
3.381102895582406287e-01 4.801339055733955252e-01
3.382523347658862312e-01 4.801316587693979510e-01
3.383944242614489450e-01 4.801294096256645827e-01
3.385365580714215228e-01 4.801271582161653617e-01
3.386787359659373386e-01 4.801249045491652323e-01
3.388209579177201558e-01 4.801226485897111540e-01
3.389632238062025849e-01 4.801203903074449109e-01
3.391055336601829784e-01 4.801181296761746209e-01
3.392478875062775456e-01 4.801158666913317719e-01
3.393902853738229863e-01 4.801136013747205333e-01
3.395327270368606043e-01 4.801113335684860650e-01
3.396752124980969012e-01 4.801090632686140780e-01
3.398177417385536692e-01 4.801067904712907897e-01
3.399603146287463740e-01 4.801045151729230187e-01
3.401029311199402771e-01 4.801022373703620061e-01
3.402455912381373015e-01 4.800999570987410370e-01
3.403882952157044062e-01 4.800976743525941504e-01
3.405310431829404738e-01 4.800953890722896023e-01
3.406738348402296723e-01 4.800931012573143031e-01
3.408166702138957782e-01 4.800908109075563979e-01
3.409595493685380063e-01 4.800885180224963023e-01
3.411024726522718931e-01 4.800862226011748946e-01
3.412454400915458375e-01 4.800839246415966044e-01
3.413884517128468188e-01 4.800816241416198116e-01
3.415315075427089453e-01 4.800793210989762194e-01
3.416746075706997288e-01 4.800770155112880078e-01
3.418177518365426160e-01 4.800747073761686967e-01
3.419609406514985128e-01 4.800723966911071283e-01
3.421041740531134967e-01 4.800700834528487393e-01
3.422474520687145416e-01 4.800677676581386888e-01
3.423907747266683455e-01 4.800654493049885674e-01
3.425341421029229894e-01 4.800631284018799239e-01
3.426775542244792083e-01 4.800608049436515534e-01
3.428210111183849218e-01 4.800584789254352946e-01
3.429645127770598600e-01 4.800561503426134524e-01
3.431080591539782398e-01 4.800538191895224460e-01
3.432516502532154679e-01 4.800514853662463111e-01
3.433952863215597451e-01 4.800491487749681818e-01
3.435389674916937697e-01 4.800468093444524853e-01
3.436826937914672642e-01 4.800444671131983143e-01
3.438264652486564543e-01 4.800421221079055334e-01
3.439702818909992632e-01 4.800397742902620668e-01
3.441141437463507424e-01 4.800374232009970155e-01
3.442580508437192433e-01 4.800350687321610632e-01
3.444020032124065489e-01 4.800327104547182366e-01
3.445460008828045151e-01 4.800303487936521396e-01
3.446900439100683000e-01 4.800279838577926617e-01
3.448341323412204562e-01 4.800256157398030132e-01
3.449782663213020184e-01 4.800232445185110275e-01
3.451224460204049826e-01 4.800208702606513222e-01
3.452666717622967507e-01 4.800184930225354640e-01
3.454109435776672177e-01 4.800161128511707398e-01
3.455552614971292291e-01 4.800137297863043551e-01
3.456996255512209126e-01 4.800113438614651562e-01
3.458440357704335999e-01 4.800089551048560832e-01
3.459884921857559470e-01 4.800065635401186692e-01
3.461329948180101868e-01 4.800041691869871285e-01
3.462775436874314661e-01 4.800017720618748873e-01
3.464221388080009900e-01 4.799993721783533118e-01
3.465667802107254003e-01 4.799969695475760911e-01
3.467114679265801969e-01 4.799945642976852223e-01
3.468562019711449174e-01 4.799921564854101041e-01
3.470009823700136442e-01 4.799897462344112076e-01
3.471458091529674439e-01 4.799873335196198632e-01
3.472906823498441153e-01 4.799849182765597022e-01
3.474356019906393866e-01 4.799825002500824889e-01
3.475805681059978003e-01 4.799800794381990365e-01
3.477255807265695609e-01 4.799776558943371074e-01
3.478706395697429010e-01 4.799752299391762955e-01
3.480157446095906715e-01 4.799728015411285353e-01
3.481608958729400793e-01 4.799703705997320768e-01
3.483060935400039693e-01 4.799679369679643037e-01
3.484513378291964059e-01 4.799655006833998261e-01
3.485966286632620204e-01 4.799630617198540894e-01
3.487419659456713616e-01 4.799606200329268879e-01
3.488873496559625753e-01 4.799581755976206621e-01
3.490327799398372233e-01 4.799557283942519348e-01
3.491782567344918209e-01 4.799532784973154498e-01
3.493237802107918566e-01 4.799508261717799207e-01
3.494693503956577962e-01 4.799483713686292785e-01
3.496149673161206284e-01 4.799459140455228923e-01
3.497606309706891015e-01 4.799434541658117448e-01
3.499063410432878829e-01 4.799409916977779300e-01
3.500520975609455743e-01 4.799385266147108142e-01
3.501979005507405152e-01 4.799360588933024863e-01
3.503437500397968973e-01 4.799335885131478796e-01
3.504896460552659465e-01 4.799311155396816519e-01
3.506355886409198708e-01 4.799286400935168784e-01
3.507815779227406172e-01 4.799261620907991910e-01
3.509276139281857221e-01 4.799236814968658171e-01
3.510736966847891605e-01 4.799211982672403343e-01
3.512198262201857157e-01 4.799187124772554269e-01
3.513660025617718063e-01 4.799162243079064250e-01
3.515122257364139968e-01 4.799137333822153795e-01
3.516584958496682400e-01 4.799112396467147823e-01
3.518048127483597853e-01 4.799087430976340385e-01
3.519511764602248904e-01 4.799062437351950816e-01
3.520975870143018271e-01 4.799037415554525676e-01
3.522440444396225945e-01 4.799012365491758803e-01
3.523905487797988068e-01 4.798987287175386918e-01
3.525371000225553941e-01 4.798962180609150918e-01
3.526836979105840153e-01 4.798937045791429878e-01
3.528303424719433923e-01 4.798911882722434186e-01
3.529770337346803677e-01 4.798886691396472282e-01
3.531237716185109954e-01 4.798861471789943600e-01
3.532705559545837315e-01 4.798836223869331064e-01
3.534173870534178530e-01 4.798810947629587043e-01
3.535642651684964832e-01 4.798785642498586412e-01
3.537111903289331116e-01 4.798760309809396163e-01
3.538581626305998817e-01 4.798734950863095539e-01
3.540051822812350646e-01 4.798709566373342561e-01
3.541522493087018164e-01 4.798684155551152797e-01
3.542993635197809188e-01 4.798658717231296111e-01
3.544465251397196370e-01 4.798633253828526457e-01
3.545937341960079814e-01 4.798607766380109108e-01
3.547409907158159958e-01 4.798582254161507521e-01
3.548882947264954679e-01 4.798556716551090062e-01
3.550356460103291090e-01 4.798531151656928451e-01
3.551830445490696819e-01 4.798505557609009098e-01
3.553304903715630014e-01 4.798479934439149330e-01
3.554779836667589787e-01 4.798454279034985448e-01
3.556255242230993985e-01 4.798428591755708461e-01
3.557731121525911089e-01 4.798402873004726787e-01
3.559207476232221223e-01 4.798377122841662734e-01
3.560684308599347814e-01 4.798351341224705857e-01
3.562161620498476844e-01 4.798325528980955657e-01
3.563639412065088274e-01 4.798299686404267628e-01
3.565117682556060430e-01 4.798273813654529429e-01
3.566596431791718147e-01 4.798247910863772669e-01
3.568075659656635978e-01 4.798221978138856314e-01
3.569555366441251043e-01 4.798196015565097672e-01
3.571035552435658511e-01 4.798170023208413459e-01
3.572516217929623816e-01 4.798144000757859073e-01
3.573997363213732847e-01 4.798117945750360880e-01
3.575478988585609752e-01 4.798091857545871974e-01
3.576961094344726089e-01 4.798065735099329987e-01
3.578443680793538806e-01 4.798039579117517328e-01
3.579926748298274397e-01 4.798013390395574063e-01
3.581410296445500796e-01 4.797987168588457307e-01
3.582894325231674726e-01 4.797960914213792449e-01
3.584378835052871581e-01 4.797934627704089627e-01
3.585863826393908549e-01 4.797908309136161287e-01
3.587349299639015499e-01 4.797881958753555942e-01
3.588835255082985509e-01 4.797855576858469084e-01
3.590321693019735694e-01 4.797829163699959820e-01
3.591808613742417111e-01 4.797802719482091582e-01
3.593296017543587406e-01 4.797776245295629627e-01
3.594783904712519074e-01 4.797749744136531325e-01
3.596272275549139419e-01 4.797723215540581343e-01
3.597761130362069903e-01 4.797696659469451452e-01
3.599250469292818999e-01 4.797670076730128352e-01
3.600740292371548135e-01 4.797643466758861885e-01
3.602230600055920662e-01 4.797616828105736309e-01
3.603721392686619618e-01 4.797590158657958903e-01
3.605212670853036316e-01 4.797563458474258802e-01
3.606704437943954455e-01 4.797536728544326001e-01
3.608196694521033643e-01 4.797509968785248491e-01
3.609689440885166523e-01 4.797483179034831569e-01
3.611182676327844288e-01 4.797456356673046041e-01
3.612676398661442967e-01 4.797429501598068913e-01
3.614170607501251409e-01 4.797402614133867149e-01
3.615665300868852183e-01 4.797375694548913216e-01
3.617160479014481234e-01 4.797348743069363985e-01
3.618656142239747853e-01 4.797321759879247804e-01
3.620152290845811138e-01 4.797294745126839954e-01
3.621648924713263829e-01 4.797267698925040680e-01
3.623146043907448099e-01 4.797240621371817726e-01
3.624643649576295701e-01 4.797213512699454729e-01
3.626141743100197989e-01 4.797186372928965437e-01
3.627640324777276493e-01 4.797159202073973394e-01
3.629139395506573718e-01 4.797132000138778496e-01
3.630638956967722208e-01 4.797104769370323929e-01
3.632139008619404419e-01 4.797077510117752075e-01
3.633639551402506607e-01 4.797050221549375437e-01
3.635140585340272956e-01 4.797022903251736414e-01
3.636642110716011289e-01 4.796995554972952602e-01
3.638144127993276911e-01 4.796968176496487213e-01
3.639646638525307343e-01 4.796940768051355941e-01
3.641149644264335405e-01 4.796913329402398007e-01
3.642653146986488677e-01 4.796885860339374363e-01
3.644157146983417195e-01 4.796858360994253334e-01
3.645661644546516755e-01 4.796830833563940910e-01
3.647166639960609524e-01 4.796803279074522974e-01
3.648672133507521731e-01 4.796775697358227064e-01
3.650178125469704105e-01 4.796748087466717325e-01
3.651684616132782613e-01 4.796720449811423537e-01
3.653191607850326261e-01 4.796692783719591624e-01
3.654699101019001084e-01 4.796665086299058967e-01
3.656207093198263203e-01 4.796637356632704741e-01
3.657715584979875367e-01 4.796609595634543921e-01
3.659224576659902972e-01 4.796581803782632991e-01
3.660734066579470203e-01 4.796553980878786039e-01
3.662244054520428227e-01 4.796526126754755981e-01
3.663754540742956700e-01 4.796498241263146833e-01
3.665265525174860595e-01 4.796470324263474305e-01
3.666777008410589955e-01 4.796442375218040732e-01
3.668288993669209241e-01 4.796414391522141885e-01
3.669801481259982179e-01 4.796386374017306831e-01
3.671314471489721121e-01 4.796358323509116173e-01
3.672827964662833122e-01 4.796330240186146843e-01
3.674341961072082330e-01 4.796302124104753206e-01
3.675856459423185729e-01 4.796273978222858614e-01
3.677371459650479180e-01 4.796245800905684087e-01
3.678886962037667407e-01 4.796217591256447532e-01
3.680402966861588410e-01 4.796189349214663444e-01
3.681919473768464623e-01 4.796161074721937978e-01
3.683436483038666776e-01 4.796132766678807280e-01
3.684953994956290391e-01 4.796104424043679537e-01
3.686472009809002581e-01 4.796076047093218442e-01
3.687990527883623360e-01 4.796047636051535279e-01
3.689509549466333804e-01 4.796019191098657153e-01
3.691029074842787638e-01 4.795990712427674052e-01
3.692549102476510026e-01 4.795962200165332923e-01
3.694069630858963782e-01 4.795933654448172878e-01
3.695590660976515451e-01 4.795905075670211515e-01
3.697112193852874484e-01 4.795876463819038205e-01
3.698634229783621108e-01 4.795847819848484406e-01
3.700156767569203198e-01 4.795819141501144744e-01
3.701679806640574832e-01 4.795790428946926642e-01
3.703203347300167425e-01 4.795761682730178554e-01
3.704727389848495034e-01 4.795732902515041363e-01
3.706251933767404361e-01 4.795704085637892966e-01
3.707776979183198818e-01 4.795675232617362949e-01
3.709302526456094706e-01 4.795646343879921281e-01
3.710828578514324683e-01 4.795617419774152457e-01
3.712355135946218687e-01 4.795588461763895527e-01
3.713882199052905841e-01 4.795559471708494281e-01
3.715409768128788981e-01 4.795530449313694654e-01
3.716937843469199088e-01 4.795501396382468307e-01
3.718466425076222270e-01 4.795472313660925079e-01
3.719995513183480540e-01 4.795443199937796108e-01
3.721525108075635635e-01 4.795414054712296981e-01
3.723055209294816037e-01 4.795384878223883929e-01
3.724585818217560629e-01 4.795355670157643857e-01
3.726116936721471928e-01 4.795326430091640391e-01
3.727648565893962318e-01 4.795297159123150244e-01
3.729180706027556136e-01 4.795267857568870640e-01
3.730713357413458775e-01 4.795238524812626690e-01
3.732246521004699558e-01 4.795209159718066272e-01
3.733780198145379980e-01 4.795179760286485404e-01
3.735314389152437631e-01 4.795150326223526216e-01
3.736849091993098559e-01 4.795120857322699437e-01
3.738384302627695832e-01 4.795091357565279266e-01
3.739920021706865660e-01 4.795061826611964895e-01
3.741456249713103199e-01 4.795032263908161063e-01
3.742992986837941349e-01 4.795002668976365290e-01
3.744530233375627515e-01 4.794973041413052028e-01
3.746067989621642558e-01 4.794943378571575043e-01
3.747606255880848725e-01 4.794913679889851177e-01
3.749145032460010629e-01 4.794883945551760562e-01
3.750684320242675951e-01 4.794854175702483734e-01
3.752224119791536250e-01 4.794824370453040219e-01
3.753764431404855162e-01 4.794794530483318939e-01
3.755305255391969133e-01 4.794764657721362067e-01
3.756846595573078429e-01 4.794734751801323913e-01
3.758388452474900610e-01 4.794704812748751266e-01
3.759930825558996936e-01 4.794674840779331038e-01
3.761473713400442787e-01 4.794644831735364043e-01
3.763017116324079980e-01 4.794614785399068935e-01
3.764561034848956655e-01 4.794584702101383766e-01
3.766105468510855814e-01 4.794554582108691565e-01
3.767650417292347509e-01 4.794524425636994547e-01
3.769195881516483326e-01 4.794494232535364553e-01
3.770741861506810011e-01 4.794464001598132130e-01
3.772288357078493193e-01 4.794433733210791138e-01
3.773835366779714207e-01 4.794403427687080055e-01
3.775382890940729430e-01 4.794373085285415503e-01
3.776930930345436810e-01 4.794342706124881115e-01
3.778479484735404181e-01 4.794312288941608435e-01
3.780028552972640177e-01 4.794281834324729541e-01
3.781578132644570767e-01 4.794251342782391290e-01
3.783128224052282329e-01 4.794220815576383798e-01
3.784678827491846365e-01 4.794190251290382232e-01
3.786229943264509124e-01 4.794159648803332230e-01
3.787781571675578607e-01 4.794129008495599531e-01
3.789333713180859653e-01 4.794098330965971266e-01
3.790886367330812967e-01 4.794067620695116605e-01
3.792439534734589057e-01 4.794036876787710622e-01
3.793993215675362518e-01 4.794006098803542670e-01
3.795547410437912217e-01 4.793975286359434818e-01
3.797102121313527534e-01 4.793944439130454205e-01
3.798657347333205814e-01 4.793913556832899991e-01
3.800213088807214423e-01 4.793882639228619902e-01
3.801769346046791065e-01 4.793851686361295106e-01
3.803326119358816926e-01 4.793820698015382464e-01
3.804883411287841577e-01 4.793789673554832431e-01
3.806441222386576784e-01 4.793758612881946490e-01
3.807999553495201028e-01 4.793727516549437517e-01
3.809558405038326878e-01 4.793696385640214275e-01
3.811117777378848492e-01 4.793665218359045577e-01
3.812677670874475844e-01 4.793634013285774098e-01
3.814238085967204261e-01 4.793602771781930727e-01
3.815799022970812193e-01 4.793571493769002156e-01
3.817360482199967375e-01 4.793540179723032035e-01
3.818922463967938108e-01 4.793508831832915540e-01
3.820484968594912711e-01 4.793477449538269264e-01
3.822047996405976700e-01 4.793446032368370302e-01
3.823611547710414338e-01 4.793414579926534858e-01
3.825175622930799824e-01 4.793383091870165313e-01
3.826740222570408911e-01 4.793351567879073905e-01
3.828305346696987410e-01 4.793320003732602363e-01
3.829870995346772444e-01 4.793288399299351910e-01
3.831437168864903486e-01 4.793256755109098211e-01
3.833003867595025094e-01 4.793225071590118680e-01
3.834571091157689682e-01 4.793193349154266092e-01
3.836138842038256946e-01 4.793161586693504561e-01
3.837707122829288053e-01 4.793129784727376275e-01
3.839275934447667349e-01 4.793097943173401654e-01
3.840845276733667601e-01 4.793066061427088131e-01
3.842415149792233753e-01 4.793034137899464531e-01
3.843985553958196300e-01 4.793002173230626606e-01
3.845556488508134474e-01 4.792970170049168921e-01
3.847127953474659412e-01 4.792938128474709125e-01
3.848699949169152035e-01 4.792906047429569272e-01
3.850272476947645406e-01 4.792873925305721761e-01
3.851845539027921039e-01 4.792841762657975013e-01
3.853419135368420512e-01 4.792809559926627938e-01
3.854993263839108231e-01 4.792777317466135334e-01
3.856567926940535074e-01 4.792745035568104495e-01
3.858143126038049986e-01 4.792712714455135692e-01
3.859718861460844641e-01 4.792680354297286782e-01
3.861295133537858693e-01 4.792647955225280421e-01
3.862871942597859709e-01 4.792615517341230480e-01
3.864449288969573626e-01 4.792583040965433527e-01
3.866027172980766036e-01 4.792550526100252117e-01
3.867605594959566129e-01 4.792517972738574161e-01
3.869184555234533307e-01 4.792485380865489364e-01
3.870764054134658849e-01 4.792452750459664235e-01
3.872344091989438075e-01 4.792420081494477846e-01
3.873924670806258019e-01 4.792387375594552301e-01
3.875505790874305689e-01 4.792354634137486191e-01
3.877087449683794262e-01 4.792321858167901683e-01
3.878669647512881791e-01 4.792289046701370125e-01
3.880252384471902238e-01 4.792256199043900544e-01
3.881835661102600032e-01 4.792223313952554964e-01
3.883419477896951078e-01 4.792190391137427508e-01
3.885003835147264328e-01 4.792157430351200453e-01
3.886588730296390848e-01 4.792124431382212002e-01
3.888174163379941595e-01 4.792091394059030951e-01
3.889760134719310591e-01 4.792058316936989026e-01
3.891346645119548309e-01 4.792025198115417717e-01
3.892933695087065216e-01 4.791992037298858920e-01
3.894521284217447588e-01 4.791958834835404746e-01
3.896109411071648765e-01 4.791925590094452403e-01
3.897698076589349858e-01 4.791892303513312079e-01
3.899287282892913153e-01 4.791858976021391436e-01
3.900877030979004179e-01 4.791825609004075059e-01
3.902467321194521555e-01 4.791792202434984604e-01
3.904058154138990711e-01 4.791758756435057776e-01
3.905649530175889228e-01 4.791725271039883882e-01
3.907241449625247220e-01 4.791691746165193666e-01
3.908833910600291728e-01 4.791658181605955580e-01
3.910426915278969462e-01 4.791624577176654687e-01
3.912020464003804210e-01 4.791590932861150010e-01
3.913614557116905646e-01 4.791557248613192987e-01
3.915209194006476490e-01 4.791523524100511078e-01
3.916804372930843270e-01 4.791489758586346959e-01
3.918400093757819502e-01 4.791455950124312579e-01
3.919996356796593973e-01 4.791422099118491373e-01
3.921593162410610955e-01 4.791388205732387551e-01
3.923190511493565014e-01 4.791354268540108374e-01
3.924788404425001986e-01 4.791320288067965616e-01
3.926386841547603312e-01 4.791286264596408828e-01
3.927985823900161932e-01 4.791252199438397752e-01
3.929585353255839464e-01 4.791218092948002494e-01
3.931185430005674775e-01 4.791183945993158222e-01
3.932786055919440527e-01 4.791149758862150443e-01
3.934387232505714982e-01 4.791115530849246462e-01
3.935988960167167705e-01 4.791081261956094406e-01
3.937591238748799904e-01 4.791046952205088028e-01
3.939194068578361074e-01 4.791012601606853827e-01
3.940797449983095557e-01 4.790978210161272455e-01
3.942401383289828587e-01 4.790943777326296948e-01
3.944005868884992716e-01 4.790909303414092602e-01
3.945610907201734241e-01 4.790874788871410384e-01
3.947216497467309626e-01 4.790840233381447044e-01
3.948822639951775626e-01 4.790805636969342474e-01
3.950429334988234120e-01 4.790771002123790923e-01
3.952036584532000463e-01 4.790736330051709180e-01
3.953644389882256527e-01 4.790701620141175621e-01
3.955252751392542288e-01 4.790666871731179000e-01
3.956861669402370052e-01 4.790632084197581353e-01
3.958471144265556241e-01 4.790597257035933421e-01
3.960081176314341755e-01 4.790562389843023849e-01
3.961691765887648820e-01 4.790527479587546322e-01
3.963302913539416550e-01 4.790492526388814287e-01
3.964914619494677162e-01 4.790457531346497544e-01
3.966526884064652259e-01 4.790422494642245788e-01
3.968139708818905764e-01 4.790387415842026764e-01
3.969753093798564780e-01 4.790352295357833134e-01
3.971367037690318735e-01 4.790317133536392546e-01
3.972981539968624132e-01 4.790281930213389772e-01
3.974596600969756977e-01 4.790246685124447401e-01
3.976212221031140137e-01 4.790211398166990264e-01
3.977828400490527883e-01 4.790176068986626845e-01
3.979445138688075811e-01 4.790140698239775952e-01
3.981062434107345283e-01 4.790105285758129439e-01
3.982680286621093635e-01 4.790069830992392808e-01
3.984298694417379716e-01 4.790034336376668977e-01
3.985917657829354255e-01 4.789998801675551254e-01
3.987537177177720160e-01 4.789963226383507355e-01
3.989157252785549002e-01 4.789927610051448736e-01
3.990777884983344737e-01 4.789891952327274827e-01
3.992399075940766262e-01 4.789856252911461332e-01
3.994020824158582283e-01 4.789820511552783100e-01
3.995643129672422633e-01 4.789784728043989803e-01
3.997265992712896177e-01 4.789748902351648741e-01
3.998889413624795441e-01 4.789713033803266740e-01
4.000513392756329667e-01 4.789677122340993964e-01
4.002137928750517659e-01 4.789641166050653265e-01
4.003763021150055224e-01 4.789605164901724055e-01
4.005388670309704136e-01 4.789569119356076321e-01
4.007014875714932645e-01 4.789533029623408988e-01
4.008641635435930550e-01 4.789496895862742631e-01
4.010268951696906448e-01 4.789460718198652045e-01
4.011896824917309812e-01 4.789424496748997950e-01
4.013525255441105499e-01 4.789388231792356954e-01
4.015154243536903089e-01 4.789351923330301686e-01
4.016783789019537920e-01 4.789315573102230217e-01
4.018413891686017370e-01 4.789279181033833654e-01
4.020044551866413518e-01 4.789242745860999295e-01
4.021675769897185004e-01 4.789206266211517571e-01
4.023307546121849265e-01 4.789169742334505875e-01
4.024939880882484888e-01 4.789133176380183099e-01
4.026572774509842301e-01 4.789096567769395851e-01
4.028206227337511880e-01 4.789059914281150188e-01
4.029840239758931686e-01 4.789023215516948762e-01
4.031474812161307542e-01 4.788986471741284445e-01
4.033109946325245110e-01 4.788949683082392994e-01
4.034745645629375099e-01 4.788912849622377066e-01
4.036381911754723939e-01 4.788875972842404627e-01
4.038018744966655471e-01 4.788839054266575967e-01
4.039656145302700785e-01 4.788802093568299001e-01
4.041294113924384090e-01 4.788765090253866430e-01
4.042932651899631691e-01 4.788728044096634551e-01
4.044571760807070815e-01 4.788690954799962873e-01
4.046211440971438922e-01 4.788653821977305602e-01
4.047851692696669557e-01 4.788616645670292771e-01
4.049492516171593337e-01 4.788579426664417715e-01
4.051133911722638037e-01 4.788542162481237985e-01
4.052775877680718786e-01 4.788504853032262143e-01
4.054418413625463513e-01 4.788467497984705834e-01
4.056061519892847911e-01 4.788430095452627100e-01
4.057705198151135284e-01 4.788392645939224535e-01
4.059349449159457279e-01 4.788355149748874662e-01
4.060994272637207247e-01 4.788317607094508821e-01
4.062639668859567288e-01 4.788280018133848626e-01
4.064285638746896190e-01 4.788242383600457286e-01
4.065932184191993204e-01 4.788204703726898770e-01
4.067579304206028756e-01 4.788166978365976933e-01
4.069226998042326793e-01 4.788129207392762265e-01
4.070875266994857800e-01 4.788091391560917454e-01
4.072524111983130135e-01 4.788053531513148386e-01
4.074173535051920925e-01 4.788015626811040204e-01
4.075823537010062614e-01 4.787977677083810613e-01
4.077474118008311832e-01 4.787939682047450130e-01
4.079125276644468556e-01 4.787901641483533477e-01
4.080777012149621186e-01 4.787863555161757101e-01
4.082429324846886254e-01 4.787825422890427673e-01
4.084082215059603449e-01 4.787787244503178274e-01
4.085735682099687072e-01 4.787749019854322663e-01
4.087389725151098219e-01 4.787710748901157776e-01
4.089044344528287023e-01 4.787672429888134018e-01
4.090699540554852409e-01 4.787634061883581094e-01
4.092355313558883045e-01 4.787595645797642074e-01
4.094011662898106030e-01 4.787557181851889720e-01
4.095668587521195669e-01 4.787518670202245419e-01
4.097326087613393786e-01 4.787480110973030278e-01
4.098984164491717985e-01 4.787441504292655470e-01
4.100642819712094211e-01 4.787402852480653337e-01
4.102302053573891327e-01 4.787364153428042557e-01
4.103961866387644264e-01 4.787325407107480002e-01
4.105622259681411812e-01 4.787286611886759080e-01
4.107283233778264431e-01 4.787247767502749163e-01
4.108944789915224272e-01 4.787208875090682714e-01
4.110606930961103189e-01 4.787169935635377516e-01
4.112269655891415687e-01 4.787130949934505497e-01
4.113932963864010972e-01 4.787091918660083545e-01
4.115596855192714121e-01 4.787052841290787009e-01
4.117261330193141000e-01 4.787013717401165658e-01
4.118926389404659605e-01 4.786974546641393768e-01
4.120592034105087786e-01 4.786935328720127725e-01
4.122258264624616420e-01 4.786896063400986612e-01
4.123925081017651983e-01 4.786856748960415242e-01
4.125592483035686042e-01 4.786817385355473520e-01
4.127260471379305407e-01 4.786777972722530139e-01
4.128929046402799452e-01 4.786738510803716928e-01
4.130598208002725369e-01 4.786699000090550715e-01
4.132267956516817442e-01 4.786659442210578486e-01
4.133938292401277970e-01 4.786619837389670673e-01
4.135609214775560205e-01 4.786580185192537140e-01
4.137280723938997484e-01 4.786540484238829829e-01
4.138952820198201765e-01 4.786500734266059820e-01
4.140625503860189682e-01 4.786460935344181156e-01
4.142298775178340775e-01 4.786421087432394805e-01
4.143972634012064726e-01 4.786381190857179058e-01
4.145647080662974715e-01 4.786341247036400293e-01
4.147322115423335842e-01 4.786301255670438737e-01
4.148997737257040241e-01 4.786261216722571543e-01
4.150673946559211291e-01 4.786221129762771587e-01
4.152350744058873611e-01 4.786180994439067082e-01
4.154028131349844499e-01 4.786140810273372126e-01
4.155706109752742572e-01 4.786100576875990109e-01
4.157384680346696282e-01 4.786060294102879586e-01
4.159063841536675410e-01 4.786019960973459941e-01
4.160743591627376059e-01 4.785979576887651743e-01
4.162423930955985174e-01 4.785939142052048623e-01
4.164104859857295504e-01 4.785898658155978702e-01
4.165786378654240396e-01 4.785858124893836996e-01
4.167468487761004092e-01 4.785817540732770770e-01
4.169151186123973840e-01 4.785776904268311815e-01
4.170834473797600528e-01 4.785736216214673822e-01
4.172518352173099632e-01 4.785695476722383601e-01
4.174202822664779822e-01 4.785654685558370369e-01
4.175887885591674231e-01 4.785613842983204025e-01
4.177573541269978818e-01 4.785572949184304647e-01
4.179259790013558629e-01 4.785532004294142938e-01
4.180946632208745739e-01 4.785491008610563424e-01
4.182634068943464345e-01 4.785449962877844077e-01
4.184322100628899976e-01 4.785408865892073482e-01
4.186010725899295681e-01 4.785367717696365486e-01
4.187699945256153633e-01 4.785326518380703664e-01
4.189389757713801177e-01 4.785285267960294742e-01
4.191080163566373029e-01 4.785243966427902285e-01
4.192771163492959308e-01 4.785202613772076008e-01
4.194462757924349305e-01 4.785161209974722052e-01
4.196154947560425397e-01 4.785119755037929856e-01
4.197847734083777205e-01 4.785078248889743091e-01
4.199541118615614521e-01 4.785036691451780011e-01
4.201235103149823513e-01 4.784995082643802022e-01
4.202929688955337473e-01 4.784953422379135124e-01
4.204624876488056717e-01 4.784911710570194932e-01
4.206320666151410204e-01 4.784869946851126321e-01
4.208017058445253089e-01 4.784828129341564540e-01
4.209714053607036544e-01 4.784786258368407541e-01
4.211411651820534119e-01 4.784744334028050439e-01
4.213109853426847407e-01 4.784702356609835672e-01
4.214808658722138945e-01 4.784660325503255485e-01
4.216508068023698819e-01 4.784618241313282061e-01
4.218208081385248498e-01 4.784576105501988641e-01
4.219908699157801646e-01 4.784533918747820302e-01
4.221609921384198993e-01 4.784491679574632284e-01
4.223311745764742886e-01 4.784449387950470700e-01
4.225014170746991260e-01 4.784407043850363861e-01
4.226717196648068775e-01 4.784364647250383684e-01
4.228420823515315341e-01 4.784322198266793835e-01
4.230125050613411375e-01 4.784279696840048612e-01
4.231829879077419476e-01 4.784237143401157688e-01
4.233535309895514187e-01 4.784194537396140312e-01
4.235241344195223023e-01 4.784151878730041885e-01
4.236947982241487387e-01 4.784109167309132937e-01
4.238655223485756629e-01 4.784066403045717508e-01
4.240363068196859597e-01 4.784023585861562067e-01
4.242071516680391841e-01 4.783980715680817841e-01
4.243780569243280065e-01 4.783937792009251289e-01
4.245490226196874661e-01 4.783894814797060024e-01
4.247200487884421061e-01 4.783851784073798186e-01
4.248911354756148007e-01 4.783808699805452980e-01
4.250622827126003256e-01 4.783765560149120799e-01
4.252334905447655578e-01 4.783722365224681861e-01
4.254047590211053609e-01 4.783679115639721813e-01
4.255760880449063199e-01 4.783635813012740434e-01
4.257474776171886743e-01 4.783592456835021878e-01
4.259189277706001420e-01 4.783549045964320956e-01
4.260904385387414006e-01 4.783505580814672031e-01
4.262620099544246477e-01 4.783462062877913978e-01
4.264336420480906442e-01 4.783418491248483395e-01
4.266053348561121283e-01 4.783374865822183075e-01
4.267770883950430250e-01 4.783331186502334798e-01
4.269489026268595833e-01 4.783287453199193684e-01
4.271207775733016909e-01 4.783243665831674041e-01
4.272927132541700090e-01 4.783199824068654071e-01
4.274647098727328842e-01 4.783155927057832213e-01
4.276367674495641369e-01 4.783111974815321688e-01
4.278088859181850556e-01 4.783067967750018745e-01
4.279810652280912064e-01 4.783023906429630379e-01
4.281533053791597432e-01 4.782979789833831097e-01
4.283256064057529566e-01 4.782935617279814866e-01
4.284979683061905242e-01 4.782891389029862439e-01
4.286703911116134247e-01 4.782847105012143496e-01
4.288428746437858430e-01 4.782802763249109357e-01
4.290154189232076587e-01 4.782758363693153103e-01
4.291880240033638660e-01 4.782713906807382065e-01
4.293606901055199709e-01 4.782669393810829450e-01
4.295334172522505822e-01 4.782624824818120235e-01
4.297062054936566788e-01 4.782580200221052125e-01
4.298790550488606477e-01 4.782535519810556801e-01
4.300519659550246510e-01 4.782490784256043237e-01
4.302249382397925204e-01 4.782445993582723487e-01
4.303979719107199342e-01 4.782401147408744668e-01
4.305710670055277189e-01 4.782356245456207966e-01
4.307442235603119451e-01 4.782311287200512462e-01
4.309174417044169814e-01 4.782266272739651436e-01
4.310907214848718194e-01 4.782221202122229342e-01
4.312640629414024596e-01 4.782176075034781371e-01
4.314374661150676138e-01 4.782130891413765572e-01
4.316109310439264490e-01 4.782085650980384961e-01
4.317844577485072111e-01 4.782040353351084683e-01
4.319580460278815703e-01 4.781994999611631769e-01
4.321316959464001628e-01 4.781949589458099892e-01
4.323054075409192287e-01 4.781904123391285122e-01
4.324791808466170173e-01 4.781858601990193192e-01
4.326530158965213868e-01 4.781813024997624839e-01
4.328269127232209912e-01 4.781767393327799320e-01
4.330008713464426617e-01 4.781721706796960292e-01
4.331748917749380090e-01 4.781675964894948061e-01
4.333489740415930602e-01 4.781630167481423221e-01
4.335231181793821609e-01 4.781584314133090485e-01
4.336973242216027868e-01 4.781538404473176795e-01
4.338715922018420712e-01 4.781492438162566194e-01
4.340459221539514911e-01 4.781446416108803832e-01
4.342203141109419740e-01 4.781400337865476247e-01
4.343947680242757348e-01 4.781354202894548822e-01
4.345692838145655545e-01 4.781308010872689085e-01
4.347438615160050812e-01 4.781261761638277985e-01
4.349185011628963760e-01 4.781215455048885565e-01
4.350932027635489030e-01 4.781169091132702609e-01
4.352679664566239670e-01 4.781122669920774837e-01
4.354427922590589639e-01 4.781076191141355736e-01
4.356176801352059647e-01 4.781029654602101386e-01
4.357926299275694526e-01 4.780983060177617650e-01
4.359676416441543578e-01 4.780936407976153490e-01
4.361427153066486651e-01 4.780889698058203852e-01
4.363178509670869731e-01 4.780842929281676201e-01
4.364930487930596126e-01 4.780796101160285083e-01
4.366683088054596484e-01 4.780749214022314564e-01
4.368436310369553377e-01 4.780702267985231235e-01
4.370190156644135904e-01 4.780655263081999840e-01
4.371944627583736476e-01 4.780608200024382137e-01
4.373699723529146932e-01 4.780561079238286326e-01
4.375455444745813272e-01 4.780513900299003249e-01
4.377211791264237761e-01 4.780466661897381231e-01
4.378968763653079410e-01 4.780419363181006021e-01
4.380726360849672707e-01 4.780372004400831876e-01
4.382484582505570825e-01 4.780324585911975843e-01
4.384243428674372556e-01 4.780277106917012464e-01
4.386002900684322636e-01 4.780229567473306407e-01
4.387762999644084227e-01 4.780181968022776950e-01
4.389523725887096162e-01 4.780134309606165477e-01
4.391285079617092135e-01 4.780086591982697364e-01
4.393047061106793438e-01 4.780038814907908162e-01
4.394809670646042665e-01 4.779990978112856892e-01
4.396572907372600092e-01 4.779943082624376616e-01
4.398336771535491518e-01 4.779895127878751038e-01
4.400101263458043865e-01 4.779847111947270744e-01
4.401866383481297662e-01 4.779799034840489513e-01
4.403632131944956174e-01 4.779750896764641266e-01
4.405398509018025321e-01 4.779702697857069471e-01
4.407165514785790772e-01 4.779654439007494093e-01
4.408933149456822354e-01 4.779606120636955002e-01
4.410701413132406823e-01 4.779557742406170262e-01
4.412470307495593436e-01 4.779509304046087315e-01
4.414239833085464859e-01 4.779460805319041272e-01
4.416009989404637848e-01 4.779412246110402718e-01
4.417780775646736324e-01 4.779363626275391908e-01
4.419552192124144296e-01 4.779314945653306279e-01
4.421324240391453220e-01 4.779266204101897952e-01
4.423096920824816092e-01 4.779217401981820101e-01
4.424870234461840690e-01 4.779168539557711592e-01
4.426644182425087393e-01 4.779119616468958109e-01
4.428418764955303066e-01 4.779070632429207044e-01
4.430193982365151495e-01 4.779021587581128161e-01
4.431969834963029320e-01 4.778972482649914144e-01
4.433746320407004338e-01 4.778923317733747567e-01
4.435523437789480883e-01 4.778874092228391768e-01
4.437301188172751432e-01 4.778824805667424291e-01
4.439079572797438589e-01 4.778775457684379946e-01
4.440858591939285116e-01 4.778726047976157298e-01
4.442638245891604720e-01 4.778676576966326972e-01
4.444418535757233002e-01 4.778627044534818347e-01
4.446199462058698648e-01 4.778577449080474993e-01
4.447981025082662909e-01 4.778527789361137201e-01
4.449763225114813925e-01 4.778478065736840863e-01
4.451546060568294938e-01 4.778428278442450328e-01
4.453329531809232522e-01 4.778378428296268243e-01
4.455113639322833552e-01 4.778328515818433542e-01
4.456898383367436933e-01 4.778278540737213032e-01
4.458683764200290223e-01 4.778228502436286940e-01
4.460469783237258623e-01 4.778178400150536742e-01
4.462256441023304543e-01 4.778128234936775964e-01
4.464043737813385149e-01 4.778078006002999256e-01
4.465831674513527916e-01 4.778027712558976514e-01
4.467620252103033374e-01 4.777977354459190806e-01
4.469409472151010809e-01 4.777926931718183834e-01
4.471199334926636015e-01 4.777876444436541248e-01
4.472989840251138660e-01 4.777825892270890495e-01
4.474780988063863374e-01 4.777775275839619140e-01
4.476572778475084724e-01 4.777724595452871870e-01
4.478365212817061458e-01 4.777673850982322445e-01
4.480158292171094181e-01 4.777623042301284984e-01
4.481952016776061254e-01 4.777572169286263826e-01
4.483746386867695222e-01 4.777521232365124493e-01
4.485541402671943123e-01 4.777470231418766700e-01
4.487337064411374143e-01 4.777419166840404796e-01
4.489133371937787387e-01 4.777368038311186060e-01
4.490930324070185886e-01 4.777316845477608265e-01
4.492727919334846831e-01 4.777265588073696945e-01
4.494526157857514082e-01 4.777214266271683774e-01
4.496325039834922488e-01 4.777162880240471976e-01
4.498124565602880098e-01 4.777111429603426163e-01
4.499924736434010586e-01 4.777059914066130175e-01
4.501725552054214319e-01 4.777008334033285841e-01
4.503527013412046420e-01 4.776956688118644823e-01
4.505329120276659327e-01 4.776904976314280127e-01
4.507131872250216276e-01 4.776853198335800910e-01
4.508935269530950918e-01 4.776801354865797822e-01
4.510739312685321245e-01 4.776749445937063521e-01
4.512544002559006895e-01 4.776697471320940913e-01
4.514349339409621242e-01 4.776645430941341419e-01
4.516155324186213460e-01 4.776593323844481875e-01
4.517961957053405198e-01 4.776541148724209873e-01
4.519769238186966964e-01 4.776488906000749823e-01
4.521577167751504311e-01 4.776436595900224735e-01
4.523385745902820942e-01 4.776384218160656392e-01
4.525194972794188142e-01 4.776331772917153939e-01
4.527004848570971296e-01 4.776279260092003986e-01
4.528815373423960011e-01 4.776226680214646358e-01
4.530626547713711982e-01 4.776174033256864737e-01
4.532438373185856406e-01 4.776121319170704704e-01
4.534250850650809461e-01 4.776068538251476148e-01
4.536063980238885796e-01 4.776015690840909600e-01
4.537877762263426429e-01 4.775962776593132841e-01
4.539692195951406939e-01 4.775909795541984360e-01
4.541507281420983366e-01 4.775856748230706827e-01
4.543323018839068861e-01 4.775803634191050362e-01
4.545139408517218094e-01 4.775750453573875398e-01
4.546956449902343489e-01 4.775697206074830947e-01
4.548774141492102352e-01 4.775643890242654011e-01
4.550592482398707062e-01 4.775590506135860003e-01
4.552411472689871230e-01 4.775537053778031726e-01
4.554231113084796778e-01 4.775483532787299645e-01
4.556051402975511699e-01 4.775429943350676942e-01
4.557872343948449756e-01 4.775376285652357944e-01
4.559693936740304987e-01 4.775322558745097035e-01
4.561516181497861644e-01 4.775268762010676515e-01
4.563339078302340868e-01 4.775214895755557354e-01
4.565162626954432645e-01 4.775160959793522397e-01
4.566986827208578958e-01 4.775106954212023913e-01
4.568811679118554014e-01 4.775052878912452448e-01
4.570637182876978177e-01 4.774998734247626331e-01
4.572463338966925583e-01 4.774944520218292743e-01
4.574290147542998120e-01 4.774890237134347126e-01
4.576117607943242516e-01 4.774835885538068481e-01
4.577945720774534988e-01 4.774781465872746655e-01
4.579774486586117854e-01 4.774726977810599959e-01
4.581603905613822469e-01 4.774672421000090150e-01
4.583433977660116287e-01 4.774617795335191484e-01
4.585264702167421991e-01 4.774563100094086909e-01
4.587096079328472631e-01 4.774508334588282166e-01
4.588928109329580840e-01 4.774453498920678829e-01
4.590760792160003545e-01 4.774398592645138772e-01
4.592594127244210012e-01 4.774343615669278673e-01
4.594428114548705921e-01 4.774288567559789587e-01
4.596262754522749128e-01 4.774233447867620717e-01
4.598098046735376032e-01 4.774178256390534947e-01
4.599933990737403167e-01 4.774122993482287636e-01
4.601770585820804116e-01 4.774067659190406321e-01
4.603607831809118922e-01 4.774012254085526763e-01
4.605445728054017862e-01 4.773956779176251608e-01
4.607284274296202797e-01 4.773901234357573187e-01
4.609123470498038277e-01 4.773845619405118756e-01
4.610963317067847678e-01 4.773789934142499969e-01
4.612803813304575673e-01 4.773734178421739638e-01
4.614644959071193542e-01 4.773678352864463292e-01
4.616486754420668359e-01 4.773622457076474590e-01
4.618329199080796754e-01 4.773566489881247987e-01
4.620172292457996877e-01 4.773510450747984746e-01
4.622016034776463833e-01 4.773454339801432300e-01
4.623860426257059841e-01 4.773398156980924734e-01
4.625705466920098097e-01 4.773341902421553429e-01
4.627551156776059660e-01 4.773285575166047456e-01
4.629397494748810904e-01 4.773229176392647100e-01
4.631244480161220145e-01 4.773172706419439582e-01
4.633092112083829761e-01 4.773116165139613121e-01
4.634940390057711301e-01 4.773059552372239667e-01
4.636789313701735749e-01 4.773002868195797554e-01
4.638638882997165869e-01 4.772946113053558315e-01
4.640489097731048673e-01 4.772889286404265463e-01
4.642339957468122336e-01 4.772832387722730774e-01
4.644191461898767304e-01 4.772775416811759763e-01
4.646043610990741035e-01 4.772718373167420536e-01
4.647896404648870217e-01 4.772661256690707288e-01
4.649749842393297028e-01 4.772604067752482249e-01
4.651603923956749154e-01 4.772546807089549370e-01
4.653458648857190516e-01 4.772489474179596458e-01
4.655314016883445039e-01 4.772432068668155947e-01
4.657170027743466889e-01 4.772374590452182486e-01
4.659026680790168684e-01 4.772317039333133781e-01
4.660883974858850975e-01 4.772259415427260176e-01
4.662741909697820653e-01 4.772201718674526361e-01
4.664600484775265343e-01 4.772143949114484029e-01
4.666459699922984594e-01 4.772086106734275690e-01
4.668319554812987437e-01 4.772028191120397111e-01
4.670180049302469216e-01 4.771970202602682787e-01
4.672041183172934153e-01 4.771912141328149004e-01
4.673902956064619474e-01 4.771854007125351793e-01
4.675765367715237764e-01 4.771795799775986335e-01
4.677628417849656883e-01 4.771737518842009140e-01
4.679492106316082700e-01 4.771679164405327467e-01
4.681356432913159060e-01 4.771620736474362912e-01
4.683221396681032100e-01 4.771562235061457824e-01
4.685086996751525179e-01 4.771503660324447615e-01
4.686953232767052668e-01 4.771445012260642771e-01
4.688820104644763620e-01 4.771386290587547041e-01
4.690687612186715816e-01 4.771327495295095145e-01
4.692555755179761423e-01 4.771268626349526865e-01
4.694424533395512023e-01 4.771209683701642668e-01
4.696293946548696918e-01 4.771150667148173485e-01
4.698163994204258009e-01 4.771091576386206068e-01
4.700034676102533004e-01 4.771032411636973447e-01
4.701905991611083357e-01 4.770973172891961323e-01
4.703777939772464389e-01 4.770913860318409250e-01
4.705650520145848725e-01 4.770854473548780117e-01
4.707523732291763463e-01 4.770795012500285148e-01
4.709397575685929094e-01 4.770735477129787738e-01
4.711272049933725725e-01 4.770675867195497410e-01
4.713147154623276158e-01 4.770616182771029723e-01
4.715022889198458578e-01 4.770556423594856654e-01
4.716899252891424421e-01 4.770496589711178959e-01
4.718776245046823470e-01 4.770436680952510056e-01
4.720653864793112331e-01 4.770376697174913416e-01
4.722532111585254766e-01 4.770316638425741718e-01
4.724410984808005698e-01 4.770256504797997232e-01
4.726290483716337754e-01 4.770196296232868671e-01
4.728170607505837175e-01 4.770136012664675795e-01
4.730051355335660457e-01 4.770075654147379329e-01
4.731932726433151215e-01 4.770015220369042130e-01
4.733814719834649187e-01 4.769954711389794433e-01
4.735697334763977473e-01 4.769894127232513492e-01
4.737580570242160283e-01 4.769833468114736963e-01
4.739464425229393818e-01 4.769772734384745694e-01
4.741348898818681379e-01 4.769711926210184472e-01
4.743233989878467560e-01 4.769651043466411333e-01
4.745119697280176796e-01 4.769590085676458924e-01
4.747006019951008349e-01 4.769529052504326572e-01
4.748892956712838509e-01 4.769467943773528229e-01
4.750780506356986899e-01 4.769406759412580521e-01
4.752668667660929769e-01 4.769345499385693743e-01
4.754557439343581327e-01 4.769284163581101188e-01
4.756446820123045316e-01 4.769222751789492509e-01
4.758336808657976924e-01 4.769161263823200603e-01
4.760227403504416754e-01 4.769099699879120191e-01
4.762118603159070651e-01 4.769038059912866223e-01
4.764010406047196611e-01 4.768976343847238786e-01
4.765902810519909716e-01 4.768914551397478441e-01
4.767795814857217485e-01 4.768852682583006319e-01
4.769689417255415509e-01 4.768790737401680802e-01
4.771583615824032121e-01 4.768728715679275698e-01
4.773478408587177868e-01 4.768666617430281640e-01
4.775373793473687845e-01 4.768604442706783630e-01
4.777269768311505627e-01 4.768542191558119425e-01
4.779166330822983144e-01 4.768479863968176913e-01
4.781063478622072371e-01 4.768417459894979671e-01
4.782961209209947717e-01 4.768354979356170809e-01
4.784859519967569752e-01 4.768292422352653492e-01
4.786758408150411648e-01 4.768229788875267272e-01
4.788657870882520595e-01 4.768167078924477886e-01
4.790557905149709916e-01 4.768104292496850860e-01
4.792458507792702882e-01 4.768041429590738067e-01
4.794359675499602624e-01 4.767978490219264565e-01
4.796261404797617645e-01 4.767915474248684005e-01
4.798163692049817186e-01 4.767852381740868006e-01
4.800066533439469318e-01 4.767789212939388399e-01
4.801969924953798374e-01 4.767725968270110637e-01
4.803873862366817571e-01 4.767662647554477551e-01
4.805778341250369623e-01 4.767599250695739865e-01
4.807683356959832066e-01 4.767535777421156307e-01
4.809588904628718797e-01 4.767472228010655177e-01
4.811494979134726679e-01 4.767408603012380786e-01
4.813401575074723882e-01 4.767344902049192035e-01
4.815308686785305659e-01 4.767281125071628489e-01
4.817216308314290485e-01 4.767217272145938267e-01
4.819124433398869201e-01 4.767153343383754294e-01
4.821033055445073656e-01 4.767089338952980038e-01
4.822942167505395172e-01 4.767025258930041032e-01
4.824851762260840005e-01 4.766961103420270796e-01
4.826761831996543850e-01 4.766896872551950048e-01
4.828672368575745444e-01 4.766832566473073740e-01
4.830583363411892206e-01 4.766768185349670728e-01
4.832494807438598716e-01 4.766703729365161513e-01
4.834406691077379747e-01 4.766639198720368231e-01
4.836319004202533911e-01 4.766574593633963741e-01
4.838231736103180691e-01 4.766509914343236010e-01
4.840144875442277117e-01 4.766445161007047404e-01
4.842058410303564653e-01 4.766380333780957379e-01
4.843972327992295268e-01 4.766315433531645995e-01
4.845886614988605956e-01 4.766250460458283378e-01
4.847801256948297555e-01 4.766185414598976267e-01
4.849716238649793287e-01 4.766120296427021064e-01
4.851631543905336463e-01 4.766055106349867398e-01
4.853547155490425258e-01 4.765989844992845614e-01
4.855463055083252821e-01 4.765924513035030285e-01
4.857379223183857508e-01 4.765859110745656602e-01
4.859295638915780979e-01 4.765793638571195756e-01
4.861212279988854634e-01 4.765728097040208833e-01
4.863129122575751140e-01 4.765662486751554572e-01
4.865046141178210326e-01 4.765596808368854909e-01
4.866963308477948447e-01 4.765531062618986735e-01
4.868880595172048742e-01 4.765465250055125335e-01
4.870797969805026884e-01 4.765399371624509106e-01
4.872715398546346166e-01 4.765333428323775822e-01
4.874632844965028911e-01 4.765267421309950513e-01
4.876550269770820734e-01 4.765201351699418497e-01
4.878467630538259603e-01 4.765135220636647073e-01
4.880384881292936239e-01 4.765069029430612502e-01
4.882301972337022566e-01 4.765002779464140859e-01
4.884218849865478718e-01 4.764936472513158217e-01
4.886135455286749751e-01 4.764870110182903296e-01
4.888051724834773237e-01 4.764803694132928591e-01
4.889967589051522623e-01 4.764737226241704815e-01
4.891882971943570801e-01 4.764670708410900235e-01
4.893797790322101937e-01 4.764604142993522640e-01
4.895711952905715814e-01 4.764537532680602205e-01
4.897625359300687431e-01 4.764470880429633182e-01
4.899537898833908889e-01 4.764404189349740748e-01
4.901449449236212064e-01 4.764337462805743328e-01
4.903359875118684097e-01 4.764270704547871604e-01
4.905269026094749019e-01 4.764203918746945932e-01
4.907176734606081281e-01 4.764137110254648699e-01
4.909082813419823332e-01 4.764070284162563729e-01
4.910987052768535088e-01 4.764003446143524889e-01
4.912889216847796114e-01 4.763936602556348432e-01
4.914789039914585489e-01 4.763869760721984314e-01
4.916686221278958047e-01 4.763802928952990401e-01
4.918580419552844307e-01 4.763736116174698831e-01
4.920471245996601573e-01 4.763669332872911277e-01
4.922358256252714614e-01 4.763602591048817780e-01
4.924240940631170460e-01 4.763535904401758336e-01
4.926118712789393506e-01 4.763469288278989744e-01
4.927990896063774717e-01 4.763402760284022319e-01
4.929856707780736480e-01 4.763336340730693896e-01
4.931715240852693749e-01 4.763270053340109000e-01
4.933565443041433851e-01 4.763203925347211931e-01
4.935406094276442168e-01 4.763137988053314786e-01
4.937235783029274572e-01 4.763072278286197281e-01
4.939052883558143203e-01 4.763006838431371182e-01
4.940855537628178196e-01 4.762941717519284524e-01
4.942641645253060267e-01 4.762876972048782354e-01
4.944408870575401904e-01 4.762812666142636209e-01
4.946154669477483834e-01 4.762748872410595413e-01
4.947876343474145178e-01 4.762685671582425617e-01
4.949571120550062542e-01 4.762623151372318842e-01
4.951236256992514462e-01 4.762561404956470734e-01
4.952869147613550571e-01 4.762500528628155760e-01
4.954467428309182186e-01 4.762440618391258762e-01
4.956029056504338559e-01 4.762381766795844018e-01
4.957552360676676373e-01 4.762324059853735858e-01
4.959036057992114443e-01 4.762267574361808697e-01
4.960479244976788160e-01 4.762212375894042671e-01
4.961881368993580343e-01 4.762158517967138294e-01
4.963242188808324462e-01 4.762106041640383203e-01
4.964561730874528234e-01 4.762054976244277094e-01
4.965840245909710071e-01 4.762005340108237950e-01
4.967078168506163793e-01 4.761957141555611672e-01
4.968276081457120852e-01 4.761910380228270845e-01
4.969434684754414633e-01 4.761865048472049278e-01
4.970554769294867614e-01 4.761821132527574996e-01
4.971637194900831447e-01 4.761778613601197474e-01
4.972682872176069080e-01 4.761737468809806306e-01
4.973692747525803592e-01 4.761697671994921666e-01
4.974667790943160250e-01 4.761659194461931310e-01
4.975608986099631093e-01 4.761622005706236394e-01
4.976517322197754334e-01 4.761586073875158087e-01
4.977393787430705041e-01 4.761551366116543171e-01
4.978239363785221250e-01 4.761517849005174607e-01
4.979055022798395957e-01 4.761485488715463954e-01
4.979841722235969215e-01 4.761454251448853925e-01
4.980600403401233001e-01 4.761424103513543504e-01
4.981331989117130932e-01 4.761395011469508054e-01
4.982037382158636674e-01 4.761366942279503522e-01
4.982717464101749649e-01 4.761339863407647033e-01
4.983373094408222181e-01 4.761313742915875280e-01
4.984005109887384988e-01 4.761288549461613617e-01
4.984614324384669115e-01 4.761264252382672035e-01
4.985201528535964099e-01 4.761240821809726853e-01
4.985767489757401694e-01 4.761218228593208646e-01
4.986312952345522409e-01 4.761196444335871192e-01
4.986838637675023445e-01 4.761175441432705657e-01
4.987345244473117556e-01 4.761155193036969435e-01
4.987833449154551180e-01 4.761135673099369803e-01
4.988303906207847138e-01 4.761116856299495992e-01
4.988757248685861123e-01 4.761098718111647088e-01
4.989194088658415183e-01 4.761081234780892846e-01
4.989615017656909846e-01 4.761064383290903868e-01
4.990020607209789127e-01 4.761048141360649244e-01
4.990411409364431949e-01 4.761032487452293016e-01
4.990787957213490000e-01 4.761017400715315540e-01
4.991150765432444403e-01 4.761002860984953067e-01
4.991500330824386600e-01 4.760988848769648896e-01
4.991837132827469103e-01 4.760975345233419698e-01
4.992161634056486164e-01 4.760962332178527712e-01
4.992474280825026645e-01 4.760949792037308392e-01
4.992775503659055425e-01 4.760937707837378796e-01
4.993065717804318626e-01 4.760926063184764412e-01
4.993345323724008855e-01 4.760914842239528655e-01
4.993614707587041290e-01 4.760904029729342568e-01
4.993874241741001474e-01 4.760893610930491682e-01
4.994124285174061928e-01 4.760883571623948929e-01
4.994365183969110555e-01 4.760873898090762224e-01
4.994597271744219413e-01 4.760864577096088901e-01
4.994820870080969311e-01 4.760855595873506596e-01
4.995036288940700175e-01 4.760846942109649982e-01
4.995243827068585052e-01 4.760838603930374058e-01
4.995443772385520509e-01 4.760830569892294251e-01
4.995636402367163997e-01 4.760822828948368945e-01
4.995821984414038908e-01 4.760815370448528983e-01
4.996000776207875638e-01 4.760808184125468467e-01
4.996173026056672795e-01 4.760801260081111708e-01
4.996338973228527935e-01 4.760794588773640257e-01
4.996498848274612548e-01 4.760788161004992358e-01
4.996652873341305146e-01 4.760781967908809253e-01
4.996801262471984306e-01 4.760776000938786723e-01
4.996944221898545480e-01 4.760770251854206658e-01
4.997081950323433164e-01 4.760764712711905156e-01
4.997214639191543406e-01 4.760759375862667064e-01
4.997342472947147729e-01 4.760754233933209290e-01
4.997465629292235922e-01 4.760749279816916535e-01
4.997584279436425581e-01 4.760744506668085352e-01
4.997698588327031399e-01 4.760739907885181421e-01
4.997808714877339242e-01 4.760735477105574320e-01
4.997914812186207145e-01 4.760731208195891906e-01
4.998017027750137342e-01 4.760727095247638818e-01
4.998115503667127091e-01 4.760723132569158467e-01
