1.010101010101010083e-01 5.050505050505050414e-02
1.010175958745160307e-01 5.042461856981848844e-02
1.010230595658381941e-01 5.034777045939032442e-02
1.010265873612738452e-01 5.027447220768063718e-02
1.010282473129986563e-01 5.020467054688813879e-02
1.010281291824283445e-01 5.013829473849250318e-02
1.010263244961579626e-01 5.007525953581824785e-02
1.010229221414454398e-01 5.001546760744639275e-02
1.010180080699665250e-01 4.995881175275123515e-02
1.010116650653764686e-01 4.990517698194687352e-02
1.010039725694359680e-01 4.985444243313309765e-02
1.009950065609220571e-01 4.980648311963233738e-02
1.009848394815649059e-01 4.976117149987844407e-02
1.009735402032643781e-01 4.971837886767038056e-02
1.009611740309935002e-01 4.967797656995238259e-02
1.009478027361790514e-01 4.963983704805539909e-02
1.009334846154345267e-01 4.960383472587511638e-02
1.009182745702819767e-01 4.956984675059390721e-02
1.009022242037870831e-01 4.953775359652613786e-02
1.008853819304190713e-01 4.950743954618148229e-02
1.008677930959127195e-01 4.947879205023296423e-02
1.008495000791582719e-01 4.945170400381421888e-02
1.008305424487243862e-01 4.942607309152177719e-02
1.008109571009649097e-01 4.940180174354949494e-02
1.007907783950744984e-01 4.937879718849808031e-02
1.007700382876113854e-01 4.935697145294507676e-02
1.007487664652821219e-01 4.933624131658792544e-02
1.007269904750176526e-01 4.931652823087075144e-02
1.007047408616771056e-01 4.929775821125594037e-02
1.006820436101932559e-01 4.927986181051210307e-02
1.006589202471510347e-01 4.926277389798540407e-02
1.006353906688337851e-01 4.924643343278549412e-02
1.006114732472721401e-01 4.923078329104649264e-02
1.005871849312206939e-01 4.921577008718919927e-02
1.005625413420154074e-01 4.920134399203204140e-02
1.005375568643293860e-01 4.918745855012476853e-02
1.005122438696139237e-01 4.917407058147903187e-02
1.004866103778813413e-01 4.916114007217730481e-02
1.004606677435280204e-01 4.914862945901954383e-02
1.004344263800686921e-01 4.913650386472691312e-02
1.004078958284311540e-01 4.912473093242376854e-02
1.003810848208694234e-01 4.911328066655742952e-02
1.003540013406961362e-01 4.910212528063155613e-02
1.003266526780377671e-01 4.909123905199355709e-02
1.002990454818174920e-01 4.908059536825708918e-02
1.002711857388673133e-01 4.907017038827944655e-02
1.002430788430561936e-01 4.905994426758675253e-02
1.002147296944198157e-01 4.904989866859853914e-02
1.001861427368670454e-01 4.904001665499092832e-02
1.001573219931986003e-01 4.903028284849302726e-02
1.001282711039037931e-01 4.902068335498237922e-02
1.000989933640708679e-01 4.901120395560996934e-02
1.000694917157337049e-01 4.900182801154481793e-02
1.000397686886436988e-01 4.899254464107197921e-02
1.000098265421953125e-01 4.898334381583666075e-02
9.997966728662643909e-02 4.897421629765577600e-02
9.994929270263497312e-02 4.896515357962620552e-02
9.991870435952104890e-02 4.895614783128417191e-02
9.988790363195892974e-02 4.894719184758365010e-02
9.985689171549541610e-02 4.893827900146380250e-02
9.982566964086585226e-02 4.892940319978643371e-02
9.979423828721124823e-02 4.892055884243139835e-02
9.976259839427933929e-02 4.891174078434967765e-02
9.973075057368033236e-02 4.890294430037958606e-02
9.969869531926976725e-02 4.889416505264525259e-02
9.966643301672065136e-02 4.888539906036308558e-02
9.963396395234792868e-02 4.887664267189391343e-02
9.960128832123810172e-02 4.886789253888527973e-02
9.956840623473978136e-02 4.885914559235721155e-02
9.953531772735942085e-02 4.885039902059953865e-02
9.950202276311304050e-02 4.884165024874707189e-02
9.946852124136912332e-02 4.883289691991508918e-02
9.943481300222652142e-02 4.882413687778484890e-02
9.940089783146133229e-02 4.881536815052756051e-02
9.936677546507594050e-02 4.880658893597665526e-02
9.933244559348133884e-02 4.879779758795115691e-02
9.929790786534198332e-02 4.878899260364563673e-02
9.926316189110902244e-02 4.878017261200942589e-02
9.922820724626627009e-02 4.877133636303956910e-02
9.919304347431126545e-02 4.876248271791791544e-02
9.915767008949348538e-02 4.875361063992988270e-02
9.912208657932819467e-02 4.874471918610516485e-02
9.908629239242625064e-02 4.873580749952499680e-02
9.905028687879255389e-02 4.872687480191885412e-02
9.901406945837123996e-02 4.871792038546873815e-02
9.897763953245386492e-02 4.870894360903176012e-02
9.894099648531964886e-02 4.869994389262097267e-02
9.890413968573885661e-02 4.869092071233394048e-02
9.886706848835188910e-02 4.868187359569466077e-02
9.882978223493227299e-02 4.867280211737326501e-02
9.879228025554519232e-02 4.866370589525657875e-02
9.875456186960837601e-02 4.865458458684036175e-02
9.871662638686466706e-02 4.864543807713968271e-02
9.867847311298011403e-02 4.863626626823144838e-02
9.864010134996051282e-02 4.862706888597789767e-02
9.860151039180824195e-02 4.861784568697569142e-02
9.856269952527607625e-02 4.860859645596674050e-02
9.852366803055634392e-02 4.859932100346612410e-02
9.848441514994615842e-02 4.859001916358961920e-02
9.844493917264626748e-02 4.858069079134166857e-02
9.840523935832400093e-02 4.857133573949326544e-02
9.836531496170525246e-02 4.856195388093282467e-02
9.832516523306830680e-02 4.855254510696341980e-02
9.828478941869477070e-02 4.854310932574302379e-02
9.824418676128185424e-02 4.853364646085800427e-02
9.820335650032020747e-02 4.852415645258949251e-02
9.816229787250273231e-02 4.851463925464039734e-02
9.812101011205226486e-02 4.850509482898530261e-02
9.807949245092204005e-02 4.849552314848641632e-02
9.803774397037992583e-02 4.848592419597807374e-02
9.799576351405805963e-02 4.847629796007172504e-02
9.795355030600055857e-02 4.846664442938353190e-02
9.791110356860749375e-02 4.845696360126650754e-02
9.786842252284777555e-02 4.844725548107668700e-02
9.782550638845367852e-02 4.843752008150416233e-02
9.778235438409914326e-02 4.842775742196147454e-02
9.773896572756185508e-02 4.841796752802591391e-02
9.769533963587359593e-02 4.840815043093202319e-02
9.765147532545633002e-02 4.839830616710637246e-02
9.760737201224781168e-02 4.838843477774509155e-02
9.756302891181659054e-02 4.837853630842766511e-02
9.751844523946699705e-02 4.836861080876533187e-02
9.747362021033693924e-02 4.835865833208045916e-02
9.742855303948574908e-02 4.834867893511424902e-02
9.738324294197722719e-02 4.833867267776036786e-02
9.733768913295393066e-02 4.832863962282202969e-02
9.729189082770740848e-02 4.831857983579099236e-02
9.724584724174258066e-02 4.830849338464582310e-02
9.719955759083587221e-02 4.829838033966872557e-02
9.715302109109077988e-02 4.828824077327742437e-02
9.710623695898873420e-02 4.827807475987418162e-02
9.705920441143583988e-02 4.826788237570540235e-02
9.701192266580656309e-02 4.825766369873603356e-02
9.696439060111551600e-02 4.824741880853360143e-02
9.691660737534008030e-02 4.823714777847948332e-02
9.686857231229895060e-02 4.822685068277483833e-02
9.682028462986043416e-02 4.821652760017079709e-02
9.677174354634703046e-02 4.820617861114769032e-02
9.672294828063683625e-02 4.819580379779346557e-02
9.667389783376505175e-02 4.818540324369423311e-02
9.662459121302269249e-02 4.817497712667488663e-02
9.657503062126057691e-02 4.816452783974874835e-02
9.652521639179988122e-02 4.815405527842126637e-02
9.647514780505742071e-02 4.814355938260697632e-02
9.642482413855293921e-02 4.813304010826108953e-02
9.637424466729979655e-02 4.812249742581942852e-02
9.632340866415875502e-02 4.811193131878913759e-02
9.627231540015564193e-02 4.810134178247631176e-02
9.622096414477042392e-02 4.809072882283741551e-02
9.616935416619631916e-02 4.808009245544346555e-02
9.611748492920929587e-02 4.806943326539929451e-02
9.606535654650183442e-02 4.805875084116545404e-02
9.601296829110728126e-02 4.804804502520818033e-02
9.596031943084458449e-02 4.803731589512168221e-02
9.590740923402417406e-02 4.802656353090802022e-02
9.585423696950839956e-02 4.801578801476522051e-02
9.580080190676661112e-02 4.800498943089789861e-02
9.574710331592570234e-02 4.799416786534443924e-02
9.569314046781733640e-02 4.798332340581634714e-02
9.563891263402035658e-02 4.797245614157258364e-02
9.558441908690178124e-02 4.796156616325999988e-02
9.552965957098508154e-02 4.795065356282570551e-02
9.547463382684956423e-02 4.793971844420676087e-02
9.541934113463074185e-02 4.792876092187432074e-02
9.536378077590836055e-02 4.791778110915679428e-02
9.530795203368222501e-02 4.790677911839697628e-02
9.525185419235197848e-02 4.789575506108394859e-02
9.519548653770064373e-02 4.788470904795641414e-02
9.513884835688068975e-02 4.787364118896235421e-02
9.508193893839927968e-02 4.786255159369651180e-02
9.502475757211473195e-02 4.785144037137206707e-02
9.496730354923099693e-02 4.784030763082607746e-02
9.490957616229482585e-02 4.782915348063457306e-02
9.485157470519381406e-02 4.781797802914898587e-02
9.479329847315658142e-02 4.780678138455243115e-02
9.473474676275445150e-02 4.779556325878717149e-02
9.467591886233538145e-02 4.778432343343539529e-02
9.461681405371503983e-02 4.777306209855501640e-02
9.455743162204952035e-02 4.776177943487520949e-02
9.449777085561666956e-02 4.775047561483822950e-02
9.443783104562107622e-02 4.773915080360100621e-02
9.437761148602567818e-02 4.772780515985738936e-02
9.431711147340199330e-02 4.771643883659040797e-02
9.425633030679894664e-02 4.770505198131821945e-02
9.419526747651360554e-02 4.769364473704120616e-02
9.413392249925087163e-02 4.768221724778761578e-02
9.407229468291081198e-02 4.767076965849489922e-02
9.401037911218450283e-02 4.765930211003901323e-02
9.394817483397270574e-02 4.764781464289485208e-02
9.388568184352763524e-02 4.763630730017753834e-02
9.382290341915724974e-02 4.762478014915427771e-02
9.375983887792152527e-02 4.761323335364928133e-02
9.369648753972070754e-02 4.760166707136936209e-02
9.363284872715600671e-02 4.759008145465298822e-02
9.356892176540881900e-02 4.757847665110703783e-02
9.350470598213653228e-02 4.756685280417136119e-02
9.344020070738090489e-02 4.755521005364717058e-02
9.337540527349147412e-02 4.754354853616831605e-02
9.331031901505826287e-02 4.753186838558547123e-02
9.324494126885571332e-02 4.752016973330711741e-02
9.317927137379497515e-02 4.750845270862199404e-02
9.311330482170926404e-02 4.749671729051915120e-02
9.304704018170326107e-02 4.748496245056318260e-02
9.298047675850455718e-02 4.747318836902968131e-02
9.291361386024410418e-02 4.746139521842919484e-02
9.284645079827602565e-02 4.744958316450509361e-02
9.277898688702515551e-02 4.743775236706193610e-02
9.271122144385324226e-02 4.742590298070530064e-02
9.264315378894445729e-02 4.741403501500172923e-02
9.257478290137310939e-02 4.740214951895285050e-02
9.250610755692192932e-02 4.739024709464505214e-02
9.243712710982952829e-02 4.737832770450149666e-02
9.236784091245867079e-02 4.736639083509849857e-02
9.229824830361980925e-02 4.735443633551590648e-02
9.222834861750051072e-02 4.734246431308837544e-02
9.215814119002779803e-02 4.733047488137945291e-02
9.208762626451676148e-02 4.731846814111942412e-02
9.201680622971780688e-02 4.730644421644106257e-02
9.194568042852697964e-02 4.729440330115713270e-02
9.187424820771293577e-02 4.728234557917485037e-02
9.180250891769344002e-02 4.727027122578986162e-02
9.173046191234568436e-02 4.725818040883085491e-02
9.165810654884187780e-02 4.724607328961880764e-02
9.158544218751098198e-02 4.723395002380433721e-02
9.151246819171934832e-02 4.722181076214523876e-02
9.143918392777199144e-02 4.720965565117579005e-02
9.136558876482872571e-02 4.719748483376088460e-02
9.129168207483513708e-02 4.718529844957262964e-02
9.121746323246550381e-02 4.717309663556702032e-02
9.114293161507654173e-02 4.716087952636476011e-02
9.106808660267237676e-02 4.714864725456977684e-02
9.099292757787620645e-02 4.713639995102780061e-02
9.091745392590880326e-02 4.712413774513570658e-02
9.084166503457520581e-02 4.711186076504454701e-02
9.076556083458540980e-02 4.709956913784069110e-02
9.068914101309154263e-02 4.708726300214733512e-02
9.061240496959610535e-02 4.707494250089229448e-02
9.053535210662322363e-02 4.706260958602325600e-02
9.045798187310581662e-02 4.705026464345832965e-02
9.038029372684951157e-02 4.703790750979447433e-02
9.030228712139048985e-02 4.702553806113513729e-02
9.022396150697076234e-02 4.701315620770247367e-02
9.014531633138421485e-02 4.700076188918894671e-02
9.006635104071099296e-02 4.698835507074260176e-02
8.998706507995508919e-02 4.697593573953533219e-02
8.990745789360088391e-02 4.696350353265106581e-02
8.982752891726521194e-02 4.695105172454970555e-02
8.974727742554906851e-02 4.693858139385165273e-02
8.966670271880101961e-02 4.692609348376883260e-02
8.958580411989185144e-02 4.691358882093748378e-02
8.950458097144388392e-02 4.690106813167020661e-02
8.942303263344933417e-02 4.688853204732550822e-02
8.934115848102269775e-02 4.687598113303310943e-02
8.925895790283876197e-02 4.686341589256815682e-02
8.917643029969024582e-02 4.685083677484327969e-02
8.909357508320304986e-02 4.683824418179625276e-02
8.901039167473910607e-02 4.682563847505255561e-02
8.892687950446198641e-02 4.681301998169189182e-02
8.884303801054092842e-02 4.680038899921394602e-02
8.875886663847401548e-02 4.678774579986048898e-02
8.867436484051488543e-02 4.677509063424964419e-02
8.858952929830851697e-02 4.676242373450259504e-02
8.850435825185176686e-02 4.674974525275562426e-02
8.841885117084917478e-02 4.673705530932264346e-02
8.833300752829859048e-02 4.672435402595520593e-02
8.824682680056210315e-02 4.671164152561799177e-02
8.816030846743204419e-02 4.669891793241269518e-02
8.807345201219456132e-02 4.668618337140651581e-02
8.798625692169056989e-02 4.667343796850018101e-02
8.789872268637367869e-02 4.666068185031491122e-02
8.781084880036540974e-02 4.664791514417419849e-02
8.772263476151127837e-02 4.663513797798968241e-02
8.763408007143431988e-02 4.662235048017211031e-02
8.754518423558591000e-02 4.660955277961809778e-02
8.745594676329898620e-02 4.659674500567578120e-02
8.736636716783911794e-02 4.658392728808498362e-02
8.727644496645496630e-02 4.657110050984154814e-02
8.718617965803579506e-02 4.655826479977084875e-02
8.709556846099494876e-02 4.654542016463069504e-02
8.700461090912012252e-02 4.653256657704511051e-02
8.691330653646572868e-02 4.651970403483186162e-02
8.682165487796118797e-02 4.650683255719206127e-02
8.672965546998728792e-02 4.649395218138691749e-02
8.663730785097620291e-02 4.648106295992209674e-02
8.654461156162243651e-02 4.646816495825233095e-02
8.645156614505579429e-02 4.645525825277745796e-02
8.635817114791140281e-02 4.644234292912417794e-02
8.626442572075981863e-02 4.642941908069472823e-02
8.617032796298923492e-02 4.641648679831051477e-02
8.607587742258603070e-02 4.640354614627490576e-02
8.598107365047999440e-02 4.639059720036135814e-02
8.588591619896382423e-02 4.637764004604334050e-02
8.579040442650485987e-02 4.636467477695109529e-02
8.569453669537240026e-02 4.635170148899823289e-02
8.559831256457126059e-02 4.633872025688783730e-02
8.550173159648641330e-02 4.632573116555270543e-02
8.540479335718376142e-02 4.631273430848079076e-02
8.530749741670581865e-02 4.629972978633034586e-02
8.520984334923467629e-02 4.628671770580389255e-02
8.511182824704233152e-02 4.627369817873228097e-02
8.501345136810731229e-02 4.626067126367027632e-02
8.491471227906191577e-02 4.624763702525645087e-02
8.481561008974454474e-02 4.623459554047002623e-02
8.471614401556078200e-02 4.622154688592770844e-02
8.461631241526733349e-02 4.620849114041143679e-02
8.451611486597632172e-02 4.619542836470522107e-02
8.441555094835713480e-02 4.618235863309000377e-02
8.431462024694227897e-02 4.616928203107299039e-02
8.421332235057052418e-02 4.615619864247923199e-02
8.411165685229850253e-02 4.614310854785888538e-02
8.400962334948597343e-02 4.613001186220393179e-02
8.390722144461987275e-02 4.611690870493560801e-02
8.380445074553287410e-02 4.610379919918886071e-02
8.370131086554270794e-02 4.609068347126871190e-02
8.359780142358187727e-02 4.607756165010605531e-02
8.349392204437142140e-02 4.606442707373846479e-02
8.338967219429753441e-02 4.605128092466155565e-02
8.328505137132437286e-02 4.603812439678943436e-02
8.318005910517781154e-02 4.602495849789114968e-02
8.307469495301759987e-02 4.601178408211036019e-02
8.296895849565467940e-02 4.599860187693403935e-02
8.286284933463135272e-02 4.598541250543163039e-02
8.275636706972565315e-02 4.597221650462662845e-02
8.264951133435448349e-02 4.595901434039548900e-02
8.254228288251239110e-02 4.594580642047449426e-02
8.243468161320641197e-02 4.593259313037562075e-02
8.232670720930831965e-02 4.591937481710254426e-02
8.221835949744002447e-02 4.590615182897513774e-02
8.210964046418446627e-02 4.589292448470003866e-02
8.200054983974795764e-02 4.587969308083124365e-02
8.189108736539651989e-02 4.586645788600634405e-02
8.178125279278120052e-02 4.585321914599202464e-02
8.167104588353887862e-02 4.583997708783960068e-02
8.156046640874119180e-02 4.582673192340669388e-02
8.144951414900608588e-02 4.581348385217924590e-02
8.133818889409363817e-02 4.580023306355061191e-02
8.122649044230204063e-02 4.578697973870542171e-02
8.111441945330366554e-02 4.577372405225491742e-02
8.100197678501835918e-02 4.576046619313826197e-02
8.088916227235745660e-02 4.574720636611409597e-02
8.077597576006290137e-02 4.573394476486609961e-02
8.066241710415289479e-02 4.572068157408624295e-02
8.054848616790567795e-02 4.570741697120393049e-02
8.043418282392066077e-02 4.569415112776937377e-02
8.031950695394043938e-02 4.568088421065438776e-02
8.020445844893317466e-02 4.566761638293450470e-02
8.008903720901872081e-02 4.565434780459389635e-02
7.997324314354344044e-02 4.564107863328599468e-02
7.985707722010314258e-02 4.562780902475159495e-02
7.974054118384808765e-02 4.561453915738215847e-02
7.962363498650232296e-02 4.560126924543781574e-02
7.950635885169776707e-02 4.558799949010153285e-02
7.938871291737145675e-02 4.557473008803182568e-02
7.927069847414137949e-02 4.556146122999308462e-02
7.915231583637706569e-02 4.554819312841949797e-02
7.903356502147035334e-02 4.553492599008191616e-02
7.891444605808670132e-02 4.552166000998502521e-02
7.879495898594675307e-02 4.550839537387121186e-02
7.867510385580514520e-02 4.549513226002517563e-02
7.855488072923039189e-02 4.548187084074569592e-02
7.843428967875679114e-02 4.546861128363798715e-02
7.831333078766225531e-02 4.545535375260650185e-02
7.819200415019293693e-02 4.544209780680941863e-02
7.807030985753866947e-02 4.542884348641523101e-02
7.794824800921920649e-02 4.541559109563460261e-02
7.782581871913901717e-02 4.540234090697958802e-02
7.770302580361679312e-02 4.538909316767253399e-02
7.757987106336224070e-02 4.537584818993321834e-02
7.745635465146970267e-02 4.536260629002773076e-02
7.733247673595061711e-02 4.534936774874206988e-02
7.720823749913774403e-02 4.533613281878703244e-02
7.708363715692437279e-02 4.532290173065857408e-02
7.695867592181723782e-02 4.530967469768391875e-02
7.683335401635395245e-02 4.529645191921845282e-02
7.670767167607550618e-02 4.528323358363345319e-02
7.658162914908710206e-02 4.527001987059420252e-02
7.645522669631613089e-02 4.525681095284395800e-02
7.632846459109762782e-02 4.524360699785676815e-02
7.620134311955079065e-02 4.523040816891914923e-02
7.607386258022551251e-02 4.521721462600131886e-02
7.594602328449161222e-02 4.520402652656842213e-02
7.581782555628255316e-02 4.519084398175846756e-02
7.568926973147048487e-02 4.517766709089310329e-02
7.556035615747858092e-02 4.516449602851849848e-02
7.543108519527054467e-02 4.515133096365919751e-02
7.530145721917033685e-02 4.513817206098955093e-02
7.517147261702206151e-02 4.512501948172399635e-02
7.504113179013259527e-02 4.511187338458450685e-02
7.491043515340731207e-02 4.509873392629754063e-02
7.477938313535936743e-02 4.508560126200590601e-02
7.464797617827326204e-02 4.507247554574621284e-02
7.451621473820867203e-02 4.505935693073082060e-02
7.438409928521530490e-02 4.504624556950248548e-02
7.425163030331373426e-02 4.503313993655257835e-02
7.411880818365833290e-02 4.502003404716159451e-02
7.398563316307261994e-02 4.500692987468224437e-02
7.385210563730758293e-02 4.499382897786278340e-02
7.371822604748393126e-02 4.498073259623550091e-02
7.358399487335826050e-02 4.496764172170521212e-02
7.344941262779945690e-02 4.495455715426795174e-02
7.331447989654463204e-02 4.494147954551115653e-02
7.317919726976558625e-02 4.492840943324889064e-02
7.304356166198290590e-02 4.491534726684478368e-02
7.290757205387918272e-02 4.490229334298115327e-02
7.277122908379486665e-02 4.488924788829077445e-02
7.263453340742002939e-02 4.487621111321392353e-02
7.249748569753332317e-02 4.486318321570267886e-02
7.236008664393892009e-02 4.485016438429476754e-02
7.222233695324259406e-02 4.483715480023885147e-02
7.208423734902567881e-02 4.482415463913130144e-02
7.194578857158416552e-02 4.481116407242707878e-02
7.180699137828233658e-02 4.479818326837786691e-02
7.166784654328993420e-02 4.478521239274194099e-02
7.152835485797362503e-02 4.477225160946836369e-02
7.138851713069728488e-02 4.475930108118930661e-02
7.124833418719266065e-02 4.474635911135305122e-02
7.110780682993912694e-02 4.473342449465281256e-02
7.096693584939697819e-02 4.472049819873153559e-02
7.082572207134917031e-02 4.470758099575900674e-02
7.068416635284502370e-02 4.469467350913584880e-02
7.054226957894926819e-02 4.468177624944338899e-02
7.040003266043869112e-02 4.466888964153958863e-02
7.025745653203958885e-02 4.465601404521368778e-02
7.011454215108696431e-02 4.464314977108627125e-02
6.997129049665355705e-02 4.463029709258354433e-02
6.982770256879389237e-02 4.461745625494922818e-02
6.968377938810457750e-02 4.460462748216710571e-02
6.953952199539996382e-02 4.459181098229986207e-02
6.939493145142908159e-02 4.457900695134701247e-02
6.925000883688185727e-02 4.456621557614488804e-02
6.910475525211670633e-02 4.455343703686509560e-02
6.895917181743269064e-02 4.454067150857476259e-02
6.881325967272822197e-02 4.452791916243660497e-02
6.866701997799534718e-02 4.451518016684782170e-02
6.852045391286477882e-02 4.450245468811830224e-02
6.837356267726250880e-02 4.448974289091810197e-02
6.822634749098180351e-02 4.447704493875595522e-02
6.807880959422621392e-02 4.446436099435162326e-02
6.793095024738089738e-02 4.445169121976919741e-02
6.778277073137752018e-02 4.443903577652116160e-02
6.763427234766068719e-02 4.442639482590982070e-02
6.748545641836821429e-02 4.441376867177884019e-02
6.733632442323864153e-02 4.440115755512873130e-02
6.718687777670843964e-02 4.438856158135353475e-02
6.703711511241590426e-02 4.437597931928016770e-02
6.688703650811853030e-02 4.436341100844053142e-02
6.673664334547553534e-02 4.435085708036493046e-02
6.658593703354440119e-02 4.433831789550244512e-02
6.643491900701303798e-02 4.432579592850162398e-02
6.628359077075168804e-02 4.431329109964167456e-02
6.613195384599253324e-02 4.430080316081645708e-02
6.598000953355998011e-02 4.428833197326567661e-02
6.582775916426789053e-02 4.427587784058045761e-02
6.567520419067644777e-02 4.426344151291515538e-02
6.552234424417116565e-02 4.425102271978942348e-02
6.536918093307085564e-02 4.423862126321487925e-02
6.521571588084235094e-02 4.422623704273275641e-02
6.506195072804416002e-02 4.421386786039692429e-02
6.490788708976784338e-02 4.420151372755033725e-02
6.475352660109892633e-02 4.418917530635704805e-02
6.459887093066023211e-02 4.417685312195725883e-02
6.444392132131632200e-02 4.416454759962105264e-02
6.428867850738320677e-02 4.415225908167744184e-02
6.413314423532315289e-02 4.413998850322223277e-02
6.397732029079795935e-02 4.412773611228190673e-02
6.382120848485145492e-02 4.411550193935094566e-02
6.366481064969137238e-02 4.410328605154707066e-02
6.350812863922998541e-02 4.409108839509656708e-02
6.335116432732153247e-02 4.407890895746496840e-02
6.319391960802628327e-02 4.406674794174128551e-02
6.303639640077141060e-02 4.405460553934808371e-02
6.287859664968910300e-02 4.404248053831760767e-02
6.272052229594481110e-02 4.403037344736639158e-02
6.256217531235927498e-02 4.401828474262078905e-02
6.240355770253477874e-02 4.400621481028486187e-02
6.224467149952700451e-02 4.399416397197419143e-02
6.208551876426728067e-02 4.398213250310886030e-02
6.192610158489891825e-02 4.397012064609882864e-02
6.176642207617026592e-02 4.395812861963357965e-02
6.160648237891318268e-02 4.394615662533988415e-02
6.144628465994723260e-02 4.393420485287509447e-02
6.128583111191650279e-02 4.392227348318981928e-02
6.112512395294228407e-02 4.391036168936299222e-02
6.096416540749552415e-02 4.389846991689649175e-02
6.080295773082425304e-02 4.388659854642153191e-02
6.064150320824281126e-02 4.387474789329327135e-02
6.047980415362966961e-02 4.386291822661934903e-02
6.031786290845410348e-02 4.385110978288429828e-02
6.015568184163784526e-02 4.383932277535798616e-02
5.999326334849925529e-02 4.382755740070973238e-02
5.983060985116170349e-02 4.381581384413689439e-02
5.966772663359306422e-02 4.380409228254467796e-02
5.950461742145670557e-02 4.379239294881617089e-02
5.934128473340016807e-02 4.378071607979580615e-02
5.917773111522069834e-02 4.376906188779856183e-02
5.901395913965871987e-02 4.375743056776085910e-02
5.884997140600654875e-02 4.374582230225862456e-02
5.868577053982956121e-02 4.373423726540130035e-02
5.852135945885399149e-02 4.372267562513432876e-02
5.835674103150036152e-02 4.371113755065872408e-02
5.819191825636474413e-02 4.369962321041571951e-02
5.802689461438641921e-02 4.368813277439931309e-02
5.786166839165775982e-02 4.367666642328468796e-02
5.769624236439770820e-02 4.366522423165327543e-02
5.753061933369208597e-02 4.365380629847660093e-02
5.736480212516680693e-02 4.364241273936200760e-02
5.719879359011247055e-02 4.363104368114466280e-02
5.703259660527217056e-02 4.361969925852769714e-02
5.686621001450720136e-02 4.360837961144758967e-02
5.669963608633220298e-02 4.359708479572384221e-02
5.653287741743374950e-02 4.358581488338596904e-02
5.636593302686252610e-02 4.357456965837222529e-02
5.619880339929184815e-02 4.356334608968293054e-02
5.603149143932158877e-02 4.355214528396357532e-02
5.586400011834870977e-02 4.354096804512443825e-02
5.569633244629629970e-02 4.352981497004698719e-02
5.552849146767880467e-02 4.351868651377050617e-02
5.536048025888072599e-02 4.350758303424075157e-02
5.519230192654254324e-02 4.349650482321361367e-02
5.502395906110599255e-02 4.348545212703201768e-02
5.485545185439241744e-02 4.347442514918640338e-02
5.468678348071911999e-02 4.346342401252513421e-02
5.451795698441629784e-02 4.345244884861036022e-02
5.434897468502399021e-02 4.344149979133724027e-02
5.417983982782420549e-02 4.343057696000471313e-02
5.401055568306161597e-02 4.341968048347204928e-02
5.384112554704773013e-02 4.340881049669952779e-02
5.367155272976634889e-02 4.339796713845902459e-02
5.350184057572400509e-02 4.338715054980936403e-02
5.333199245739647654e-02 4.337636087337382734e-02
5.316201177258615684e-02 4.336559825258812922e-02
5.299190194449757141e-02 4.335486283102888555e-02
5.282166642129707684e-02 4.334415484389735063e-02
5.265130867800667941e-02 4.333347580684081268e-02
5.248083223803743508e-02 4.332282535400865803e-02
5.231024060711734341e-02 4.331220328915980078e-02
5.213953733292530507e-02 4.330160952849815281e-02
5.196872599357341832e-02 4.329104129371261211e-02
5.179781014209444701e-02 4.328049326089312976e-02
5.162679326456783013e-02 4.326996830249371651e-02
5.145567891807213690e-02 4.325946836906463533e-02
5.128447071502069410e-02 4.324899263785479675e-02
5.111317227635077398e-02 4.323853770709686767e-02
5.094178718827356567e-02 4.322810923340515699e-02
5.077031915347594848e-02 4.321770915924205009e-02
5.059877192794484668e-02 4.320733790089766740e-02
5.042714929487302628e-02 4.319699165485298142e-02
5.025545499650642400e-02 4.318667169437943876e-02
5.008369326013710487e-02 4.317637930604753538e-02
4.991187428083078415e-02 4.316611538072109844e-02
4.974000287395247827e-02 4.315588032889530051e-02
4.956808294377755553e-02 4.314567483909879930e-02
4.939611842420193327e-02 4.313549940740894761e-02
4.922411327640376089e-02 4.312535439713087448e-02
4.905207148551829488e-02 4.311524008789380247e-02
4.888000035135590254e-02 4.310515729494555914e-02
4.870790666847187034e-02 4.309510619245580931e-02
4.853579450647618754e-02 4.308508974534090707e-02
4.836367141595523250e-02 4.307510825110402730e-02
4.819154233963132694e-02 4.306516129231661300e-02
4.801941144944592288e-02 4.305524947884760423e-02
4.784728294208655947e-02 4.304537367019243416e-02
4.767516104092511114e-02 4.303553103200279117e-02
4.750304994198768088e-02 4.302572144659966291e-02
4.733095385413318978e-02 4.301594487651422272e-02
4.715887699912371667e-02 4.300620119134006270e-02
4.698682361158629250e-02 4.299648985097676013e-02
4.681480023814053176e-02 4.298681118377067900e-02
4.664281225215520521e-02 4.297716548365364958e-02
4.647086393825610590e-02 4.296755299728922950e-02
4.629896019276000252e-02 4.295797391810680932e-02
4.612710560685610167e-02 4.294842841323935623e-02
4.595530437522708095e-02 4.293891662643024854e-02
4.578356084317396213e-02 4.292943870225072317e-02
4.561187937013573557e-02 4.291999476814901959e-02
4.544026433786413355e-02 4.291058257649981583e-02
4.526872009487153264e-02 4.290120243687005341e-02
4.509725100416900334e-02 4.289185522873741052e-02
4.492586145085443461e-02 4.288254154190677958e-02
4.475455583596567311e-02 4.287326178203265670e-02
4.458333857581479875e-02 4.286401623687678686e-02
4.441221409784441854e-02 4.285480511957978633e-02
4.424118684013859937e-02 4.284562858052764350e-02
4.407026128055870073e-02 4.283648674222366448e-02
4.389944188505201517e-02 4.282737972909401308e-02
4.372873311702706045e-02 4.281830764904485942e-02
4.355813944617495381e-02 4.280927059865362316e-02
4.338766231886610758e-02 4.280026866695005316e-02
4.321730183348289345e-02 4.279130187770265742e-02
4.304706249058963541e-02 4.278237018755493004e-02
4.287694879306545859e-02 4.277347359797701448e-02
4.270696524954836759e-02 4.276461213766258318e-02
4.253711637092991854e-02 4.275578585196566916e-02
4.236740667222494566e-02 4.274699479590882145e-02
4.219783511949579818e-02 4.273823903048870609e-02
4.202840573391965207e-02 4.272951851124240363e-02
4.185912303378996890e-02 4.272083328555309478e-02
4.168999156342058365e-02 4.271218220626495088e-02
4.152101591866050323e-02 4.270356423844905852e-02
4.135220059488420308e-02 4.269498083435598057e-02
4.118355010538798933e-02 4.268643234842960099e-02
4.101506896818515879e-02 4.267791896548155800e-02
4.084676170151491092e-02 4.266944085101653100e-02
4.067863282471315123e-02 4.266099815924173644e-02
4.051068685690810411e-02 4.265259100754214411e-02
4.034292630043491423e-02 4.264421948933473649e-02
4.017535425990388653e-02 4.263588364443109818e-02
4.000797496575815571e-02 4.262758349122847817e-02
3.984079291976178050e-02 4.261931905562620082e-02
3.967381261878884235e-02 4.261109037342787620e-02
3.950703855493524486e-02 4.260289748486820183e-02
3.934047482164132470e-02 4.259474043368655094e-02
3.917412424449773917e-02 4.258661925651602287e-02
3.900799129520024500e-02 4.257853396204167723e-02
3.884207716907116248e-02 4.257048457196056096e-02
3.867638613971197126e-02 4.256247105435201350e-02
3.851092265917986646e-02 4.255449340251470092e-02
3.834569117256183407e-02 4.254655162784612421e-02
3.818069611448478978e-02 4.253864575247343766e-02
3.801594191224780261e-02 4.253077580357619847e-02
3.785143298230464470e-02 4.252294181206806023e-02
3.768717378230731357e-02 4.251514380938875570e-02
3.752316893071697829e-02 4.250738182826819395e-02
3.735942281297446182e-02 4.249965590415689942e-02
3.719594196010839182e-02 4.249196606955922551e-02
3.703273115975431323e-02 4.248431239480242316e-02
3.686979473707829857e-02 4.247669493929169537e-02
3.670713700209327773e-02 4.246911374758700897e-02
3.654476225238006970e-02 4.246156885355239358e-02
3.638267476909351483e-02 4.245406028486981703e-02
3.622087760496174591e-02 4.244658806454427308e-02
3.605937238437716824e-02 4.243915218953469431e-02
3.589816334943262549e-02 4.243175246432040471e-02
3.573725472286710947e-02 4.242438903165949432e-02
3.557664508824566474e-02 4.241706190070138743e-02
3.541633730783083633e-02 4.240977095493815574e-02
3.525633556249245515e-02 4.240251610445439079e-02
3.509663652031984327e-02 4.239529729910058997e-02
3.493724425920909094e-02 4.238811437599289411e-02
3.477816619238480178e-02 4.238096724071712534e-02
3.461940985246334673e-02 4.237385589831513949e-02
3.446097931049273144e-02 4.236678041478729451e-02
3.430287861943802363e-02 4.235974082985093786e-02
3.414511180956344982e-02 4.235273716576105907e-02
3.398768289033646250e-02 4.234576943542016358e-02
3.383059364435383326e-02 4.233883764409480943e-02
3.367384644788116999e-02 4.233194175333980513e-02
3.351744922901808005e-02 4.232508170932927638e-02
3.336140590046184767e-02 4.231825754619771701e-02
3.320572035134392030e-02 4.231146928010276476e-02
3.305039644543547595e-02 4.230471691499185227e-02
3.289543802068604916e-02 4.229800044667940406e-02
3.274084888919996661e-02 4.229131986619123068e-02
3.258663283626645618e-02 4.228467515974641822e-02
3.243279203272740607e-02 4.227806631134974763e-02
3.227932766796782343e-02 4.227148870913235990e-02
3.212624341524713406e-02 4.226494340552345436e-02
3.197354293052956375e-02 4.225843176277708363e-02
3.182122985134698545e-02 4.225195457387515008e-02
3.166930928862306260e-02 4.224551229536966518e-02
3.151778749222446802e-02 4.223910521068709872e-02
3.136666889516480372e-02 4.223273452470966555e-02
3.121595702131737052e-02 4.222640036023278531e-02
3.106565536288535129e-02 4.222010235207197815e-02
3.091576737545733561e-02 4.221383814033960458e-02
3.076629646722619377e-02 4.220760645364711461e-02
3.061724627785035457e-02 4.220140853553674271e-02
3.046862165227383346e-02 4.219524510177941057e-02
3.032042589440903102e-02 4.218911657963891892e-02
3.017266228562821145e-02 4.218302319954137652e-02
3.002533407364791490e-02 4.217696507587961885e-02
2.987844447204347775e-02 4.217094225552960735e-02
2.973199665864648816e-02 4.216495474391865339e-02
2.958599377477135264e-02 4.215900252199911158e-02
2.944043889731162017e-02 4.215308555600940504e-02
2.929533508134263969e-02 4.214720380153922502e-02
2.915068535791512025e-02 4.214135720835646137e-02
2.900649272122414468e-02 4.213554572245117869e-02
2.886276012539782526e-02 4.212976928637511553e-02
2.871949048800522680e-02 4.212402784040988890e-02
2.857668988335896124e-02 4.211832132294929948e-02
2.843436119316084670e-02 4.211264789893395116e-02
2.829250719175563367e-02 4.210700798310085258e-02
2.815113061618750717e-02 4.210140179070376992e-02
2.801023416465392782e-02 4.209582972807119489e-02
2.786982049674862488e-02 4.209029413135691872e-02
2.772989219348341583e-02 4.208479543299620956e-02
2.759045177676863747e-02 4.207933260341599480e-02
2.745150179034677035e-02 4.207390501065705335e-02
2.731304473363900531e-02 4.206851225508587144e-02
2.717508306417317290e-02 4.206315392161349281e-02
2.703761919203521991e-02 4.205782870091426956e-02
2.690065548339827528e-02 4.205253698268993784e-02
2.676419875208064028e-02 4.204727895660038267e-02
2.662825252200719944e-02 4.204205507527276203e-02
2.649281900341200757e-02 4.203686532621584565e-02
2.635790262745301912e-02 4.203170961168335718e-02
2.622350945801026761e-02 4.202658909203892124e-02
2.608964153968626118e-02 4.202150365436997659e-02
2.595630087293984353e-02 4.201645277229705544e-02
2.582348941015528282e-02 4.201143609827607400e-02
2.569120905892324086e-02 4.200645338819111729e-02
2.555946167997105722e-02 4.200150445751931610e-02
2.542824908924878891e-02 4.199658915508539675e-02
2.529757305616396612e-02 4.199170734815516060e-02
2.516743530409336349e-02 4.198685891509022772e-02
2.503783751196760748e-02 4.198204373951695823e-02
2.490878473819213915e-02 4.197726233151968800e-02
2.478027876729281542e-02 4.197251480971399273e-02
2.465231417872136566e-02 4.196780075240744146e-02
2.452489249563651053e-02 4.196311976094947715e-02
2.439801519457455298e-02 4.195847155745702911e-02
2.427168370368139316e-02 4.195385593394194979e-02
2.414589940845236760e-02 4.194927272177063210e-02
2.402066364788188815e-02 4.194472177418796105e-02
2.389597771467994597e-02 4.194020295691439082e-02
2.377184285618183512e-02 4.193571614285930560e-02
2.364826027435374539e-02 4.193126120825360625e-02
2.352523242557113398e-02 4.192683803032830336e-02
2.340276233253922589e-02 4.192244650671803075e-02
2.328085104101113717e-02 4.191808655513693666e-02
2.315949955224950660e-02 4.191375807522470381e-02
2.303870882028678096e-02 4.190946095491643320e-02
2.291847975473754531e-02 4.190519507671178201e-02
2.279880920434115832e-02 4.190096031878078747e-02
2.267969675096759632e-02 4.189675649710721678e-02
2.256114397410429254e-02 4.189258205883183983e-02
2.244315179898469584e-02 4.188843470641220867e-02
2.232572094185310968e-02 4.188431581686961197e-02
2.220885207820288282e-02 4.188022612577654152e-02
2.209254583989546383e-02 4.187616599953022239e-02
2.197680281698400837e-02 4.187213312252146408e-02
2.186162355433381166e-02 4.186812665001747591e-02
2.174700712179746670e-02 4.186414798574143725e-02
2.163295336599326685e-02 4.186019785711002361e-02
2.151946273090037803e-02 4.185627661619308049e-02
2.140653561849469033e-02 4.185238440829079642e-02
2.129417238339231799e-02 4.184852125973954895e-02
2.118237333867186573e-02 4.184468712730731593e-02
2.107113875339321554e-02 4.184088192942111289e-02
2.096046809355910784e-02 4.183710556136449599e-02
2.085036147114133209e-02 4.183335789408890171e-02
2.074081904631857112e-02 4.182963879354838904e-02
2.063183927378248184e-02 4.182594812479195623e-02
2.052342147461183944e-02 4.182228526877146413e-02
2.041556572315880030e-02 4.181864899179195405e-02
2.030827203132877165e-02 4.181503818001085226e-02
2.020154037251235130e-02 4.181145251867644796e-02
2.009537026618979372e-02 4.180789302449360034e-02
1.998976151900029585e-02 4.180436021532333429e-02
1.988471398955120317e-02 4.180085432740827944e-02
1.978022749710118405e-02 4.179737543604795241e-02
1.967630170148369426e-02 4.179392352506036690e-02
1.957293489973354478e-02 4.179049852366829854e-02
1.947012680703574111e-02 4.178710031133077429e-02
1.936787709855775780e-02 4.178372875875139419e-02
1.926618541399501700e-02 4.178038373104923930e-02
1.916505135581323196e-02 4.177706509140236696e-02
1.906447448921235951e-02 4.177377194420250212e-02
1.896445434522242568e-02 4.177050310936956945e-02
1.886499041836250945e-02 4.176725921982789996e-02
1.876608216687247754e-02 4.176404057769393663e-02
1.866772909322506752e-02 4.176084729585329003e-02
1.856993058631904031e-02 4.175767761535250505e-02
1.847268600135905034e-02 4.175453185431612230e-02
1.837599465931901571e-02 4.175141051607893228e-02
1.827985584300523964e-02 4.174831382795357593e-02
1.818426880385974262e-02 4.174524185968950252e-02
1.808923276138188485e-02 4.174219459004754190e-02
1.799474690063602306e-02 4.173917194569336242e-02
1.790081037272683862e-02 4.173617382297765271e-02
1.780742229767444743e-02 4.173320010061704749e-02
1.771458093846164233e-02 4.173025064806353684e-02
1.762227840035576407e-02 4.172732760245410899e-02
1.753051143402560574e-02 4.172442995862227222e-02
1.743927913761345039e-02 4.172155644461602447e-02
1.734858058002793080e-02 4.171870665770967268e-02
1.725841479954811492e-02 4.171588030806769321e-02
1.716878080677597049e-02 4.171307717029641010e-02
1.707967758421471624e-02 4.171029705581269509e-02
1.699110408521254181e-02 4.170753979720774607e-02
1.690305923468612623e-02 4.170480523887162144e-02
1.681554193009946602e-02 4.170209323185661981e-02
1.672855104158531628e-02 4.169940363076860002e-02
1.664208541195869723e-02 4.169673629439435425e-02
1.655614385812357453e-02 4.169409108217508875e-02
1.647072516948438342e-02 4.169146815831176189e-02
1.638582810952406155e-02 4.168886968965784812e-02
1.630145140965232747e-02 4.168629441250290557e-02
1.621759378080338265e-02 4.168374153999393483e-02
1.613425390723347008e-02 4.168121056052696144e-02
1.605143045086565579e-02 4.167870112486413148e-02
1.596912205106386720e-02 4.167621297309086897e-02
1.588732732498549655e-02 4.167374767576301209e-02
1.580604485983759522e-02 4.167130433743823636e-02
1.572527329395616291e-02 4.166888233788839518e-02
1.564501180961544446e-02 4.166648126244247574e-02
1.556525957394647337e-02 4.166410082306617330e-02
1.548601507305674002e-02 4.166174080394129120e-02
1.540727677169228919e-02 4.165940102272890772e-02
1.532904311402702793e-02 4.165708131487615845e-02
1.525131252664909537e-02 4.165478152892275465e-02
1.517408341424661411e-02 4.165250151992910821e-02
1.509735416199516414e-02 4.165024114670901750e-02
1.502112194328834860e-02 4.164800025324533195e-02
1.494538455991525731e-02 4.164577869252068104e-02
1.487014036211531040e-02 4.164357631831931694e-02
1.479538768239711984e-02 4.164139298944162515e-02
1.472112483542327779e-02 4.163922856822629970e-02
1.464735011823421404e-02 4.163708291827656477e-02
1.457406181099925313e-02 4.163495590541659019e-02
1.450125817751651836e-02 4.163284739622198638e-02
1.442893746474145124e-02 4.163075725786707926e-02
1.435709790445958804e-02 4.162868535752987237e-02
1.428573584289062094e-02 4.162663156275320242e-02
1.421484906303568246e-02 4.162459610067707760e-02
1.414443577663923070e-02 4.162257954551023403e-02
1.407449417784347595e-02 4.162058128434704962e-02
1.400502244916969861e-02 4.161860090890751041e-02
1.393601876118238936e-02 4.161663812944924740e-02
1.386748126977785898e-02 4.161469272505100014e-02
1.379940811946428827e-02 4.161276451400375276e-02
1.373179889822256049e-02 4.161085333833694500e-02
1.366465317094728640e-02 4.160895907020802087e-02
1.359796901094447071e-02 4.160708185245133583e-02
1.353174520696283183e-02 4.160522097872680625e-02
1.346598021583151825e-02 4.160337571604370149e-02
1.340067206528525352e-02 4.160154636357103752e-02
1.333581877151578110e-02 4.159973304126337451e-02
1.327141833952455961e-02 4.159793576522072961e-02
1.320746876323971794e-02 4.159615449349560179e-02
1.314396762591851266e-02 4.159438914943495991e-02
1.308091270172377293e-02 4.159263963191659613e-02
1.301830196380085111e-02 4.159090582828371685e-02
1.295613337815879409e-02 4.158918758510221636e-02
1.289440490224470423e-02 4.158748479121496949e-02
1.283311448603712684e-02 4.158579733909475301e-02
1.277226007237510993e-02 4.158412511658898802e-02
1.271183959618083989e-02 4.158246801031710571e-02
1.265185098499147301e-02 4.158082590150105617e-02
1.259229216164669922e-02 4.157919867071571685e-02
1.253316104254294239e-02 4.157758619948311030e-02
1.247445553835121491e-02 4.157598836966167749e-02
1.241617355431247176e-02 4.157440506355718213e-02
1.235831299054027631e-02 4.157283616410852728e-02
1.230087174302680990e-02 4.157128155464402675e-02
1.224384770236471888e-02 4.156974111796650495e-02
1.218723875494417790e-02 4.156821473909674131e-02
1.213104278258677650e-02 4.156670230346989903e-02
1.207525766303842348e-02 4.156520369715168556e-02
1.201988127159525112e-02 4.156371880670980956e-02
1.196491148097608703e-02 4.156224751912093729e-02
1.191034615997213671e-02 4.156078972156129758e-02
1.185618317453805519e-02 4.155934530236104346e-02
1.180242038490728410e-02 4.155791415059974236e-02
1.174905565359448713e-02 4.155649615585512574e-02
1.169608684053561817e-02 4.155509120817759555e-02
1.164351180450738481e-02 4.155369919850596117e-02
1.159132840373327394e-02 4.155232001829634036e-02
1.153953449472533768e-02 4.155095355928929701e-02
1.148812903655423677e-02 4.154959971461143209e-02
1.143710989295020769e-02 4.154825838976069358e-02
1.138647490307276820e-02 4.154692948572769745e-02
1.133622190644362898e-02 4.154561290105852900e-02
1.128634874328405396e-02 4.154430853315325273e-02
1.123685325452034207e-02 4.154301627884166015e-02
1.118773328078440966e-02 4.154173603442243984e-02
1.113898666264464751e-02 4.154046770516942044e-02
1.109061123129944162e-02 4.153921118899740750e-02
1.104260482555360218e-02 4.153796638114085060e-02
1.099496533611283612e-02 4.153673317866801024e-02
1.094769078411695143e-02 4.153551148052539443e-02
1.090077901631654640e-02 4.153430118837565799e-02
1.085422787972487382e-02 4.153310220375310002e-02
1.080803522445106073e-02 4.153191442854043541e-02
1.076219890371202595e-02 4.153073776521411936e-02
1.071671677350972615e-02 4.152957211675604998e-02
1.067158669204664942e-02 4.152841738642992775e-02
1.062680652048281389e-02 4.152727347847388895e-02
1.058237412399000259e-02 4.152614029780449245e-02
1.053828737019779811e-02 4.152501775001675444e-02
1.049454415499460197e-02 4.152390574075313229e-02
1.045114297291304881e-02 4.152280417709784677e-02
1.040808169448598913e-02 4.152171297305067010e-02
1.036535819432368895e-02 4.152063204042931444e-02
1.032297035130189111e-02 4.151956129004004403e-02
1.028091604872860033e-02 4.151850063238549798e-02
1.023919317263841632e-02 4.151744997824671768e-02
1.019779961618703934e-02 4.151640923841455610e-02
1.015673327695282985e-02 4.151537832381003990e-02
1.011599205757040751e-02 4.151435714591611426e-02
1.007557386587049596e-02 4.151334561752456631e-02
1.003547661501658431e-02 4.151234365191932424e-02
9.995698223640383032e-03 4.151135116294089183e-02
9.956236615954494260e-03 4.151036806507690802e-02
9.917089720950587883e-03 4.150939427345112787e-02
9.878255474649103723e-03 4.150842970368624069e-02
9.839731818996669960e-03 4.150747427206913365e-02
9.801516701460958464e-03 4.150652789539674425e-02
9.763608076204580849e-03 4.150559049101207321e-02
9.726003892131464615e-03 4.150466197729528461e-02
9.688702092909439248e-03 4.150374227308881170e-02
9.651700652695677923e-03 4.150283129766559054e-02
9.614997551115453747e-03 4.150192897106140533e-02
9.578590775249473666e-03 4.150103521379940041e-02
9.542478319436787856e-03 4.150014989043995101e-02
9.506658185875333650e-03 4.149927291628727200e-02
9.471128383718890528e-03 4.149840253417844821e-02
9.435886944759032391e-03 4.149753939466059582e-02
9.400931900718811560e-03 4.149668385052943803e-02
9.366261287151428361e-03 4.149583607948381658e-02
9.331873144775178902e-03 4.149499615600673458e-02
9.297765519752372587e-03 4.149416409401994466e-02
9.263936465453277008e-03 4.149333987175100880e-02
9.230384042652349866e-03 4.149252344672302306e-02
9.197106319580974562e-03 4.149171476448181017e-02
9.164101372230290879e-03 4.149091376374663964e-02
9.131366505487086352e-03 4.149012037944973391e-02
9.098898462900852427e-03 4.148933453699781004e-02
9.066695377829904132e-03 4.148855615042537637e-02
9.034755391556131485e-03 4.148778514152626218e-02
9.003076653279361644e-03 4.148702143686273935e-02
8.971657318102451567e-03 4.148626496581282741e-02
8.940495551184320100e-03 4.148551565947498909e-02
8.909589525718700220e-03 4.148477345032131058e-02
8.878937422975668320e-03 4.148403827185813408e-02
8.848537432348264897e-03 4.148331005843045732e-02
8.818387751401413760e-03 4.148258874510150906e-02
8.788486586142998588e-03 4.148187426758214585e-02
8.758832150864858182e-03 4.148116656218706066e-02
8.729422667920126028e-03 4.148046556580924082e-02
8.700256368019954750e-03 4.147977121560169483e-02
8.671331490033181572e-03 4.147908344970236555e-02
8.642646280976397019e-03 4.147840220674123279e-02
8.614198996922653798e-03 4.147772742580067146e-02
8.585987902640670327e-03 4.147705904648329306e-02
8.558011270907802184e-03 4.147639700891361803e-02
8.530267383100741466e-03 4.147574125362897546e-02
8.502754545774598646e-03 4.147509172170048275e-02
8.475472447013672125e-03 4.147444846882422653e-02
8.448419370563366865e-03 4.147381153843197887e-02
8.421594921672116360e-03 4.147318079717123018e-02
8.394997571706875814e-03 4.147255615501840159e-02
8.368625606995515678e-03 4.147193753720806314e-02
8.342477322763476588e-03 4.147132487633869297e-02
8.316551023615302574e-03 4.147071811846429756e-02
8.290845023929576882e-03 4.147011720635949278e-02
8.265357647383442946e-03 4.146952207765190745e-02
8.240087227031438893e-03 4.146893267321078574e-02
8.215032105281150701e-03 4.146834893603417588e-02
8.190190633892188710e-03 4.146777081058277553e-02
8.165561173970090070e-03 4.146719824238397079e-02
8.141142095967246819e-03 4.146663117779447738e-02
8.116931779267907987e-03 4.146606956386054976e-02
8.092928612971632754e-03 4.146551334822326518e-02
8.069130995596574679e-03 4.146496247907557886e-02
8.045537335625121619e-03 4.146441690512567280e-02
8.022146050247314086e-03 4.146387657562022183e-02
7.998955565589195571e-03 4.146334144028153423e-02
7.975964317589116781e-03 4.146281144882362629e-02
7.953170751541399283e-03 4.146228655187668422e-02
7.930573322084652141e-03 4.146176670066800685e-02
7.908170493199031051e-03 4.146125184682002141e-02
7.885960738196619302e-03 4.146074194236782501e-02
7.863942539716405750e-03 4.146023693977019670e-02
7.842114389716591319e-03 4.145973679191683470e-02
7.820474789463504120e-03 4.145924145212580292e-02
7.799022249522240616e-03 4.145875087414541138e-02
7.777755289745953704e-03 4.145826501215327253e-02
7.756672439259936630e-03 4.145778382075153423e-02
7.735772236451197298e-03 4.145730725496504093e-02
7.715053228954268233e-03 4.145683527023985571e-02
7.694513973293229045e-03 4.145636782245622209e-02
7.674153034789852820e-03 4.145590486797248037e-02
7.653968988785042268e-03 4.145544636342270856e-02
7.633960419752568172e-03 4.145499226586873281e-02
7.614125921327171906e-03 4.145454253265713068e-02
7.594464096285821753e-03 4.145409712161822469e-02
7.574973556529706470e-03 4.145365599111520277e-02
7.555652923054476111e-03 4.145321909987773057e-02
7.536500825935921882e-03 4.145278640700734291e-02
7.517515904305716035e-03 4.145235787198262023e-02
7.498696806381708810e-03 4.145193345466040291e-02
7.480042189475318362e-03 4.145151311527537491e-02
7.461550719734947809e-03 4.145109681443691352e-02
7.443221072267077604e-03 4.145068451312676483e-02
7.425051931108154341e-03 4.145027617257063257e-02
7.407041989202178128e-03 4.144987175451560202e-02
7.389189948369399505e-03 4.144947122108465914e-02
7.371494519278988869e-03 4.144907453474375170e-02
7.353954421029675753e-03 4.144868165833241747e-02
7.336568371937361027e-03 4.144829253692104698e-02
7.319335077783345467e-03 4.144790649089808571e-02
7.302253292970609447e-03 4.144752375481629281e-02
7.285321777232426840e-03 4.144714445481148535e-02
7.268539296995259191e-03 4.144676865229690588e-02
7.251904626057735156e-03 4.144639637005399085e-02
7.235416546020671108e-03 4.144602760780891765e-02
7.219073846871438757e-03 4.144566235189760250e-02
7.202875326883732832e-03 4.144530058061780126e-02
7.186819792686396230e-03 4.144494226758128896e-02
7.170906059286578579e-03 4.144458738372623630e-02
7.155132950071861273e-03 4.144423589851605610e-02
7.139499296796214881e-03 4.144388778065867529e-02
7.124003939562088134e-03 4.144354299853295065e-02
7.108645726785904270e-03 4.144320152044678879e-02
7.093423515175891272e-03 4.144286331478672092e-02
7.078336169690309723e-03 4.144252835010979463e-02
7.063382563508049244e-03 4.144219659519314536e-02
7.048561577990889587e-03 4.144186801906805939e-02
7.033872102604961027e-03 4.144154259103454557e-02
7.019313034414586747e-03 4.144122015419934857e-02
7.004883280640670368e-03 4.144090045077541973e-02
6.990581759271552800e-03 4.144058359615761244e-02
6.976407394525296554e-03 4.144026964783673050e-02
6.962359117519245633e-03 4.143995862870770985e-02
6.948435866651430509e-03 4.143965054103439238e-02
6.934636587910190247e-03 4.143934537481791525e-02
6.920960235168841304e-03 4.143904311282154557e-02
6.907405769604944151e-03 4.143874373357399332e-02
6.893972160079643932e-03 4.143844721317312824e-02
6.880658383130636158e-03 4.143815352626872145e-02
6.867463422954481200e-03 4.143786264670112907e-02
6.854386271382855930e-03 4.143757454830984677e-02
6.841425927842967325e-03 4.143728920479673034e-02
6.828581399321548284e-03 4.143700658988863639e-02
6.815851700329790194e-03 4.143672667742531734e-02
6.803235852694612326e-03 4.143644944141679221e-02
6.790732885772692018e-03 4.143617485607336420e-02
6.778341836418528416e-03 4.143590289582441827e-02
6.766061748852161134e-03 4.143563353533158411e-02
6.753891839887660870e-03 4.143536674949118565e-02
6.741831267166466246e-03 4.143510251484854023e-02
6.729879092092969778e-03 4.143484080846417117e-02
6.718034383311354343e-03 4.143458160691620290e-02
6.706296216672789565e-03 4.143432488658881085e-02
6.694663675068169770e-03 4.143407062384241168e-02
6.683135848467162618e-03 4.143381879511319477e-02
6.671711834123981999e-03 4.143356937698693815e-02
6.660390736346539706e-03 4.143332234623562510e-02
6.649171523181458821e-03 4.143307767978512274e-02
6.638052883799238843e-03 4.143283535355907210e-02
6.627033953482441495e-03 4.143259534054356819e-02
6.616113874333156078e-03 4.143235761577485077e-02
6.605291795207305500e-03 4.143212215560945072e-02
6.594566871659603494e-03 4.143188893728065592e-02
6.583938265898443137e-03 4.143165793863166219e-02
6.573405146734557711e-03 4.143142913795257176e-02
6.562966689542197585e-03 4.143120251388771741e-02
6.552622076272409529e-03 4.143097804537196338e-02
6.542370495409087494e-03 4.143075571159562931e-02
6.532211141761126716e-03 4.143053549198483232e-02
6.522143216530372836e-03 4.143031736618076055e-02
6.512165927276884064e-03 4.143010131403490615e-02
6.502278487876317695e-03 4.142988731547874587e-02
6.492480118481410573e-03 4.142967535080978314e-02
6.482770045478819174e-03 4.142946540050382320e-02
6.473147501450964361e-03 4.142925744521681886e-02
6.463611725134016384e-03 4.142905146578584191e-02
6.454161961381387619e-03 4.142884744322881951e-02
6.444797461119106813e-03 4.142864535874841297e-02
6.435517695476216521e-03 4.142844519372757689e-02
6.426322073739136262e-03 4.142824693152179910e-02
6.417209858421266469e-03 4.142805055617555798e-02
6.408180318004766049e-03 4.142785605093501911e-02
6.399232726911018715e-03 4.142766339863568348e-02
6.390366365470353388e-03 4.142747258193738014e-02
6.381580519887054825e-03 4.142728358346016437e-02
6.372874482198684354e-03 4.142709638586788978e-02
6.364247550239720067e-03 4.142691097191812666e-02
6.355699027282590494e-03 4.142672732449332457e-02
6.347228222467825309e-03 4.142654542661011047e-02
6.338834450797263889e-03 4.142636526143558817e-02
6.330517032915905160e-03 4.142618681229231353e-02
6.322275295070924755e-03 4.142601006266335290e-02
6.314108569073467736e-03 4.142583499615952458e-02
6.306016192257761152e-03 4.142566159658725433e-02
6.297997507446081306e-03 4.142548984790398597e-02
6.290051862906799462e-03 4.142531973422278191e-02
6.282178612316747027e-03 4.142515123980931857e-02
6.274377114724925125e-03 4.142498434908205296e-02
6.266646734510793182e-03 4.142481904660902381e-02
6.258986841350198949e-03 4.142465531711089777e-02
6.251396810174577809e-03 4.142449314545715300e-02
6.243876021133378668e-03 4.142433251666151339e-02
6.236423859558276606e-03 4.142417341588735397e-02
6.229039715925061005e-03 4.142401582844071339e-02
6.221722985814257326e-03 4.142385973977066177e-02
6.214473069877733680e-03 4.142370513546973082e-02
6.207289373798993010e-03 4.142355200126979220e-02
6.200171308257299008e-03 4.142340032304175912e-02
6.193118288891481110e-03 4.142325008679532961e-02
6.186129736262464471e-03 4.142310127867457337e-02
6.179205075818644879e-03 4.142295388496019387e-02
6.172343737857325860e-03 4.142280789206714137e-02
6.165545157595512735e-03 4.142266328654049118e-02
6.158808774929523319e-03 4.142252005505995399e-02
6.152134034493083811e-03 4.142237818443141040e-02
6.145520385623562398e-03 4.142223766159270487e-02
6.138967282334586648e-03 4.142209847360585340e-02
6.132474183274444837e-03 4.142196060758594756e-02
6.126040551695606864e-03 4.142182405086747982e-02
6.119665855417765962e-03 4.142168879091058520e-02
6.113349566792771264e-03 4.142155481528699695e-02
6.107091162672561441e-03 4.142142211168366173e-02
6.100890124372648771e-03 4.142129066790831149e-02
6.094745937638959901e-03 4.142116047188135197e-02
6.088658092615153658e-03 4.142103151164119174e-02
6.082626083805879602e-03 4.142090377534159845e-02
6.076649410046576494e-03 4.142077725125161564e-02
6.070727574471319193e-03 4.142065192775315485e-02
6.064860084472894000e-03 4.142052779334367413e-02
6.059046451678365072e-03 4.142040483662792066e-02
6.053286191909245176e-03 4.142028304632487667e-02
6.047578825154971763e-03 4.142016241126145193e-02
6.041923875536833397e-03 4.142004292037384378e-02
6.036320871275981451e-03 4.141992456270567058e-02
6.030769344663428067e-03 4.141980732740696558e-02
6.025268832026487928e-03 4.141969120373202584e-02
6.019818873644982443e-03 4.141957618104129268e-02
6.014419013726563304e-03 4.141946224879709121e-02
6.009068800521152193e-03 4.141934939656287396e-02
6.003767786192059502e-03 4.141923761400571891e-02
5.998515526783935320e-03 4.141912689089076449e-02
5.993311582188560679e-03 4.141901721708382555e-02
5.988155516120301225e-03 4.141890858255001945e-02
5.983046896079773427e-03 4.141880097735008842e-02
5.977985293328951302e-03 4.141869439164289068e-02
5.972970282858510241e-03 4.141858881569054907e-02
5.968001443356723418e-03 4.141848423984762634e-02
5.963078357183727168e-03 4.141838065454826051e-02
5.958200610339333195e-03 4.141827805032363002e-02
5.953367792433729086e-03 4.141817641779716591e-02
5.948579496659844174e-03 4.141807574768395506e-02
5.943835319765966921e-03 4.141797603079037937e-02
5.939134862022429559e-03 4.141787725801191616e-02
5.934477727197859723e-03 4.141777942033027238e-02
5.929863522527998795e-03 4.141768250881861652e-02
5.925291858688666244e-03 4.141758651463371688e-02
5.920762349768411703e-03 4.141749142901789138e-02
5.916274613239926733e-03 4.141739724329900063e-02
5.911828269932271895e-03 4.141730394888929606e-02
5.907422943997240466e-03 4.141721153728390725e-02
5.903058262812127185e-03 4.141712000005903782e-02
5.898733857115643839e-03 4.141702932887214583e-02
5.894449360894494366e-03 4.141693951546290137e-02
5.890204411358663725e-03 4.141685055164966850e-02
5.885998648912612805e-03 4.141676242932956081e-02
5.881831717131087711e-03 4.141667514047935039e-02
5.877703262731537662e-03 4.141658867715378167e-02
5.873612935549447217e-03 4.141650303148208118e-02
5.869560388511257248e-03 4.141641819567171146e-02
5.865545277609861968e-03 4.141633416200385387e-02
5.861567261878327870e-03 4.141625092283503229e-02
5.857626003366336181e-03 4.141616847059535061e-02
5.853721167115515100e-03 4.141608679778831237e-02
5.849852421128761207e-03 4.141600589698885004e-02
5.846019436354739710e-03 4.141592576084435900e-02
5.842221886655930840e-03 4.141584638207271296e-02
5.838459448789218298e-03 4.141576775346327011e-02
5.834731802377543866e-03 4.141568986787196732e-02
5.831038629889819316e-03 4.141561271822734314e-02
5.827379616615564750e-03 4.141553629752310617e-02
5.823754450639312755e-03 4.141546059882111191e-02
5.820162822820893270e-03 4.141538561525161949e-02
5.816604426769100486e-03 4.141531134000957931e-02
5.813078958820876163e-03 4.141523776635438331e-02
5.809586118016581147e-03 4.141516488761441683e-02
5.806125606077617435e-03 4.141509269717770503e-02
5.802697127385368636e-03 4.141502118849880315e-02
5.799300388955942395e-03 4.141495035509454303e-02
5.795935100421400685e-03 4.141488019054394287e-02
5.792600974004398148e-03 4.141481068848746477e-02
5.789297724497486849e-03 4.141474184262634861e-02
5.786025069241891930e-03 4.141467364672419410e-02
5.782782728169526612e-03 4.141460609460395625e-02
5.779570423696740386e-03 4.141453918014659230e-02
5.776387880678279449e-03 4.141447289729421888e-02
5.773234826432214681e-03 4.141440724004653851e-02
5.770110990718240254e-03 4.141434220246086040e-02
5.767016105715191618e-03 4.141427777864992166e-02
5.763949906005007978e-03 4.141421396278470446e-02
5.760912128548480865e-03 4.141415074902932841e-02
5.757902512666900757e-03 4.141408813167399283e-02
5.754920800019392921e-03 4.141402610507673165e-02
5.751966734585240576e-03 4.141396466364250656e-02
5.749040062643632001e-03 4.141390380182344982e-02
5.746140532752219351e-03 4.141384351412267378e-02
5.743267895728418337e-03 4.141378379509413205e-02
5.740421904630222186e-03 4.141372463934288317e-02
5.737602314738793688e-03 4.141366604152448005e-02
5.734808883536269414e-03 4.141360799634624668e-02
5.732041370686382850e-03 4.141355049856579318e-02
5.729299538020378446e-03 4.141349354298890645e-02
5.726583149514798479e-03 4.141343712447383141e-02
5.723891971270596984e-03 4.141338123792678849e-02
5.721225771499955856e-03 4.141332587830253570e-02
5.718584320505312041e-03 4.141327104060539555e-02
5.715967390661385802e-03 4.141321671988551500e-02
5.713374756397703383e-03 4.141316291124225168e-02
5.710806194180347711e-03 4.141310960982155093e-02
5.708261482495079545e-03 4.141305681081447476e-02
5.705740401827353453e-03 4.141300450946028971e-02
5.703242734647824205e-03 4.141295270104122794e-02
5.700768265394262277e-03 4.141290138088665057e-02
5.698316780455585720e-03 4.141285054437019580e-02
5.695888068150349592e-03 4.141280018691026465e-02
5.693481918714360032e-03 4.141275030396730783e-02
5.691098124283517842e-03 4.141270089104664986e-02
5.688736478874476324e-03 4.141265194369699032e-02
5.686396778371726260e-03 4.141260345750789190e-02
5.684078820507820068e-03 4.141255542811311807e-02
5.681782404852633861e-03 4.141250785118644195e-02
5.679507332788526208e-03 4.141246072244334636e-02
5.677253407416871234e-03 4.141241403764146789e-02
5.675020433701554942e-03 4.141236779257573275e-02
5.672808218387261070e-03 4.141232198308464341e-02
5.670616569973745136e-03 4.141227660504494257e-02
5.668445298698253018e-03 4.141223165437185605e-02
5.666294216524149843e-03 4.141218712702177118e-02
5.664163137122002825e-03 4.141214301898799022e-02
5.662051875857125952e-03 4.141209932630456059e-02
5.659960249773204194e-03 4.141205604503996052e-02
5.657888077576481503e-03 4.141201317130249748e-02
5.655835179625317774e-03 4.141197070123742163e-02
5.653801377910412998e-03 4.141192863102580168e-02
5.651786496045717312e-03 4.141188695688638455e-02
5.649790359248134733e-03 4.141184567507229936e-02
5.647812794328702091e-03 4.141180478187524855e-02
5.645853629675953028e-03 4.141176427361806245e-02
5.643912695240322838e-03 4.141172414666349083e-02
5.641989822524555442e-03 4.141168439740561258e-02
5.640084844567535768e-03 4.141164502227277777e-02
5.638197595929440517e-03 4.141160601772995303e-02
5.636327912679916022e-03 4.141156738027292061e-02
5.634475632386065289e-03 4.141152910643226825e-02
5.632640594094875247e-03 4.141149119277263285e-02
5.630822638324551807e-03 4.141145363588882161e-02
5.629021607049757361e-03 4.141141643241059989e-02
5.627237343687151866e-03 4.141137957899788946e-02
5.625469693085296749e-03 4.141134307234353024e-02
5.623718501507706663e-03 4.141130690917235735e-02
5.621983616626934077e-03 4.141127108623812031e-02
5.620264887506207230e-03 4.141123560032836104e-02
5.618562164588449329e-03 4.141120044826555879e-02
5.616875299686538078e-03 4.141116562689627079e-02
5.615204145965897731e-03 4.141113113309598248e-02
5.613548557938791844e-03 4.141109696376926719e-02
5.611908391446620431e-03 4.141106311585025790e-02
5.610283503650942763e-03 4.141102958630517306e-02
5.608673753023086378e-03 4.141099637212648787e-02
5.607078999328291707e-03 4.141096347033735442e-02
5.605499103618218071e-03 4.141093087798745909e-02
5.603933928215894950e-03 4.141089859215657532e-02
5.602383336707230516e-03 4.141086660995144109e-02
5.600847193928885914e-03 4.141083492850604342e-02
5.599325365956323020e-03 4.141080354498279797e-02
5.597817720093031801e-03 4.141077245656880901e-02
5.596324124859072477e-03 4.141074166047987309e-02
5.594844449981534532e-03 4.141071115395786317e-02
5.593378566383122238e-03 4.141068093426968078e-02
5.591926346169413115e-03 4.141065099871015648e-02
5.590487662621936374e-03 4.141062134459722044e-02
5.589062390185093113e-03 4.141059196927728003e-02
5.587650404454967343e-03 4.141056287011996712e-02
5.586251582170565638e-03 4.141053404452076786e-02
5.584865801205048108e-03 4.141050548989846231e-02
5.583492940552397046e-03 4.141047720369897545e-02
5.582132880318604537e-03 4.141044918338936121e-02
5.580785501711576363e-03 4.141042142646267354e-02
5.579450687031651743e-03 4.141039393043556560e-02
5.578128319660379669e-03 4.141036669284663130e-02
5.576818284052122848e-03 4.141033971126074215e-02
5.575520465725757047e-03 4.141031298326360022e-02
5.574234751251530562e-03 4.141028650646420145e-02
5.572961028242711529e-03 4.141026027849599445e-02
5.571699185349689859e-03 4.141023429701204406e-02
5.570449112244009113e-03 4.141020855968859798e-02
5.569210699616293503e-03 4.141018306422489248e-02
5.567983839159811391e-03 4.141015780834090415e-02
5.566768423569148222e-03 4.141013278977886264e-02
5.565564346525626177e-03 4.141010800630304245e-02
5.564371502689419852e-03 4.141008345569701515e-02
5.563189787692391849e-03 4.141005913576754210e-02
5.562019098126470135e-03 4.141003504433998089e-02
5.560859331537186187e-03 4.141001117926134539e-02
5.559710386415426392e-03 4.140998753839979230e-02
5.558572162186884921e-03 4.140996411964245616e-02
5.557444559205237597e-03 4.140994092089778783e-02
5.556327478742253967e-03 4.140991794009236254e-02
5.555220822980606876e-03 4.140989517517400936e-02
5.554124495005936107e-03 4.140987262410837644e-02
5.553038398797029845e-03 4.140985028488109593e-02
5.551962439218825068e-03 4.140982815549722196e-02
5.550896522014982931e-03 4.140980623398103633e-02
5.549840553798417175e-03 4.140978451837465379e-02
5.548794442044858305e-03 4.140976300673818861e-02
5.547758095081760030e-03 4.140974169715178066e-02
5.546731422086772709e-03 4.140972058771310443e-02
5.545714333074013014e-03 4.140969967653714695e-02
5.544706738887870967e-03 4.140967896175683921e-02
5.543708551199176202e-03 4.140965844152402764e-02
5.542719682492751321e-03 4.140963811400671241e-02
